-1.287100, 1.224059, -5.702636, -0.026326, -1.613440, -1.560215, 4.159192, 1.838201, 0.644800, 4.771081, 2.204875, 0.202206, 1.534720, -1.116490, -2.432440, 1.171327, 1
3.570477, 3.362048, 3.379653, 1.104942, -0.628305, 1.842841, 0.676425, 1.239024, 5.075946, 1.169345, -0.378233, -1.501046, 0.403267, 2.867158, 0.291965, 4.321557, 1
4.364303, 0.613459, -0.309666, 0.589952, 2.776237, 0.906355, -1.860513, -4.443521, 3.190068, 7.003959, 1.496705, -5.767266, 3.835820, 1.795936, -2.430044, -0.427941, 1
0.696414, -3.505516, 0.287245, 8.264195, -0.388607, -0.016327, 4.772420, 2.002812, -0.622028, 0.248061, -2.707458, 2.650966, 1.941405, 0.451374, 1.204037, -1.877975, 1
-2.018943, -2.175520, 4.698255, -2.901946, -3.983334, 3.491996, 0.464651, 1.672585, 3.248965, 1.655793, 1.814563, 1.218750, 4.287892, 1.180162, 6.485881, 2.446515, 1
1.003390, 1.271234, 3.817649, 1.207973, 1.799352, -2.215674, 0.658418, -1.825160, 1.565755, -2.014404, 2.891032, 2.075810, 5.134063, 6.574450, -3.033361, 0.686308, 1
2.150199, 4.706141, 1.370213, -3.699716, 3.607490, 5.266133, 2.032678, 3.168378, -3.146617, 4.662177, 2.031371, 1.704926, 2.901875, 2.772521, 0.580838, -2.001897, 1
4.056432, 2.129249, 6.402696, -3.106333, -0.423503, 1.833589, -0.433183, -2.264652, 1.950953, 3.049933, -2.911148, 3.118644, 11.562657, 1.899112, 2.594815, -1.453706, 1
-0.413473, 2.244609, -0.908574, -5.014442, 4.593123, 2.657754, 0.652906, 8.909390, 0.424781, 1.424808, -1.835169, 0.631421, 5.032702, 1.081683, 2.299235, 5.528214, 1
10.383252, -1.158054, -3.641105, -6.827541, -1.163246, 2.363549, 5.551520, 6.126105, 2.675754, 3.763429, 0.792672, 2.310765, -0.007990, 0.950848, -2.319901, -2.756662, 1
2.437476, -0.965422, 2.856164, 1.887567, 0.304691, 1.921527, 3.763667, 3.392158, -1.089905, -2.418434, 2.439954, 0.192295, 0.651347, -6.266796, -0.546544, 4.886302, 1
-4.030726, 1.662946, 1.250409, 0.343097, -3.365209, -2.529927, 2.229163, 4.775798, 2.890815, -2.845391, 1.891236, 0.498475, -0.115499, 0.916233, -1.266283, 3.943725, 1
-1.416365, 2.041495, -1.885943, 0.860725, -0.297299, 0.304291, -3.082422, 5.115006, 6.726310, 0.366295, 0.140843, -2.990512, 5.336707, 1.778298, 9.571660, 2.359252, 1
4.203544, -1.008785, 4.372449, 2.326310, -2.049996, 2.858071, 0.909444, 2.088992, 2.465392, -3.219019, 3.328958, -0.582932, 2.576163, 0.589916, 2.815392, -2.455062, 1
-6.268616, 5.451972, 2.446347, -0.647364, -1.654458, 0.668050, -1.753490, 1.509097, 4.018046, 8.104819, 2.040635, -0.960182, -3.077925, 0.055271, 1.464694, -1.767852, 1
1.133107, -2.793403, 4.688628, -1.125442, -2.707901, 4.247657, 2.088899, 0.620234, 1.805333, 1.920821, 3.996312, 1.138493, 0.922179, -4.149268, 0.365155, 1.670774, 1
4.482675, 4.956336, -0.491533, 6.388732, 0.453011, -8.384881, -4.144626, 5.947476, -1.278300, -2.293027, 4.095342, -2.743669, -1.739454, -6.670472, 1.289515, 0.714771, 1
0.279992, 1.795993, -1.263917, 1.784436, 4.283492, 1.825068, 4.931724, 1.439008, 4.080777, -0.515962, 3.462152, -3.823286, 1.220707, 0.773019, -1.956364, 0.549283, 1
0.271997, 0.103630, 3.099599, 5.972247, -2.601334, 0.497612, -1.670586, 4.228953, 1.979690, 1.034833, 0.218693, -4.543855, -2.579371, 0.242316, 4.292638, 3.102174, 1
2.101474, 0.806475, 0.925267, 1.540301, 0.433374, -0.795964, -1.080779, 2.715831, 0.826124, -4.025192, 1.868310, -0.326252, 3.576362, 7.105578, -1.461925, -7.489781, 1
4.247731, -2.173335, -7.160583, -2.413838, 0.367854, 2.087291, -4.436824, 1.534417, 1.409104, 1.049671, 5.830298, -2.385380, -0.296912, -0.698216, -0.019799, 3.123076, 1
5.096152, 3.566018, 0.197560, 3.983001, 3.295634, 4.632545, 4.858510, -3.024165, 1.548959, -4.029632, -1.728502, 8.959357, 0.267809, 3.684712, -1.189162, 2.253398, 1
1.582650, 0.072128, 4.968057, -3.037176, 2.411155, 2.744475, -2.345711, 2.623223, -3.016157, -2.985318, -1.925065, 1.743964, -2.221765, 4.025220, -1.424904, 0.557601, 1
0.400901, -2.600189, 1.871303, -2.536405, 8.110690, 1.257132, -0.292587, 0.288831, -1.620311, -3.222282, -1.905174, 3.304200, 1.679173, 3.163821, 0.153272, 2.632979, 1
0.697627, 5.660157, 4.090945, 3.936685, 2.011256, -0.068974, -0.129103, 2.096118, 3.485127, 2.473027, 3.476912, 7.201726, -0.976652, 2.721738, -4.243311, 3.871161, 1
2.088069, 3.607949, -0.912156, 4.993255, 4.113639, -3.799766, 7.540969, 7.674291, 1.434327, -2.215528, 6.638955, 4.845426, -3.415036, -3.069263, -2.132407, 4.693404, 1
-4.141257, 3.910439, -3.313517, 3.600150, -5.302546, -1.690703, 0.229016, -3.353346, 1.212857, 1.254477, 2.756997, -2.382244, 2.475450, -0.085054, -4.954625, 0.211063, 1
-0.547113, 2.958093, 2.490483, 6.233083, 0.770416, 1.733800, -2.717115, 5.916442, -1.668345, 0.553824, 0.619993, 1.469375, -3.858050, 1.877040, 1.649325, 1.353037, 1
-0.664937, 0.464421, -2.111352, 0.592098, 4.887071, 3.790015, 2.747474, -0.325514, 1.251768, -1.838118, 1.231916, -3.869318, -4.602760, -4.996572, 8.164891, -4.222130, 1
6.826818, -3.170209, 2.375533, 0.078032, 2.864028, 2.097919, -1.320331, 2.118983, -2.144281, 5.634446, 0.563137, 3.262151, -1.846087, 0.884675, 2.591147, 2.346961, 1
6.584382, -2.225955, 3.390147, 0.455130, -4.839358, 3.888579, 2.860852, -4.285264, -0.757024, 2.443778, 0.519126, 0.759416, 2.860698, 4.770005, 1.824588, -2.259679, 1
5.091372, -2.418162, 4.552487, 3.129722, 1.535108, -0.279054, 4.555434, 6.854772, 3.907372, 0.944256, -2.882792, 4.882413, -0.289486, 1.904601, -0.219194, 3.314191, 1
3.654561, 0.740019, 0.131514, -1.614831, 1.859502, -1.906796, -1.803690, -0.034632, -3.174783, 0.614841, -6.269865, -1.057070, -2.742382, 1.669089, -2.055282, -1.585517, 1
-0.318422, -0.045411, 4.800252, 3.289065, 1.022275, 1.387521, 4.836671, -3.499762, -0.846315, 6.906018, 0.894988, 2.877847, 4.341001, -3.771430, 4.661004, 2.092397, 1
-2.530094, 2.844674, 3.330588, 4.816030, 0.000328, -5.313751, -0.844018, -0.886724, 3.656228, -1.434419, -0.505011, 3.982785, -4.398663, 1.952979, 1.835013, -1.141024, 1
0.837043, -1.260590, 1.204912, 1.237466, -2.405087, 4.072413, -3.600809, 2.278703, -1.693333, 3.047072, 1.248775, 0.339863, 1.010575, -4.578507, -1.678391, -3.559833, 1
5.040078, -3.965550, -0.185776, 5.712052, 2.294440, 7.290387, -1.230398, 7.846375, -2.402009, -2.574913, -3.339468, 6.250375, -1.064889, -1.370281, -0.166984, -2.524405, 1
-0.196458, 6.408257, -2.324426, 0.041962, -0.627669, 1.997422, 1.560075, 0.786727, 8.384177, 4.646031, -0.042184, 3.658122, -2.171389, 1.550424, -1.639402, -1.723606, 1
3.971051, -7.098900, 2.718398, 7.016839, 9.832355, 2.217402, -2.194857, 0.240637, 2.876058, -4.465604, 2.181468, 3.148458, -0.996407, -4.131529, 8.430596, 6.689536, 1
-1.908689, 4.637239, 2.981048, 1.930791, 6.060735, 1.432368, 1.917403, 5.007609, -0.668943, -0.395250, 1.399015, 6.459447, -0.850801, -0.367501, 4.478578, 2.974891, 1
2.831840, 1.512654, 7.046687, -2.437646, -0.581902, 5.552875, 4.673446, 4.883657, 4.554799, -2.336740, -0.874163, -1.621655, 5.040063, 3.062213, 1.719533, -1.261634, 1
3.592578, -0.480399, -0.953895, 4.580829, -0.877763, 1.215062, -0.991427, 2.976768, -0.107308, -2.233066, 0.571879, 6.466090, -0.584810, 0.630755, 7.365891, 4.394235, 1
-4.345914, 4.564021, 1.773217, 1.819213, -5.113254, 0.728326, 0.628021, -2.404039, 4.914996, -3.125664, -1.836241, 4.403796, 0.594768, -1.954710, 3.339198, 5.178124, 1
-5.941092, 12.150741, -3.553118, -7.969198, -0.905711, -1.062922, 2.845437, -2.107932, 0.206785, 5.722669, 5.357591, 2.138749, 2.371730, 2.956813, 1.539330, 2.247918, 1
1.713624, 6.479615, -3.256236, 6.975009, 0.804749, 0.709193, 6.267499, 1.182410, 1.610948, 1.028547, -0.356461, 2.723433, 3.877673, 3.884753, 2.959891, -0.006829, 1
-2.655107, 0.628928, -6.596557, -6.399907, -0.398914, 1.012125, -1.010423, 4.858047, 0.333750, 1.924348, -0.476900, -0.245232, 6.714196, 6.035821, -2.123734, 1.262008, 1
2.648026, 3.265868, 3.128169, 2.204364, 5.674109, -3.894733, 4.009501, -0.853448, -1.471735, 1.808417, 3.919335, 1.054772, -1.449099, -0.649034, -0.625338, 0.454275, 1
1.807347, -0.185757, 1.384212, 3.233739, 0.023347, 0.948989, 2.299336, 4.130189, -0.781710, -0.350156, 3.027890, -1.636591, 0.693081, 3.350080, 1.277034, 1.029306, 1
0.716994, 2.765498, 2.014989, 4.802419, 1.083644, 0.299173, -1.729700, -2.221529, 7.435542, 0.607709, -1.989737, 3.281726, -0.655375, -0.786292, -4.177843, 3.524796, 1
1.550424, 3.991294, 0.949718, -0.673348, 0.357391, -0.964496, -3.196165, 0.198071, 5.790324, 0.771438, -1.596419, 2.588290, 2.936276, 0.221958, -4.664075, 2.376410, 1
-4.262556, 5.326184, 3.462506, -0.583053, 2.039592, 0.764156, 2.778159, -1.220616, 3.413625, 4.504180, 0.017650, 1.570762, -2.647501, -0.450303, 4.399262, -1.252643, 1
-7.561615, -1.678077, 1.205578, 6.475343, -3.018229, 1.734857, 2.356809, -1.753811, 4.159854, -0.485800, -5.682912, 1.886477, 4.985066, 2.184300, 2.828977, 8.148316, 1
1.191305, 1.851888, -2.402516, -0.406043, 0.239367, 2.458438, 1.462577, -1.643082, -1.501420, 1.687037, -5.143667, 1.538018, 1.115417, 2.901822, 2.313687, -2.593987, 1
3.570182, 4.458301, 0.270581, -0.157993, -0.137621, 0.819880, 2.590343, -0.700979, -3.716193, -2.270579, -4.722879, 2.963601, 2.758225, 6.345231, -0.365068, -2.759956, 1
2.506686, 6.355393, 5.276538, 0.523790, 2.095363, 0.115631, 6.186286, 5.787917, -2.175097, -3.297464, -1.705811, -4.630256, 2.775474, 1.192495, 1.169947, 1.146510, 1
2.601682, 3.418668, 2.733823, 1.202647, -4.160379, -1.748350, 1.795674, 1.713941, -2.219192, 3.233562, -2.023541, 1.374741, 1.995631, -1.092049, 6.424195, 1.046045, 1
-1.307660, -2.552382, 1.627797, -5.147126, -0.716560, 4.307424, -3.466808, 6.780005, 4.178443, 0.366307, 0.126171, -4.206519, -0.673462, -2.293037, 1.970366, 2.168204, 1
-3.086333, 5.874158, 4.006791, -1.601895, 2.348134, -1.043512, 2.457295, -1.818909, 0.985126, 3.647159, -3.507235, -1.543437, -2.800180, 8.544625, 2.702996, 1.693864, 1
-0.841331, 0.386302, 3.679372, 0.312465, -0.977276, -0.993799, 1.658338, -2.010253, 2.425710, -1.508223, -0.904467, 2.811133, -2.896072, 3.385535, -1.481929, -4.414578, 1
0.615003, 0.485578, -1.718829, 2.939801, -0.608129, 4.846375, 4.500770, 8.068784, 3.514827, -0.257068, 0.605571, 1.990443, 0.816188, 1.119991, -2.365450, 2.491635, 1
-1.003640, 3.465234, 0.460097, -4.495280, 1.454495, 2.612733, 3.640233, 1.604421, -0.694472, -1.254593, 4.764977, 1.608741, 2.727738, 3.714707, -1.987507, 2.821506, 1
-0.989754, 6.395585, 1.286939, -0.506326, 4.796983, 2.775903, 2.425313, 4.321515, -2.126692, 3.275502, 4.361674, 2.571469, -1.187367, 2.947154, 4.667640, 2.951789, 1
0.162843, 8.514020, 6.135671, -3.218638, -0.414251, 5.074145, 1.358403, 2.780545, 3.649777, 3.940562, -0.285184, 2.183145, 3.190597, 2.908319, -6.229895, 5.239133, 1
-4.234358, 1.915671, -0.614482, 3.104228, -4.965340, 0.981006, 1.376418, 2.361405, -2.827800, -0.647715, 2.071319, 2.454799, 0.527113, -0.060228, 1.744630, -1.617110, 1
1.928203, 1.774854, 2.445014, 1.313164, 6.560029, -2.519224, 2.901286, 5.137824, -0.484047, -1.820720, -1.669631, -2.096063, -2.412785, -3.249570, 5.795798, 7.831845, 1
-2.525487, 1.597745, -1.784686, 0.192482, -0.480962, 4.565366, 2.717427, 5.497159, 1.199220, 0.463247, -0.521132, -0.937134, 1.181764, 2.431094, 3.184791, 3.788457, 1
2.618569, 2.649116, -5.107598, -1.582000, 2.435876, 6.172671, -2.109071, -0.675724, 0.150544, -0.110666, 1.049448, -4.502559, 6.074843, 4.355144, -2.212064, -1.238564, 1
-1.971256, -1.206676, 3.946576, 0.276269, 2.069430, -2.598783, 4.581893, 6.781938, -4.704527, 1.476682, 2.989209, -1.105835, -3.503193, -2.131522, 1.956594, 0.007121, 1
1.947696, 1.284367, -4.747676, 0.741005, -1.813447, -2.911734, 2.957438, 8.975570, -2.170496, 2.258679, 1.719851, 2.736434, 1.163243, 0.938379, -0.584523, 5.744941, 1
-1.324503, 7.808486, 1.496579, -2.213860, -0.600653, 0.041733, -1.051739, 1.075714, 4.930638, 2.423198, -3.063190, -2.886891, -0.357565, 3.910546, 5.280959, 2.943532, 1
0.435459, 1.832908, 3.448194, -1.556502, 2.396249, 4.141801, -2.181068, 0.211390, -4.374582, 0.931519, 2.222287, 3.057067, 0.470187, 3.355250, 0.626962, -0.213685, 1
7.730136, 3.609387, 0.768512, 9.808532, 1.351477, 2.199094, -0.270039, 3.131537, 0.104376, 1.836799, 2.301675, 2.373622, -1.506222, -0.250491, -5.863393, 2.745522, 1
0.321947, 0.200495, 2.189572, -0.601769, 0.979491, 1.478801, 7.476104, 1.447885, 0.998990, 1.752694, 6.025977, 2.521407, 0.347183, -4.841940, 3.387334, -1.161188, 1
3.574731, 4.909091, 3.141242, -2.652225, 4.737231, 1.198270, 0.169878, 2.275107, 2.077970, 1.943696, 7.953084, -2.249257, 2.571149, 4.097880, 3.012710, 0.906453, 1
-2.485045, 0.462605, 3.051250, 1.351785, 6.479630, 3.858665, 0.149639, 0.665402, 1.167353, 2.524280, -2.562944, 7.409406, -8.783440, 1.578942, 1.638511, 3.535550, 1
0.551361, 0.608331, 4.156186, 3.578914, 8.000272, -1.949020, -2.436698, 1.134989, -3.046875, 1.359591, 1.459594, 1.987138, 2.237176, 2.331037, 0.706160, 1.335956, 1
-1.782310, -1.892657, 2.816428, 1.519069, 0.524935, 3.043187, 1.697684, -5.456109, 0.738855, -0.477703, 1.591395, -1.274965, 2.253528, 4.421205, 5.991490, -4.593545, 1
6.134852, -2.272497, -1.925053, 3.805461, -1.796142, 7.440715, 3.874421, 1.002609, 3.190827, 0.833786, -4.592942, -3.417242, 0.992575, 3.344022, 5.036923, 4.341619, 1
1.526570, 1.679475, 1.526040, 5.261485, 3.040135, -0.874369, -4.450366, 0.707004, 0.936223, 0.186073, 2.639735, 2.586595, 0.367176, 0.192514, 2.554826, 0.030270, 1
1.186707, 6.249393, 4.161981, 3.427241, -3.646002, 4.691686, 0.409271, -1.950650, -0.372169, 2.914992, -3.220750, -0.313433, -2.497498, 0.596277, -0.715364, 6.359145, 1
2.679519, 2.326636, -2.867822, 1.212120, -1.970525, -0.362878, 2.074281, 5.389235, -1.236944, 3.688096, 2.424148, -0.542287, -1.589035, -1.671504, 1.254951, 5.139937, 1
0.914835, 1.464877, -4.417451, 3.185355, 1.001829, -4.056411, -0.031920, 0.469619, -0.063396, 2.882407, 2.137822, 2.551127, 2.368917, 0.211526, -1.473214, 6.626744, 1
4.220164, 2.081153, 0.157015, -2.649138, 4.320638, -1.030007, -0.141784, 2.426391, -1.824458, 2.818374, -5.199417, 0.044383, -0.597960, 0.340716, -1.629422, 2.427737, 1
-0.828148, -0.274680, 2.618466, -2.665939, -1.568144, 6.497920, 0.475712, 0.445807, 0.894924, -0.930469, -0.113398, 2.442597, 0.812311, 0.974204, -1.948093, -1.360911, 1
0.662886, 4.078187, 1.830161, 4.576056, -4.348490, 2.726859, 3.524484, 2.443776, 1.184127, -1.590440, 4.858039, -1.301398, 2.042901, -0.172210, 1.736920, 4.853507, 1
0.883480, 2.143666, 5.023778, -5.500108, -1.652874, -3.285316, 2.985852, 3.742164, -1.281669, -1.734279, 10.107610, 1.304668, 2.476403, 1.024812, 2.495313, -3.209442, 1
2.938294, 4.089158, 1.614179, 3.714965, 2.169888, 1.777982, 0.142802, 1.589295, 1.014420, 2.239095, -1.483654, 4.183524, -1.837790, 2.758006, -1.824427, 3.778510, 1
3.862483, 6.966575, 0.092155, -5.102991, 7.283946, -0.539420, 5.723498, 4.368800, 8.933511, -2.558750, 4.177476, 1.397596, 0.285458, -5.028833, -2.043556, 4.631740, 1
0.722856, -0.473218, -2.979012, 5.050319, -0.385873, 1.390753, 3.801656, -4.539815, -0.187624, 1.146272, -3.706507, 3.011899, 2.883199, -4.017393, 1.741494, -0.250736, 1
2.088643, 5.953498, -1.013334, 2.705033, 5.786281, 0.957282, 3.624619, 2.907104, 2.934339, 0.527756, 0.918205, -4.020885, -1.963264, 4.756253, 4.617620, 1.688884, 1
1.855386, 2.867362, 0.455496, 0.170964, 1.739890, 1.848777, 0.793681, 0.763548, -1.056955, 0.419621, -0.649472, -4.126192, 5.912183, 0.145761, -1.117150, 4.659539, 1
5.826135, 1.190078, -2.918603, -0.524396, 2.907376, 8.013669, -1.800852, 5.853070, 2.385448, 0.826867, -2.096070, 1.552339, 6.408774, 1.976293, -0.121714, 0.914418, 1
1.063276, 4.227099, -1.939099, -0.965289, -2.866038, -0.490744, 2.936866, 5.182153, -0.330555, 0.027844, -1.438537, 0.774240, -3.619053, 1.344177, -0.561582, 4.079989, 1
0.760713, 2.144710, -0.695266, 1.526437, -5.184724, -6.304065, 4.209155, -0.089757, -0.150710, -0.384886, 1.731294, 3.742944, -1.763678, -2.869400, 2.708234, 6.972325, 1
-3.006267, 1.167746, 2.307807, 2.716491, 7.578584, -5.277555, 0.494194, 2.613738, 0.421479, 1.886765, -0.535466, -1.467929, -1.890563, 2.354600, 1.309615, 2.332849, 1
0.374295, 3.479497, 0.400755, 3.191819, -2.081934, 1.209007, 0.402898, -1.456285, -2.040436, -4.414360, 6.429980, 4.936975, 0.824587, 4.141988, 1.539191, 2.863393, 1
6.265220, 4.942117, -1.457679, 2.783109, 6.310643, 0.969956, -0.128239, 1.053054, -1.247709, -1.300407, 0.513115, 3.672437, -1.406087, 3.294467, -1.390806, 3.598847, 1
4.495318, -3.945041, -0.605737, 2.161080, -0.701219, 1.693143, 4.471496, -0.654037, 1.552005, 2.037286, -3.788933, -1.196554, 4.724517, -1.161728, 0.460035, 2.124253, 1
5.915160, -6.311332, 4.178926, 1.899552, 4.363404, 3.056243, 4.258088, -3.197021, 4.752423, 5.849206, 7.204745, -0.835196, 4.277783, -0.091257, -0.937087, 0.827627, 1
-0.023560, 0.550552, 1.195146, 5.229095, -3.646033, 0.177011, -0.084209, -3.655244, -2.266912, -1.069626, -1.882549, -2.411482, -2.008848, -0.077761, -2.896220, -2.325508, 1
-2.256145, 6.422757, 1.501349, 0.939775, 7.038852, -3.603015, 1.958236, 2.388656, 1.356324, -0.456782, 8.417150, 5.781924, -0.317156, 0.572519, 3.669555, 0.938581, 1
1.976310, 4.210176, -0.200562, 0.453241, 3.796132, 3.872827, 0.723813, 2.267812, 2.065061, -1.532028, 1.052468, 3.983882, -2.312893, 5.231015, 0.739149, -0.111402, 1
-0.634465, 1.237830, 4.763917, 1.467868, -4.250318, 4.803960, 3.519635, 2.350316, 4.051116, 3.221345, 0.434705, -3.734262, -0.649475, 4.286145, 5.044084, 6.695497, 1
2.929244, 0.209144, 2.941461, 0.243236, 2.526038, 4.805003, -0.252505, 0.907454, 6.714963, 1.028750, -3.671341, 0.244524, -6.140777, 3.623794, 4.855102, -0.432954, 1
-2.936269, -3.239277, 1.338831, -1.798390, -5.600977, -1.211705, 9.458220, 1.684426, -2.389706, 5.571853, 1.206055, 3.845368, -1.353145, 5.544065, -0.024541, -5.067920, 1
1.764937, -0.855287, 3.920579, 5.948129, 3.909743, 1.400994, -1.090487, 0.193397, -0.191546, -0.323000, 3.188527, 1.748904, -1.864043, -0.908990, 0.613777, 1.151285, 1
2.722781, -1.894166, -2.446287, 0.158265, 3.436776, -3.218829, -3.924110, -0.782986, -2.490229, 1.136971, 1.796506, 0.463662, 2.980714, -3.162134, 5.756515, -5.929601, 1
0.351323, 3.843686, -0.001568, 3.602815, -3.281853, 1.226801, 0.868706, -0.950482, 2.475858, -2.707211, 2.607938, -2.722320, 0.274242, -6.356336, 1.903468, -1.507434, 1
0.523587, 0.791989, 0.456195, 1.248475, -3.567484, 4.260159, 1.084081, -1.884031, -2.511439, 2.679965, 2.581008, 2.104199, -2.045339, -3.236435, -3.816876, 7.029889, 1
-0.181837, 2.844455, 1.200771, -1.640732, 1.889211, -5.218937, -1.168787, 3.710044, 1.639710, 3.315669, 1.264587, 3.574653, 4.302012, -1.241778, -2.456830, -2.133058, 1
2.072415, 1.878247, 3.716624, 5.355958, -1.878350, 3.351003, -4.896360, 5.059594, 3.001952, 3.045281, 1.897588, -1.159603, 2.717917, -0.235370, 0.947965, 0.343226, 1
0.081953, 1.403396, 1.605210, 1.658507, -1.657152, -3.564634, 0.096203, 0.415541, 2.952744, -0.463704, 4.487956, -2.413695, 2.874623, 1.739011, 0.042686, 5.435550, 1
-0.610921, -2.373022, 5.738036, 1.840642, 2.637881, 9.723981, 2.876773, -0.373485, -0.612388, -5.162612, 0.354444, 2.273938, -2.266622, 2.391685, -5.683856, -4.388952, 1
-0.796114, 1.648406, 3.310727, -3.080417, -3.261617, -2.660780, 1.803924, 3.618899, -1.262243, 1.001296, -3.405700, 1.109586, 1.297645, 0.228821, -4.739029, 1.295012, 1
6.289445, -3.726271, 0.685659, 0.676529, -6.765203, 1.481956, -5.481320, 0.135069, 1.568196, -2.344654, -3.557178, 1.036642, 1.565261, -0.901027, 5.043986, -1.944907, 1
5.940043, -0.237801, -0.940261, -5.413785, 1.209003, -0.368105, 0.918805, 4.922757, 1.573745, 2.116944, 4.750279, -1.537379, 2.030797, 3.692986, 4.682675, -5.213793, 1
4.397843, 2.351062, 3.665797, -3.129732, 1.942286, -0.396785, 3.893723, 0.707234, 6.533677, -0.198297, 1.783580, 2.205350, 4.789495, -3.560637, -2.208323, 4.530240, 1
7.788543, -3.650548, 0.105359, -0.993123, 3.290750, -7.996143, 5.076436, 1.920728, -0.035937, 3.088967, 3.452270, 0.303831, 0.850959, 8.204688, 5.100759, 0.644472, 1
-1.422870, 5.574519, 2.482062, 5.245790, 7.187024, 6.468804, -3.371256, 0.303362, 1.404073, -0.436970, -4.013695, 5.170251, 1.840781, 1.498258, -1.001145, 5.003020, 1
-1.930183, -0.759421, 3.166032, 6.155677, -0.839038, -1.670781, -1.141203, 3.150573, 0.397162, -1.513209, 1.219102, 0.890710, 5.383870, -0.430317, -1.887461, -3.033043, 1
-1.356634, 5.511710, 4.148730, 1.808694, 3.210429, 0.519947, -1.717151, 1.255527, -0.816476, 2.326787, 5.077855, 2.876428, 4.136849, -1.135563, 1.882047, -0.053702, 1
-4.324929, 5.743773, 0.192959, 6.053384, 4.595557, 3.621671, -0.055847, 2.466758, 4.589995, 2.411384, -2.685670, -3.940071, -0.300044, -0.368246, -3.699506, 3.602305, 1
-0.596401, 4.456275, 1.170976, 4.185565, 0.083984, 7.399461, -1.881190, 2.765635, -0.264560, 1.751199, 2.144921, 1.398379, 4.760333, 2.318843, 4.460492, -1.544209, 1
4.324237, 0.276117, 5.135526, 0.678144, -0.079896, 1.680648, 0.000525, 1.758315, 1.556754, 4.113633, 4.307174, 0.493422, -1.197540, 1.273670, 3.443391, -4.517213, 1
-0.809774, 1.290037, -3.180666, 2.057509, -1.545351, -2.635132, -0.739182, 2.513633, 0.271565, 5.294238, 7.698102, 3.882964, -2.153014, 2.138480, -0.016745, -1.339222, 1
-1.183611, -3.420447, 3.050097, 1.911700, -7.682239, 0.091910, -1.374654, -3.227359, -2.865441, -6.962232, 1.831704, 1.774072, -1.685846, 1.228946, 9.633517, 0.854527, 0
-4.679507, -4.003866, -0.530406, 2.384900, -0.300731, -0.771234, 1.446609, 0.786349, -5.692937, -1.828365, 0.008393, -0.762818, 4.734851, 3.271941, -3.941862, -3.488748, 0
4.756701, -7.640930, -6.443505, -7.600331, -4.710907, -3.062652, -0.665240, 0.244658, -3.751923, -6.802626, -0.023484, -0.045766, -0.112895, -2.423444, 1.227298, 0.494258, 0
1.583581, 5.457570, -0.467765, 0.785174, -2.358410, -0.464364, -3.232699, -5.587887, 0.443902, -2.446920, -1.732917, 2.951087, 0.537826, -7.819318, 2.082591, -2.764805, 0
-0.088801, -3.544310, -3.902041, 1.323703, -0.627562, -3.904983, 1.722270, -2.331225, -4.041114, -3.696935, -1.346436, -4.399751, -1.776790, -2.261332, -2.644776, -8.218867, 0
3.740603, 4.820840, 4.727746, -2.747017, 1.978602, -1.587804, -0.351350, -1.262270, -1.762094, -0.399968, -0.195392, -3.547922, -1.139905, -2.598017, -3.336662, -5.218275, 0
-1.311913, 6.210555, 0.249009, -3.121828, 0.036450, -5.992179, 2.190543, 3.068067, 2.559859, -3.017516, 0.719392, 1.901677, -3.359148, -0.811668, -11.403119, -0.758987, 0
3.421533, -4.297581, 0.254172, 2.510882, -4.755882, 1.554208, -0.383191, -8.230604, -0.678246, 1.653371, -2.227956, -0.559249, -3.176339, 1.609771, 3.061597, -2.146317, 0
-4.511524, -5.514960, 2.297555, -8.647687, -4.346480, -1.081768, -4.672725, -3.637913, -5.449181, -2.754725, -1.057100, -1.334590, -2.789915, -3.111753, -4.384614, -2.963452, 0
1.047103, -3.285780, -4.980405, -5.019580, -3.233500, -3.934776, 1.669360, 0.025233, 1.861068, 2.050172, 0.227468, -0.757868, 1.458304, -4.537853, 2.534028, 0.619222, 0
0.101958, 1.355012, -4.478121, -0.159183, -1.320108, 3.014150, 0.756963, -2.937892, -0.015626, -0.532065, 2.812877, -1.570161, -3.631800, 1.537368, 0.693328, -2.237196, 0
2.090611, 0.276437, 0.658412, 6.686433, -8.941189, -5.297097, -0.055625, -3.363615, 0.276349, -7.632118, 0.993028, 4.120130, -3.961159, -1.240739, 1.458501, 3.634091, 0
2.099212, 1.158772, 1.099532, -0.571094, 0.241302, 0.828628, -2.268863, -1.069606, -1.179008, -1.021442, 0.164191, 3.407359, 0.316503, 7.910771, -0.956495, 1.879493, 0
-4.566064, 2.552312, 0.444516, 3.114219, 0.753205, -3.752649, -5.086036, -5.045506, 4.386571, 0.344253, -2.279121, -3.290207, -2.050351, 2.087823, 0.451402, 2.054303, 0
1.201772, 0.464976, 2.095454, -2.884399, -2.728585, -3.262518, -3.168693, -3.441068, -0.700018, 1.793727, -1.725754, -4.210549, 0.185616, -3.119425, -0.842745, -2.315721, 0
-0.319140, -1.455045, -7.263407, 2.148555, -1.846075, 3.047799, -1.623762, -2.687637, -2.824164, 3.083045, -2.670147, -4.912783, -5.293427, -0.288407, -2.713412, -0.324315, 0
-0.605684, -1.299494, 2.741179, 2.704299, -1.188559, 0.319673, -2.301022, 4.720136, -5.476645, 0.518201, -2.406301, -0.678330, -0.487208, 1.361108, 0.754827, 5.813447, 0
-3.374705, -6.579429, 0.593030, 1.841277, -3.806921, -0.892055, 4.910354, -0.100661, -3.112667, -3.102263, 1.084889, -2.351439, 3.466315, 1.208060, -3.505886, -1.055958, 0
0.137742, -5.301762, -1.959076, -3.181587, -2.903454, 1.587136, 0.016437, -1.872529, 1.651685, -0.175961, -0.500487, -2.174783, -4.016022, 1.443332, -3.740293, -5.317590, 0
3.170438, -2.088511, -0.414332, -2.269742, 0.628163, 2.111892, -2.202802, 2.588256, -0.722531, 2.416389, -1.420838, 2.749434, 1.632016, 1.139609, -2.394425, 4.561587, 0
-1.379353, -1.205416, -3.561226, -1.850390, 1.167430, -2.429784, -6.839547, -0.629886, -3.551566, -0.669521, 1.973807, -7.603335, 1.671546, -1.445664, -4.310710, -4.133053, 0
-2.645505, -3.890391, -2.954636, -3.442784, 3.853095, -0.464026, -0.530181, 3.464679, 5.189258, -6.544405, -5.880769, -0.494693, -0.614677, -1.789880, 4.996114, 3.306050, 0
-3.914010, -3.720753, -1.428808, -0.780320, -2.453560, -0.555182, -0.167876, 0.007403, -1.180099, -2.397380, -4.875619, -2.057315, -3.202717, 0.999074, -5.186530, -4.032038, 0
-5.024446, -0.249467, -3.114849, -4.561291, -7.089797, 1.116691, 0.905135, 2.378877, 0.942275, 0.998237, 1.780143, 7.201442, 2.539674, -2.756531, 2.399671, -0.508037, 0
-3.851786, -1.245049, -0.589662, -4.328825, -1.557802, -1.281346, -4.579577, -3.532516, 0.979621, -3.123944, -1.116446, -1.793243, -3.770602, -2.644698, -8.058852, -2.250183, 0
3.630525, -2.369327, -3.734388, -1.689128, -0.699854, -1.184157, -0.258702, -1.690612, 0.598533, -0.260314, -2.874950, -1.443808, -8.084834, -0.084994, 2.456456, -1.159207, 0
-1.514376, 0.021304, -3.051283, 0.576087, -1.925204, 3.726178, -3.070550, 0.985211, -1.442052, -7.601901, 3.273307, 2.055814, 0.829204, 0.311133, 1.625791, -1.165943, 0
0.434405, -1.703769, -4.221803, 3.745593, -0.432384, 0.797204, -0.605195, 3.072806, -3.890809, -2.857035, -0.724615, 0.681588, -2.727138, -3.168226, -4.369560, -3.678138, 0
-1.498974, -4.807573, -8.332036, -3.711482, 0.850022, -5.030082, -0.568843, 2.047029, -1.436834, -6.610257, -1.495476, -2.303935, -2.130652, 1.540864, -8.007994, -1.680961, 0
0.345780, 2.761359, 1.198964, 0.486733, 0.484752, -6.519586, -0.681179, -6.284329, -2.741484, 3.722184, -0.377173, 3.596040, -0.787675, 1.304414, -3.399058, 2.917209, 0
-1.836628, 4.705138, 3.690137, -4.667007, -1.448119, 1.864415, -4.052367, -2.261005, -2.358414, 3.628980, -3.254126, 2.275121, -2.377948, -1.005204, -2.330038, -3.053183, 0
-0.733657, 1.193643, -0.296739, -4.090238, 2.273280, -6.270527, -1.198511, 3.338492, -2.700120, 0.304811, 3.062087, 0.028926, 2.193309, 2.306315, -5.808979, -6.096865, 0
-3.078842, -2.984540, -2.907096, -3.539974, 0.120111, -0.740806, 5.800048, -0.683318, -3.077810, 1.662074, 0.030440, -1.958724, -2.268526, 1.410766, -0.104888, 0.260533, 0
-5.426166, 1.976335, 4.132531, 2.211329, -2.261635, -0.800189, 0.637898, -0.114646, -4.943072, 3.980388, 2.715123, 8.004596, 2.842153, 3.117391, -0.477593, -0.513316, 0
3.591979, -1.667465, -2.120087, -2.629072, 1.580932, 0.350307, -2.856969, -1.899067, -1.889441, -3.289947, -1.478551, 6.293283, 1.320251, 1.124656, -0.787716, -2.397144, 0
-1.808462, 1.467101, -3.351351, 2.290067, -1.673277, -2.677866, -2.940864, 3.096503, -0.002936, 4.705022, -1.388304, 1.661639, -0.974884, -0.310103, -3.190543, 1.156465, 0
0.121181, -4.867171, -0.344186, 4.936494, -4.239066, 2.424939, 2.074763, -0.424970, -3.313530, 1.191569, 0.115237, -0.875731, -3.266933, -5.494531, -6.015890, -4.436536, 0
-1.614467, 0.619290, 2.730313, -1.869134, -0.661028, 0.308751, 0.615209, -2.214493, -4.245158, -6.392152, 0.589229, -1.222184, -5.097815, -2.045617, -1.280625, 1.042367, 0
-0.750738, 2.744342, 0.994706, -3.054066, -3.859779, -2.391499, -2.834535, -2.640032, -5.790553, 0.566335, -5.495448, -7.228837, 2.509439, 0.889636, 1.517713, -1.432403, 0
-7.990010, 1.995780, -1.586068, -1.227966, 2.592956, -3.355593, -0.773450, -2.313139, -1.422815, -5.769975, -6.928915, -5.418806, 1.850621, -3.047295, -3.598389, -4.254946, 0
-0.498698, -1.841590, -4.489552, -0.430909, 1.200578, 1.662234, 0.280797, 5.310271, -2.222092, 0.756312, -7.037549, 1.752049, -1.456970, -1.081009, -2.921210, 0.912974, 0
-3.134334, 1.534812, -4.500879, -2.063968, 0.100078, -4.714999, -3.692044, 0.748878, -0.824349, 0.168450, 0.810077, 0.882419, 1.881919, -1.273598, 0.670173, -3.569373, 0
3.766553, -0.439462, -1.133901, 1.158813, -0.573421, -0.375316, -3.894595, 1.411323, 3.714236, -0.508937, 0.930329, 4.096919, -2.523869, 1.149262, -0.397540, 1.928819, 0
-3.941152, -1.496945, -1.983960, -1.957869, -3.054277, -9.008400, -4.484959, 1.910907, -2.920307, 0.488801, 0.674462, 0.708480, -3.795049, -1.170625, 2.531512, -4.134114, 0
-1.078502, -2.166064, -3.288414, -3.024130, 0.502456, -5.460593, 1.372403, 0.252667, 0.701835, 1.409482, -5.634179, -4.653932, -2.080873, -6.462855, 3.797868, 3.398908, 0
-2.138144, -2.091214, 1.620610, -6.610803, 0.092895, 1.454139, -0.860047, -0.869148, -1.222775, -3.839365, -7.770288, -5.505174, -1.710083, -2.806622, -0.166615, 2.362453, 0
2.708335, -1.004989, 1.104871, -4.072626, -5.040730, 0.587617, -4.033962, -5.784360, -2.914986, -3.039055, -1.812427, -2.681666, 1.883677, -3.958043, -0.407508, 3.109702, 0
-5.410317, 0.594775, -3.568233, 2.234542, -3.456375, 1.761090, -6.974396, -2.986488, -0.240838, 0.462241, -1.156938, -6.436152, -5.304463, -4.270008, -6.433439, -4.873318, 0
3.647752, 0.239009, 5.199634, 3.588283, 0.252892, -2.052042, 0.340226, 1.418422, -2.306767, -0.165175, -0.973530, 2.177789, 1.679036, -0.853109, -5.096340, -2.154060, 0
1.381219, -1.794731, -1.301470, 2.604039, 1.279365, 2.471742, 2.091292, -0.127643, 1.057080, -3.831258, -1.601010, 1.606370, 0.113282, -0.430369, 0.090714, -1.301353, 0
0.248013, 4.249969, -0.007770, -1.529160, 3.446698, -3.346313, -3.552561, -3.851745, -3.587845, -3.199574, -1.708961, 1.460500, -4.647009, -0.584851, -3.098653, -2.721658, 0
-2.664387, 2.570083, 0.038682, 0.334291, 3.173102, -6.009871, 1.656480, -3.530835, -6.482976, -0.254140, -1.417248, 3.145034, -2.519278, 4.677178, -2.993903, -0.159694, 0
-7.342746, 0.163060, -1.761575, 3.175653, -0.224402, -0.820829, 2.104795, 3.740266, 1.364402, -0.308679, 5.945329, -4.435359, -2.805499, -4.447580, -2.017993, 2.715240, 0
-2.567768, -0.260303, -1.874533, 1.356496, -0.038199, 4.742587, -6.281856, 0.659308, -5.382342, -4.382035, 0.648799, -4.522849, 0.832236, -0.443370, -2.530341, -6.837174, 0
-3.512210, 0.828944, -0.571080, -3.440003, 1.596156, -0.225581, -5.643528, -1.311486, 2.283084, -5.081831, 1.099809, 4.138274, -0.589335, 6.433770, 3.433606, -7.160014, 0
-0.228786, 5.532708, -2.363221, 1.814698, 0.638061, 0.459895, -2.767299, -5.915710, -0.322154, -1.527657, 5.650224, -3.436888, 3.752290, -1.196829, -2.816251, -4.946101, 0
-1.014046, -0.005780, -2.724484, -2.476278, 2.375609, 3.959155, -3.616214, -2.950310, -8.267095, -3.119249, -1.639481, 0.998433, 1.493777, 2.670529, 0.104136, 0.949412, 0
4.003804, -1.743808, -7.319299, -0.146272, 0.063342, -3.222953, -4.715403, -7.408349, 1.949025, 4.704251, 3.829045, -1.246788, -4.213155, -1.363311, -2.483796, -0.744711, 0
-1.330916, -0.048715, -1.367938, -1.417677, -3.385223, 2.953553, -0.777010, 2.382138, -2.810342, -3.043041, -6.094626, -6.399262, -0.875510, 2.821052, 0.504004, -1.104916, 0
4.518121, -7.009600, -4.992056, -3.213448, 1.715350, -0.175557, -5.056390, 0.396317, -3.690047, -1.060020, -1.230582, -0.411822, -6.787697, -1.534733, 1.109241, -3.298187, 0
-0.295238, 1.735728, 0.060260, 5.595963, 0.641948, -2.512403, -6.780020, -2.177741, -0.245305, 1.698052, 2.736308, -2.726765, -5.548187, -2.746124, -3.392345, -9.302671, 0
-4.386543, 4.239303, -0.328729, -4.465786, 1.298842, -4.916598, -2.185633, 1.581931, -3.888498, -2.838082, -5.282865, -4.566436, -2.874636, 0.055596, -2.349530, 6.545300, 0
5.524850, -0.570392, 2.486190, -5.372907, -1.489026, 1.577754, -3.937014, -5.431716, 0.274751, -2.042351, 0.444495, -2.013412, 0.708610, -2.789742, -4.618755, -3.330194, 0
-4.263213, -2.983892, -5.570353, -1.296484, -3.196650, -3.113841, -1.938208, 2.704207, 2.332675, 2.130179, 2.789357, -0.777690, -0.093146, 1.544375, -0.987530, 5.363969, 0
0.923142, -0.334712, -0.561215, -0.561202, -5.313659, -1.949286, -2.073287, -0.761134, -1.654907, -1.185388, -3.066027, -3.013426, 8.387826, 2.742061, -6.424115, -2.167784, 0
-2.511700, 2.700183, -3.182667, 0.528831, -0.151999, -0.705846, -2.172585, -0.588449, 0.725667, 2.123282, 5.245587, -1.002443, -1.610370, -0.685382, -0.121316, -2.733025, 0
2.826552, 2.431783, -4.611938, -8.803795, -4.039339, 3.721349, 0.696607, -5.345513, -1.450905, -3.191522, -3.098084, -1.399981, -1.220716, -1.536692, -1.493846, 0.065707, 0
-0.305747, 8.098184, 5.510682, -7.547972, -0.318065, 1.580464, -2.255288, 0.583837, -1.285913, -5.235815, -3.888550, -3.386879, -0.734686, 0.616548, -1.013968, -3.083429, 0
1.553193, 0.933467, -3.560746, -0.968051, -4.529199, -0.303321, -3.202985, 0.912761, 1.292211, -1.684114, 2.416772, 5.139598, -3.282174, 1.959136, -1.785100, -4.149387, 0
-0.141942, 1.237473, -4.748763, 0.363914, -2.748627, -2.062760, -1.833454, 0.573787, -3.687684, 4.724467, -1.977026, -2.424573, 0.937215, -4.565729, -4.578344, -5.329921, 0
-0.198253, -4.037733, -0.964670, 3.331944, -0.456298, 3.347692, 2.359126, -5.390517, -5.177458, 2.718743, 4.809064, 0.944274, -1.901204, 1.122424, -5.195793, 0.021758, 0
-2.320644, -3.507499, 0.054072, -4.493843, -1.201556, 3.345616, -5.376534, -4.747973, -0.475856, -0.811315, 3.152026, -2.312222, -4.957730, -6.717415, 1.113683, -3.558438, 0
2.055539, -2.254003, 3.200835, -3.469611, -4.814605, -2.532711, -1.486962, -8.365923, -0.117801, -0.520446, -1.773323, -1.773762, -1.908961, 4.240262, -4.378960, -4.463286, 0
-0.228950, -4.226204, -0.487100, -6.327237, 1.805366, -3.783292, -0.819436, 0.313693, 4.529212, -3.384790, 3.536445, -0.502820, -2.306675, 3.106147, -0.548133, -5.538774, 0
1.959348, 4.626607, 0.150952, -4.014789, -2.368204, -4.065911, 1.404103, -1.790404, 0.400413, -5.920820, -0.050941, -0.483607, -1.507978, -4.098033, -0.722943, -1.885015, 0
-1.066792, -1.490529, 0.714036, 0.553346, 1.241027, 1.087470, 1.503274, -0.406234, 0.060290, 1.911302, -0.237960, 1.478936, 2.709384, -1.061161, 4.655297, -2.755232, 0
3.632216, -1.832951, 1.412580, 3.870284, -0.188865, 1.825030, -0.308047, 0.417148, -1.535262, 0.979012, -4.211503, -4.303654, 4.514039, -4.064665, 3.042930, -5.175541, 0
0.816737, -4.067454, 2.335340, -2.241229, -0.994319, 0.348821, -3.097871, 2.989602, -3.063452, -3.502695, -4.508079, 2.983491, -1.315006, -2.346820, -4.720338, -4.842869, 0
-3.216218, -0.082416, -0.209617, 0.563661, 6.205205, -5.416449, -2.777903, -3.699670, -3.027614, 0.273049, 1.785426, -4.975265, 0.230243, -0.591361, -4.573010, 1.849107, 0
-3.742370, -3.529325, -1.925321, 0.132363, -2.620841, -4.765171, -0.375495, 4.774684, -5.587131, -4.081074, -4.700928, -0.990557, 4.302600, -0.388886, 1.962825, -2.978262, 0
-2.519017, -4.193691, 2.971622, -1.877828, 5.674834, 4.183259, -3.680973, -0.589658, -5.640594, 5.971841, 2.052732, -5.187760, -0.195317, -0.215760, 3.556340, 1.508559, 0
2.902854, -1.550652, -2.458027, 1.359323, -8.388767, 2.510142, -6.804871, 6.772943, 0.500091, -0.415870, 0.165164, -2.495716, -0.475331, -1.580482, 2.628432, -4.335997, 0
-0.329574, 7.600492, 0.501405, 4.972238, 0.112985, -1.648795, -5.851005, 0.330462, -5.035973, -0.265754, -0.026460, -6.075686, -0.414128, -3.802197, -1.452280, -2.964938, 0
-0.770431, -1.735978, 2.400052, -3.863493, -1.948234, -2.515089, -1.933262, -4.541645, 2.877769, -4.205795, 0.435014, -1.163165, 1.610734, -5.804936, 0.168628, 0.198148, 0
-2.660701, -2.914473, 1.004334, -4.142986, 3.685229, -9.768602, -2.382597, -3.399453, 2.071467, 0.484872, -2.268443, -3.184303, -4.021196, -3.836967, 1.715606, 6.745885, 0
-7.781470, -1.641667, -6.931184, -1.090785, 0.464051, 1.065446, -4.796385, -2.293997, -1.883925, 3.457307, -5.365665, 1.403192, 1.399543, -5.380198, -0.360103, -1.172942, 0
-5.433591, -2.387876, -1.031722, -1.096571, 0.463918, -2.432343, -3.946877, 0.862931, -3.318507, -1.431651, -4.575702, -0.087440, -0.289109, -6.952754, -0.468526, -3.167518, 0
-1.337156, 2.436856, -4.895082, 4.957788, 0.369534, -4.229460, 0.444055, -2.708447, -0.953875, 1.458737, -7.213163, 2.937903, -1.156358, -5.535660, -2.047559, -1.080378, 0
-3.903751, -2.694639, 4.714051, -3.621170, -3.880013, 1.075498, 0.826201, -8.114115, -0.238633, -0.215400, -1.179395, -0.774060, 1.040786, -0.483460, -4.340826, 4.126431, 0
-2.401398, -4.459122, 2.073892, 2.982270, -1.559821, 0.686141, -0.721774, -4.229867, 0.317847, 2.075101, -5.616304, 6.114291, -4.098968, -0.952357, -6.626689, -0.810184, 0
-4.576569, -1.108178, -6.847671, 1.231097, -1.155934, -2.972383, 1.246909, 6.381200, 0.396071, 1.188624, 2.152850, 2.541562, -2.603606, -1.552914, -2.971656, -1.714684, 0
1.526093, 1.222453, -1.769438, 3.522309, -1.512418, -4.482505, -1.031412, 0.927068, -1.518196, 1.299670, -2.273939, -1.183573, -1.154922, -2.546692, -4.295772, 0.795146, 0
1.119716, -0.269313, 0.950717, 0.057422, -3.148598, -1.907977, -1.067407, -1.308122, -0.195191, 0.337100, -1.639343, -0.530452, -1.945299, -3.477680, 2.742185, 2.447360, 0
3.947989, -5.221124, -6.416170, -1.757367, -0.638287, -2.517308, -2.408648, -1.703212, -2.494197, 3.564357, -2.932498, 3.641320, 1.659837, -0.958386, -2.606318, -4.650000, 0
0.536300, 2.249213, -3.885574, -1.909024, -3.525578, -3.629626, 0.512319, -0.939136, 0.659766, -0.250100, -0.127835, 1.709537, -2.783502, 0.701968, -5.618787, -5.166949, 0
-3.720072, 2.660630, 3.500857, -1.330587, 2.649465, -2.779171, -4.471247, -0.650447, 0.171824, -4.117482, -1.504673, 0.925622, -4.428305, 3.722772, -1.049056, -0.040835, 0
-7.542057, -1.659331, -3.004876, 0.833179, -8.528898, -6.683918, 0.010159, 2.329856, 2.131217, -6.442128, 0.739884, -0.886806, -3.851075, -4.730583, -2.860748, 0.611249, 0
3.757737, -0.331120, -4.151296, -1.454589, -0.879079, 2.766381, -5.253912, -2.461269, -3.294435, -5.097291, -0.284253, 0.084939, -0.895365, -0.622470, -4.969020, 2.884301, 0
-2.889335, 4.767734, 3.129893, 3.766999, 1.366605, -2.382208, -0.249997, 2.137601, -0.857265, -3.291754, 2.899381, -4.532529, 0.408061, -9.418570, -3.377263, -2.713224, 0
3.897985, -2.909329, 1.091073, -1.176012, 1.781032, -1.699718, 3.684390, -3.283517, -3.765493, 3.667426, 2.850150, -0.741280, 1.831513, -4.940483, 2.356921, -8.646975, 0
-1.575986, -1.192594, 2.753158, 0.549691, -4.217268, -0.795558, -3.867982, -2.618639, -3.634746, -1.742309, -2.729037, -0.032800, 1.101699, -0.975388, -1.656082, -1.023280, 0
-1.185518, -1.680418, -2.170002, -1.078394, -1.673681, -1.099019, 2.016870, 2.570571, 1.737432, -3.704871, 1.673038, -2.896609, 0.638574, 0.104287, 1.185802, -8.793613, 0
1.313645, -4.086322, -5.817301, -2.978413, -0.203839, -1.038321, -2.087627, -0.528522, -7.299316, 0.339246, -3.992870, -10.693407, -6.895877, 3.325755, -7.179433, -4.142183, 0
2.875522, -2.131689, -2.231343, 3.192468, -5.188270, 2.293725, -2.200477, -1.578640, 0.661866, -0.019742, 0.208413, 3.196174, 0.769177, 0.551593, 0.487224, -1.188234, 0
2.151172, -3.830024, -3.252954, 4.647649, -2.096776, -5.243834, -2.525379, -2.162910, -0.871254, 0.884671, -3.237662, -4.476495, -3.143465, -8.496018, -1.192821, -2.903468, 0
-4.010163, -3.931625, 2.955113, -1.034473, 1.559655, 3.956653, 3.206798, -3.008512, -3.115403, -1.579242, -4.084100, -1.300910, -1.473512, -1.476911, 3.580989, 3.581511, 0
-6.390677, 3.048236, -1.455218, 0.484073, 2.660563, -2.230912, 3.488622, 4.812171, -0.994679, 8.837787, -3.972075, -5.140985, -3.625257, 5.771068, 0.363067, -1.090787, 0
-5.828847, -0.308362, 0.940909, -2.614134, 3.286321, -3.845581, -2.896473, -8.882601, 2.309873, -8.716389, -1.507732, -2.786044, 1.610507, -3.723948, -2.921337, -3.969697, 0
0.370521, -0.756012, 1.712241, 1.677375, -1.911834, -3.127733, -2.098430, -1.533454, -6.420375, 3.181592, -4.348577, -1.558409, 0.300210, 2.510503, -1.360817, -2.657478, 0
-0.740600, 3.970622, 0.164842, 1.009116, -3.085250, 0.206550, -4.979065, 1.784106, -0.076331, -1.496796, 2.384088, 0.234836, -1.637041, 2.687409, -2.507690, -0.833836, 0
-2.652119, -2.369402, -1.440852, -6.182527, 2.613406, -2.281593, -0.086534, -0.471637, 4.319720, 1.741944, -1.570273, 1.831683, -0.846646, -2.723439, -7.443521, 1.232539, 0
3.815413, 5.025231, 2.221633, 5.736989, -3.683794, -1.564974, 5.194581, 0.941304, -4.294766, -2.354497, 7.013860, 0.983739, -3.427298, -5.247016, -1.051858, -1.963650, 0
-1.167371, -3.724497, -1.527609, -1.233604, 4.860284, 5.298646, -9.283352, 2.467708, -2.383537, -2.867526, 4.190196, 5.405686, -3.648967, 0.381194, -5.416527, -0.322101, 0
5.035310, -6.733056, 1.725520, -0.691426, 0.272601, -4.450512, -7.990070, -3.162196, 2.453824, -5.450994, 3.190259, 1.815253, 0.953706, 1.841767, 2.256629, -2.727516, 0
-1.685601, -0.253993, -0.745699, 0.281116, 0.666804, -1.640576, -1.790538, 0.724652, -1.660574, 1.275395, 1.697024, -0.565486, -2.265047, -2.749030, -3.674417, -0.926430, 0
0.386632, 1.793185, -2.902581, 3.383332, -7.044505, -5.501932, -0.527947, -3.047339, 1.408496, -2.497300, -4.566265, 1.301110, -0.405147, -0.618297, 3.750501, 4.085910, 0
1.469695, -3.961716, 1.531903, 2.274596, -0.616818, -1.555090, -0.289546, -1.921784, -5.017912, -6.425637, 1.937034, -0.631483, 1.593900, -2.517543, 1.194423, 5.617967, 0
1.058116, 1.438777, -3.176219, -9.558397, 0.804442, -9.344250, -3.138081, 2.873414, 1.150132, -5.247097, -1.967289, -0.148051, -0.810205, 0.754643, -2.222317, -3.867665, 0
-4.607566, 1.728448, -4.470498, -1.136425, 3.605773, -6.651855, -1.403841, 0.704455, 2.381747, -4.563165, 3.046531, -5.202546, -2.676531, 3.124131, 1.487773, -0.118541, 0
-2.612089, -2.657725, -0.247048, -0.141326, 0.487729, 2.982011, -6.969379, -4.926286, 1.974515, -10.242069, -1.612444, -1.921687, -5.554840, -0.335004, 2.178279, -2.523665, 0
2.005836, -5.753805, -3.189771, 1.792586, -2.536170, -1.335021, 4.539460, 4.701104, 0.187915, -5.462815, 0.545259, -0.216907, -4.809252, 0.162112, 5.325549, 0.465989, 0
1.525195, -3.840691, -0.794861, 1.088450, -3.094362, -3.334823, -3.832639, -5.287336, -0.515292, -6.994000, 2.550231, -7.188029, -3.870182, -3.090821, 4.857694, -1.768712, 0
1.433520, -2.259152, -3.356723, 4.031068, -5.403794, 0.571887, -4.217031, 0.871932, -1.736791, -5.692671, -0.024335, -4.299305, -0.488502, -1.050658, -4.918691, -0.569625, 0
0.197286, 2.550368, 0.604712, 1.283147, -4.665023, 7.773488, -1.654951, -1.917682, -6.048592, 3.808770, 0.365323, 2.804511, -1.605468, -0.962850, -3.780087, -1.957581, 0
-0.103059, -4.664426, -0.078708, -3.060109, 0.373013, 1.981509, -5.616398, -3.881702, 5.290780, -0.814311, -2.636440, -0.787210, 0.825854, -0.021976, -3.919032, -3.685361, 0
