-0.463215, 5.809099, -3.737759, -1.462116, 4.439976, 1.056208, -10.244202, 7.304714, 9.857746, -1.740437, 1.943218, -2.365299, 2.808147, 1.901882, 1.996462, 0.798922, -0.514095, -2.136440, -6.862719, 12.793592, 5.058735, 1.264059, -6.592685, -1.218582, 3.928722, 0.428896, -4.945484, -4.269657, -4.783144, -3.461718, -7.294944, 4.772341, 1
3.056150, 7.709446, 1.198420, 1.352921, -0.078012, 4.662735, 5.258825, -5.159827, -2.055332, -2.272327, -2.772472, -9.477500, -3.697618, -0.129385, -5.107975, 8.664177, -9.278959, 8.025255, 8.224123, 0.256359, 1.988668, -2.276049, 1.845747, 1.666460, 1.360514, 1.445162, 0.775864, -1.584614, 4.444763, -0.005117, -0.559578, 3.612640, 1
1.830233, 4.003086, -1.999268, -1.349403, 4.145239, 2.790932, -4.473801, 10.280270, -1.654268, 0.615143, -2.680986, 7.610205, 4.101700, 1.994234, 1.967976, 8.987843, 4.553450, 0.203783, 15.013353, -8.365357, -5.245510, 1.473610, 1.918573, 10.675665, 0.398348, 2.702738, -2.258915, -3.504498, 0.585403, 1.240355, 4.869415, 7.231096, 1
6.445469, -0.742716, -1.864380, 4.511024, 8.924311, 6.654968, 2.986851, 6.165152, -7.943588, -5.859259, -2.889912, -0.820663, -0.802677, 15.475260, -1.378767, -0.258747, 3.969563, 2.108351, 9.012867, -2.291931, 1.649885, 6.573284, -8.117552, -0.248671, -0.429173, -6.005679, 2.721874, -4.129480, 4.901533, 7.951153, 4.912184, -3.502735, 1
-1.242771, 12.097013, 2.508413, 7.525389, -3.883190, 1.038105, -7.059216, -9.083457, 3.568958, -1.608770, 0.088520, 0.842558, -0.699627, -1.572563, 5.371920, 3.617565, -3.378187, 8.692884, 10.009893, 8.544350, -2.710419, -2.514332, 5.146255, 2.502195, 4.601320, 8.375414, 0.068604, 1.341911, 5.990847, -3.202581, -2.607397, -2.487034, 1
-3.461813, -9.100457, -2.609108, -0.056446, 0.921045, 2.970995, -3.657040, 4.115374, 0.781847, -1.784941, 6.390663, 0.043091, 4.080595, 1.570921, 9.524605, -0.650318, 4.426626, 3.998861, 4.053593, -5.195394, 0.390963, 6.051310, -5.024403, -0.319658, 0.337704, -4.078213, 3.318575, 0.735418, 10.554037, 1.916016, 3.380436, 1.957794, 1
2.114653, -4.853630, 3.714687, 7.908077, -0.329842, -0.783340, 4.345818, -1.353981, 3.244827, 4.815844, -2.620312, 2.125912, -0.648952, -2.071342, 2.118706, 3.526737, -3.770973, 2.349941, 5.438202, -0.279205, 0.114388, 4.569145, -2.158401, 1.283703, -5.006338, 0.677959, -6.414800, 4.307610, 0.965277, -2.997086, -2.775755, -4.104116, 1
7.999866, 1.099489, 1.936388, -6.491289, 4.061964, 4.095720, 7.218794, -1.164717, -1.839411, 6.503109, -1.666620, 6.322920, 6.636065, 6.386286, 7.342951, -1.607264, -3.330265, -3.712519, 5.040413, -0.745640, -0.453047, 0.562754, 1.492409, -1.932377, 1.739166, 0.435450, 2.103451, 3.298828, -4.531874, -4.921686, 1.575953, 2.825699, 1
3.274494, -3.539742, -6.983729, 1.764683, 3.302404, 1.753466, 5.459892, -5.049824, 4.367016, 4.041124, -3.179518, -2.623188, -4.157784, 2.429832, 2.310997, 5.656445, -3.257460, 6.056822, 5.337946, 3.075747, -6.960949, 2.181862, 8.840437, 4.827103, -1.815662, 3.669441, 4.001959, -1.027515, 0.901423, 5.851101, 1.549374, 7.719830, 1
-2.550383, -3.825077, 3.415031, -2.041752, 6.774569, 4.683792, -1.851009, 4.152369, -7.947756, 1.524170, -1.503374, 8.390923, 3.541418, 2.733608, 3.868343, 2.358839, -6.191092, 10.441660, 5.043011, 6.066227, 4.421932, 1.083267, -3.551434, 3.919519, 0.783955, -2.047409, 4.751295, 4.251793, 2.324854, -7.454059, 1.609917, 6.885824, 1
4.035454, 0.126917, 0.016895, -7.021396, 5.645233, -1.816647, 10.347946, -1.048641, -6.767703, 9.994413, 2.112032, -5.378112, -0.099625, 0.048578, 3.577286, 2.497572, -4.681717, -0.423574, -0.155291, -1.828438, 0.589619, 2.707001, -0.651829, -0.024206, -5.998205, -3.062586, -3.265366, 2.105457, -4.613476, 1.552452, 3.119413, 4.194262, 1
9.127232, 0.822405, -4.643009, 0.657736, -0.535431, 5.082256, 7.852652, 7.998592, -2.997404, 0.057388, -1.286264, 2.258017, 11.446466, -2.069336, 3.490183, 3.103888, -1.444698, 1.624775, 3.730576, 4.711691, -3.533085, -2.360792, 6.461658, -0.742407, 1.341167, -3.872639, 5.767443, 7.898909, -2.339792, -2.444553, 5.952820, 6.068512, 1
0.730127, -1.536619, -0.099283, 1.681360, -1.822693, 10.126526, 3.011946, -7.080977, 2.856810, -4.371918, 0.937851, 1.090832, -0.365631, 1.445412, 3.710251, -1.680931, -1.605326, -1.708385, 1.442133, -0.624962, -4.467323, -9.499455, 1.290562, -3.922745, -5.154789, -0.132320, 2.968239, 2.965996, 6.567055, -0.702381, 1.524559, -2.491447, 1
0.159771, 2.400652, 1.159094, 2.353849, -1.106499, 4.819983, 3.713636, 4.523769, -1.295494, -3.397165, 6.233604, 2.950684, -10.861332, -4.839220, 2.780464, -0.317974, 0.674726, 3.731356, -5.150591, -5.535374, 3.791117, 1.029591, -10.593735, 0.015547, -0.671766, -3.969275, -0.654959, 4.390936, 3.982044, -2.814926, -3.817926, 3.157663, 1
0.860785, -4.671926, 5.469412, 0.572800, -2.627426, 6.835176, 5.312496, 3.085978, -0.136311, -3.135237, 6.680397, 4.523296, 0.982220, 9.360281, 0.030321, 2.285385, 7.901468, 2.631882, -1.235819, -7.573571, -2.271912, -7.347171, 2.685349, 4.241220, 3.282261, -2.449837, -2.045536, 0.540781, -2.889526, 6.621548, -7.589859, -4.261105, 1
-7.377575, 3.575901, -1.603706, 5.193079, 1.805264, -1.286741, -0.402544, -5.465989, 0.944366, -3.566345, -2.306719, -3.271091, 3.732243, 0.847511, -5.207880, 0.765862, -6.503584, 1.243017, -15.176777, 7.620741, 12.281340, 1.290758, 3.165665, 4.580467, -4.486412, -3.180946, 4.415060, -1.529247, -5.848351, 7.859325, 2.603031, -0.659784, 1
0.031397, 0.934786, -1.477602, -6.053417, 1.165186, -6.609862, -2.327209, 0.008572, 2.859079, -2.690954, 0.506559, -2.295156, 7.502617, 8.426207, -3.474934, -1.083929, -2.932619, 1.133343, -3.778429, -2.300875, 2.816687, 1.126276, 2.112211, 5.624155, 0.316004, -2.638489, 2.294870, 3.201784, 7.022879, 7.105659, 3.360056, 0.475365, 1
5.115606, 3.040096, 4.142817, 2.456978, -1.037886, 12.260057, 4.941313, 0.401630, -2.765284, -4.944059, 1.113541, -0.093117, 2.385448, -5.674656, 1.216135, -1.952452, 5.723219, 4.009462, -0.322802, -3.136091, 4.373356, -7.269377, 1.248655, -1.506617, 3.549383, 0.650679, -2.215014, 2.819326, 4.368652, 2.568264, 2.061674, 2.710583, 1
-5.253295, -10.318750, -0.309839, 5.684587, -5.596905, -4.338415, 1.989410, -0.765455, 1.484196, 5.812925, -0.292316, 1.448624, 2.990608, -4.094608, 2.878565, -4.346565, 4.670958, 1.228741, 2.019148, 0.302095, 9.534025, -0.790524, -1.020185, 3.051991, 1.726280, -11.782336, 1.872753, 5.361834, 6.581383, 0.185673, 0.991928, 1.595509, 1
-2.510849, 2.176880, -8.023564, 5.399347, -2.368414, 1.549833, 1.525085, 8.451786, 4.057833, 4.833195, 2.158110, 3.533186, -3.631588, 5.697948, -2.170988, 11.563227, -0.642067, 0.324507, -3.934431, 0.375380, 5.070831, 3.481907, -2.796268, 1.568516, 1.863132, 3.835697, 2.855679, 8.287500, 7.087463, -2.161364, 2.067011, -0.221992, 1
2.930599, 2.032314, 1.226967, 5.393757, 3.434416, 1.883066, 4.775383, -1.011557, -2.377632, -5.991545, 3.678253, 3.495214, 3.645004, 3.351393, 0.868015, -2.433760, 0.600849, 0.219753, 0.385403, -4.707872, 0.608187, -4.135241, -0.269464, -3.279821, -3.892256, -3.311104, 9.376778, -8.098483, 6.761580, 4.789003, -0.388474, 7.563860, 1
-3.501396, -1.337132, 12.248804, -0.136229, -4.100891, 0.988186, -1.065275, 8.487413, 2.348461, 5.279240, 8.817955, -0.766432, -2.406391, 1.858925, -4.884634, -0.226221, 0.458570, -12.716798, -5.163787, -2.850725, 6.062574, 1.668953, -1.046005, -0.148399, 3.561605, 0.954660, -6.730697, -1.140022, -5.525121, 6.365993, 0.586130, 1.739742, 1
0.370514, 2.957121, 1.309345, -5.718308, 3.116137, 0.141247, -7.057263, 5.710072, 0.202648, -1.472475, -2.524733, 1.172029, 2.550743, 4.401112, -2.815189, -2.083775, 4.152596, -1.375765, 4.473940, 0.484646, 2.421352, 0.648756, -7.336880, -6.673087, 9.361492, 1.134878, -2.899429, 3.590933, 0.362019, 2.267136, 7.176270, 6.131474, 1
0.581797, 1.628061, 5.739386, 4.179399, 6.249714, -3.114058, 6.282555, -1.767344, 1.145426, 3.461718, -0.781460, 0.038633, -3.295517, -5.229686, -0.277061, 3.163839, 1.604408, -2.641788, 4.061890, 7.128162, 3.189468, 4.798555, 2.272957, -3.231783, 6.648741, -1.674831, -0.982065, -6.324153, 1.671473, 1.774887, -0.484100, -1.327085, 1
-1.267862, -1.026407, -2.753799, -3.190184, 2.153082, -2.425245, 0.901295, -3.515976, 1.234957, -2.235849, -1.187443, -3.004507, -0.763315, -3.162872, -5.387513, 2.143627, 2.003521, 4.408733, 1.009586, 2.010321, 4.418051, 1.835321, 9.516521, 2.005516, 2.508999, 2.560865, 5.201593, -1.521734, 1.208260, -2.700138, 1.918535, 3.538143, 1
0.933336, 2.892073, -3.754906, -0.351091, -2.113836, 2.612335, 5.218512, 10.989622, -2.501598, 3.573669, 4.661243, -5.595893, 4.212603, 2.617989, 7.257023, 6.520039, 0.690489, 10.260509, 2.408596, -3.301491, -3.225210, 9.607639, 7.552528, -5.167006, -0.545424, 1.276890, 4.327669, -5.760873, 0.236998, -3.268795, -5.488356, -3.574516, 1
0.253502, 7.396473, 0.974493, 2.656843, 3.560677, -2.539640, -4.586344, 8.276438, -1.206985, -0.813093, -0.317160, 3.910500, 2.771711, 3.785910, -2.876123, 7.961145, 4.557678, 5.049234, 5.154778, 0.455950, -0.265623, -1.095705, -4.515093, 1.762787, -2.349108, 5.985060, -1.492851, -2.682795, -2.905764, 0.095116, 4.821455, -0.300749, 1
-3.967566, -2.176231, -2.809855, -1.049986, 7.436831, 5.407568, 6.551966, -1.926807, 0.641943, -1.325417, 3.104082, 2.787394, -1.943811, -9.347209, -6.664280, 5.231194, 2.579851, -2.351311, -0.321327, 3.383595, 1.149319, -1.208719, 7.667757, -4.842594, 0.863205, 2.715536, 6.190594, 0.799736, 4.071712, -0.723883, 1.088808, -1.633162, 1
6.152081, 2.674387, -4.381155, 2.626621, 5.644970, -3.229643, 2.789341, 3.029325, 2.629192, 3.281702, 2.110994, 2.220289, 9.138435, 3.268826, -2.100874, 2.219837, 2.936701, -0.546713, 0.702971, -2.170383, 4.030582, -7.665865, 1.339573, 8.529211, -1.381561, -0.414335, 0.597464, 1.652960, 3.275702, 0.364262, 0.586327, -2.097635, 1
6.725569, 0.524904, -3.696146, 2.478081, 5.589886, -5.770403, 9.248798, 3.930290, 13.466177, 5.847286, 5.953249, -2.947615, -0.029636, 3.122646, 1.329185, 4.877462, -0.201956, -1.749132, -2.284546, -0.857504, 6.028851, -8.474372, -0.674517, 2.500137, 5.549164, -3.698294, 2.147919, 1.297049, -0.559378, -0.972845, 3.982962, 8.950874, 1
2.469130, 7.954023, -0.137495, 4.244879, 4.215832, 6.276554, 10.370562, -4.884596, 1.240902, 4.136536, 12.721247, 4.322865, -1.156219, 2.019461, 0.885056, 0.215149, -4.671368, 2.512831, -0.989126, -5.229531, 3.773539, -3.064789, -0.326572, 5.592979, -1.342567, -1.930023, -0.347153, -1.056540, 0.676687, 5.146198, 9.079973, 9.270275, 1
7.290611, -0.122871, 4.276911, 1.362329, -4.858501, 6.051720, -0.563097, 1.012829, 0.415157, 1.950710, -4.151796, 2.697212, 4.030304, 1.143915, 0.644274, -6.830585, -3.384699, 4.119762, 2.608883, 5.323030, 0.659218, -0.472406, 0.637577, 4.658657, -0.687439, 3.460676, 3.718700, 4.295134, 3.715216, 3.210022, 2.475697, 2.178686, 1
-3.228832, -6.629352, 5.629736, 6.099213, -0.276869, 6.638197, -0.568529, 0.519903, 3.869987, 3.892899, 0.610350, 5.520903, -2.818363, -0.913496, 8.621450, -0.400215, -3.334875, -1.669327, 3.923483, -4.068800, 9.731707, -4.406134, 1.203630, 3.981657, 7.461226, 4.559084, -1.188391, -2.053679, 0.090240, 2.650589, 4.094278, 4.307768, 1
5.030853, 1.432232, 0.249212, -1.024403, 2.939072, 8.103489, 3.152454, -1.503242, 10.099691, 1.996307, -6.727569, 2.490360, -0.152527, -9.460966, -7.086006, 11.385283, -0.671282, -2.896536, 9.632895, -3.825342, 6.820824, -2.506237, -2.641039, -1.320448, -2.411556, 0.029572, 3.080629, 4.434155, -1.197985, 0.363239, -1.446222, 3.057997, 1
5.262211, 2.980692, 3.648602, -1.028795, 4.787598, -0.950472, 2.038685, 5.313402, -4.472464, 1.223438, 11.269922, 3.643448, 0.936768, 6.327076, -4.161282, 3.092583, 1.453896, 9.409105, 3.948589, -4.918230, 2.492371, -0.355125, -2.955200, 4.764732, 9.828722, 0.221298, -4.573828, 4.462172, 3.131420, -8.241236, 0.611984, 7.908897, 1
2.123211, 2.236315, -3.388760, 7.286022, 11.916559, -0.433096, -0.409832, 4.313208, -6.043599, 2.874483, 4.719578, -0.296688, 0.860157, -0.151459, 2.483099, 4.714972, 5.983162, -2.694191, 7.171829, 0.712145, 2.127174, -1.806385, 3.820023, -6.500407, -3.889435, 1.490368, 4.451870, -1.667282, 1.200502, 2.908041, 5.452604, 1.943544, 1
2.117783, 8.492620, 8.371962, -2.453423, 2.003187, 3.151262, -1.930801, 8.669279, 5.349394, -6.177275, 4.334078, 7.682261, -1.530275, -4.650597, -0.594536, 0.259659, 5.524252, -1.694738, -1.688004, 7.371578, 4.663925, -7.624523, 0.762856, 9.546953, 1.002348, 0.090321, 5.198706, 4.367599, 0.704699, 3.859789, 3.028528, -10.202118, 1
-1.593245, -3.653343, 5.578308, -7.085069, -0.653431, 1.328279, -0.631554, 1.787661, 7.491652, -1.652409, 2.003881, -0.693979, -0.340460, -6.063111, -5.983136, -3.443769, 1.853003, 4.327976, -1.952995, 1.050940, -2.278341, 3.292847, 0.655878, 2.326937, 8.212158, 0.922983, 9.916761, -2.189682, -0.332687, 7.977461, 6.894773, 0.856119, 1
10.391033, -7.738807, -4.534929, 1.350323, 3.322229, -4.050598, 7.849031, 1.928787, 1.370764, 4.788898, 0.795319, -2.426786, 0.887291, 4.272556, 1.297264, 4.456219, -3.251003, -0.634388, 8.314638, 3.105051, 1.380835, 6.972076, -1.690784, 2.987631, 4.822975, 1.861195, -1.186161, -5.369595, 8.013565, 9.294674, -0.921465, 3.317907, 1
5.561201, 0.964403, -0.650940, -2.131737, 1.799994, 5.925909, -6.638891, 4.071850, 4.869524, -5.335301, 1.048141, 0.381277, -2.632235, 6.599979, 6.338762, 0.550421, 10.469994, 1.325184, 3.928926, 5.230835, 0.404518, 1.642317, 0.813923, -4.016333, -2.738522, 2.599396, 0.858101, 2.873812, 2.028936, -1.126575, 5.083147, 6.550777, 1
-3.608381, -3.594908, 1.141886, 5.347958, 3.597591, 8.427143, 8.190861, -2.500933, 0.817844, -12.052567, 1.636431, -2.479076, 4.165937, 1.669094, 0.833887, 4.007307, 0.150518, 7.637312, -2.269476, 6.655239, -1.168049, -3.150394, -3.345503, 0.565416, -0.643715, 0.669849, -4.871857, 5.257395, 7.127302, -3.561756, -0.030094, 1.295647, 1
0.554169, 3.277069, -2.078192, -2.445543, 2.435663, -0.397846, -4.596128, 1.534651, 6.371643, 6.033688, -8.777694, -0.520096, 0.484610, 0.351383, -8.420438, -2.743456, 2.461510, -2.622564, 3.227341, -3.103756, -3.999386, 1.250017, -4.041666, 4.323706, -0.888092, -0.304657, -1.728243, 5.627613, 1.184126, 3.784445, 3.700613, -8.314119, 1
9.138729, 3.411800, -2.110296, -2.502588, -3.610167, 2.196104, -4.238377, -0.190563, 4.729116, 6.676247, -1.908682, -1.677263, 0.976023, 6.317352, -7.925824, -1.959488, 0.765190, -0.349909, 0.531467, 1.666565, 2.927227, 9.008839, -1.341255, 2.588835, -2.288094, -4.050968, 0.444740, 2.001238, 1.713751, -2.096107, 2.660608, -1.421289, 1
6.183229, -5.817590, -4.374035, -0.530706, 3.792763, 7.715002, -1.591681, -1.485435, 1.983133, 5.961678, 0.820541, 2.873201, 0.152817, -3.636889, 10.166864, 7.303745, -0.224340, 3.092712, 0.857290, -1.036512, 1.437176, -0.284100, 3.061426, -0.996180, 5.505251, -7.879127, -1.053940, -2.869612, 6.644222, -7.159065, 0.933657, 2.606934, 1
-4.152828, -2.553156, 6.194588, -0.073448, 0.278053, -7.297453, 3.071959, -6.149544, 2.229868, -6.752963, 5.348221, -3.505341, 4.035583, -1.191650, 3.954401, 3.535500, 4.497528, 3.812733, 0.761765, -6.494623, 5.614979, 2.921688, -6.294465, -0.398277, 0.113071, 0.030127, -4.386061, 2.309870, -0.551510, 1.124584, 4.827320, -5.016125, 1
-3.256111, -6.196856, -0.449575, 9.711111, 9.177149, 0.701956, 0.184370, 2.155109, 6.153069, -0.268379, 4.627464, -1.078465, -8.183600, -1.045088, -2.372738, -3.016485, 2.169765, -5.233611, 6.037243, 0.247732, 9.121881, -1.526772, 5.581465, 1.869707, 2.028582, 8.291534, 2.644535, 1.387543, 4.077436, -2.737617, -0.414429, 1.443186, 1
1.545200, 0.645172, 9.653254, 6.397726, -0.530294, 4.861786, -1.486786, 1.882528, -1.029114, -1.514666, -4.818367, -5.279305, -2.224283, -0.701086, 4.344114, 2.624348, -0.733110, 1.762737, -2.294901, -0.297583, -1.793663, 4.560305, 3.838917, 2.615503, -1.428762, 3.882715, 6.548923, 4.064518, 1.096199, -0.000029, -1.646946, -9.483925, 1
-4.883417, 5.739697, 6.062860, -0.841627, 2.381594, 4.531466, 0.644073, -1.823231, 3.941814, -7.027163, 1.602270, -1.664698, 0.387129, 9.456564, 2.014454, 5.636536, 3.294569, 0.184130, 1.978888, 1.332937, 9.387205, 4.420864, 3.757273, -2.488701, 3.861656, -1.549807, 2.456966, -4.542561, 0.988527, -2.660063, 13.263460, -2.605007, 1
1.092722, -7.638095, 4.641548, 6.337048, -0.776514, 2.341125, 4.082722, -1.483810, -6.866165, 3.156021, -0.283710, 3.309143, 5.659372, 3.033787, 5.831635, -4.261492, 2.108379, 1.280207, -6.881042, -1.833279, 0.759014, 5.244164, 3.752464, 2.227095, -0.951908, 1.362913, -5.417441, -2.817963, -2.798424, -0.062218, -7.112898, 5.037580, 1
-1.648190, 2.208075, -5.459990, 2.141558, 3.346682, -0.533899, -1.609264, -0.469347, -3.386831, 5.501553, -1.940926, -4.046604, -6.348831, -6.191001, 1.655020, -0.795971, -0.744175, -3.486479, 5.762033, -0.761793, 3.587021, -0.949646, 0.267782, 1.500771, 1.056578, 7.885000, 11.780973, 2.135384, -0.425343, -4.176443, 1.564756, 6.067711, 1
0.332752, 0.402185, 0.446585, -2.077118, -0.526064, -2.857260, 6.723394, -2.757675, 3.879728, 3.729834, 10.333632, -10.674249, 0.086184, 4.426970, -1.877445, 3.573740, 6.778343, 4.916510, 1.901880, 1.180819, 7.437815, 5.813412, -1.994108, 2.448112, -7.986348, -2.212339, 1.767450, -1.898405, 2.310467, -1.934189, 1.309349, -4.180824, 1
-1.161568, 2.589508, 0.625286, 5.943430, 0.576447, -1.361454, 8.309898, -0.017370, 0.611193, -4.047709, -5.712258, 1.570812, 6.667326, 8.177660, -7.003174, 3.038361, 2.452394, 9.439568, -1.670185, 1.266741, 7.200726, -6.066119, -7.495451, 0.616974, 4.154306, 8.381153, -0.027626, -4.474560, 2.229729, 5.483595, -3.093632, 2.061287, 1
2.505087, 4.192102, -1.972982, -0.885317, -4.443110, -6.066242, -6.586476, -4.170856, 1.410671, 3.005766, 2.832708, 12.704447, 2.710434, -2.353062, 4.485451, 1.588150, -3.448997, 0.330263, -0.800383, 3.951632, 1.451323, -1.702156, 6.975096, -1.527069, 1.065205, -7.020462, 2.134468, 5.180693, 5.051825, -1.037148, -1.442608, 7.472956, 1
2.161770, 3.618954, 2.186861, 0.425598, 3.325727, 3.510347, -0.763023, 0.849419, 5.028791, -2.596813, 1.359463, 4.866352, -3.374228, 0.377520, 12.679686, -0.820850, 4.697897, 1.115995, -3.537251, 1.626741, 3.395376, 2.938507, -0.378603, -1.489069, -0.827784, -2.879721, -2.129669, 4.526123, 1.601578, 2.825182, -3.478601, 2.258146, 1
-1.699282, -7.394985, -5.092959, -5.622519, -5.624070, 2.020584, 7.651457, -13.381897, 6.174498, 2.552893, 8.302420, 0.925022, -1.653694, -4.335871, -0.952297, 1.801603, -0.011599, 5.941488, -10.089775, 2.203793, 0.775761, 4.196198, -0.402052, -3.611870, -3.675077, -1.680668, -8.255886, 3.569103, 1.414003, 6.609226, -2.259863, -2.570097, 1
8.272999, -2.505522, -1.544422, 11.573835, -4.227396, 0.311708, -5.608895, 2.320368, 6.148500, -2.934616, 2.494637, -0.649649, 3.131010, -1.458805, 1.724939, -8.100535, 1.668449, -5.632556, 0.303999, 3.231424, 3.247656, -3.420624, -11.174636, 2.923138, 5.952917, 6.586735, -5.718347, -3.179985, 1.790567, 0.127401, -0.675123, 4.386438, 1
3.120947, -3.144512, -3.037683, 6.191574, -3.740637, 0.333538, -0.586657, 0.712177, 0.562292, -3.194668, -2.154396, 0.587446, 3.976301, -0.546406, 2.240793, -1.472263, -1.324022, -1.616640, -4.658806, 2.942883, 4.414337, -5.060402, 5.028723, 7.233936, -1.888617, -3.854509, 2.479733, -2.090693, 1.208553, 10.131632, 4.090652, -2.673239, 1
3.658422, 0.485533, 8.739256, 2.580923, -8.325365, 4.826204, 2.093336, 0.738041, 11.275084, 0.826416, -2.460247, 4.766689, -2.150846, 2.900558, 8.907696, 1.709656, -2.979757, -2.815470, -5.473528, 2.413364, 4.573423, 2.896883, -2.379173, 2.541157, -0.833347, -2.466965, 12.392439, 8.581375, -5.657718, -2.004017, -0.447866, 5.337608, 1
-0.503700, 6.943048, -2.407463, -2.510759, -2.500298, 2.764526, 4.214607, -5.087207, 0.136244, -5.616428, 2.276247, 7.831604, -0.191565, 0.403536, -4.155807, 1.988792, 0.120390, 0.301626, -2.908251, 3.355051, -2.947527, 1.891758, -0.084707, 8.369921, -2.723295, 1.035196, 7.362160, 2.984634, -3.741962, -5.029135, 3.740248, 6.277422, 1
-2.707899, 2.292080, -2.989773, 10.576101, -4.016188, 3.057781, 4.044525, 0.464272, -0.031584, 4.024036, 7.997591, 4.862494, -5.834899, 5.054632, 3.600979, 1.307314, -1.249729, 0.976870, 2.308586, -1.003479, 1.548466, -0.442755, 0.940166, -0.163425, 0.823353, 2.003361, -1.763027, 0.282047, -9.360603, 3.547276, 2.579290, 0.022373, 1
-1.538237, -9.915247, 9.576008, -5.586403, -0.305950, -2.814194, -3.380796, 1.572886, 0.307491, 6.814341, -5.405453, 4.857496, -3.876421, -1.605133, 1.351181, 3.703260, 14.206964, 16.098291, 8.140266, 6.026037, 4.206402, -0.684521, 0.832127, -2.308689, -0.976444, 1.542004, -4.169550, -0.048077, -0.474459, -0.565155, 1.799925, 9.642487, 1
-3.708977, -0.014458, 4.001007, 0.664680, -0.053804, 2.727402, 1.291912, -0.823881, -1.711475, 2.925938, 5.087971, 7.976454, 1.280603, 2.904182, 0.198057, -0.431866, -4.699656, -1.288233, -0.347874, -0.657591, -0.668423, -4.803139, 2.864889, 8.405291, -6.319578, -2.309582, 6.113916, -3.295694, -1.845659, -0.975718, 7.237356, 2.535959, 1
6.823177, -0.538774, 5.671946, 2.590233, -2.319458, 2.396309, -7.767952, 3.325794, -8.969726, -5.649543, 0.775257, 1.967793, -0.915693, -0.466431, 2.896212, 0.948400, 10.225170, -0.567295, -1.875353, -1.484480, 2.059738, -5.411894, 10.966497, 3.218428, -0.417406, 4.462811, -2.989599, -7.479802, 1.918306, 5.682482, 4.372713, -2.996599, 1
4.382622, 8.484823, -4.195692, -3.262030, -0.384611, 1.093277, 5.625120, -2.406990, -3.507095, 4.424107, 1.822821, -3.881414, 1.718784, 2.246456, 4.093361, -3.296974, 7.704988, -4.658463, 11.797377, 3.986979, 9.137627, -1.431208, -2.578264, 3.199116, -2.299274, -0.767183, 0.950077, 6.407768, -8.599328, 2.549595, 0.476151, 1.931494, 1
4.695498, -2.852287, 5.804886, -7.185576, -0.487030, 3.152142, -0.031546, 0.446798, 1.932209, 0.776728, 9.978245, 12.459307, -6.298585, 3.624310, 3.292206, 9.319849, -1.824123, 5.506277, -4.380098, -0.090048, 2.014456, 4.073660, 2.317535, 4.896204, 0.075979, 6.125114, -4.299755, 4.037840, 0.697418, 3.485580, 5.506651, -7.654771, 1
2.450645, 2.218260, -8.360009, -6.054886, -1.103798, 1.011974, -6.328799, -0.501505, 9.156624, -0.035379, 3.650627, -0.124439, 1.502413, -6.915085, -0.636618, 8.601107, 2.831743, 3.271078, -1.179016, -3.713570, 1.702122, 2.713573, 1.457317, 4.874228, 1.805618, 1.619514, 8.117025, 5.875900, -3.604181, -0.252119, 3.769705, -2.947351, 1
3.785515, -2.703571, -1.106457, 0.743338, -8.003203, 2.215811, 5.686794, -5.095554, 2.946365, 2.405453, -1.128307, 10.989904, 0.216000, -2.278168, -6.219292, -1.011354, 8.157925, 1.418583, -0.535955, -2.718468, -2.993059, 7.496876, -3.753281, -2.877258, 0.992317, -3.598135, 8.316181, 0.058285, -2.766350, -0.679955, -8.137702, -3.112009, 1
3.612446, 2.340685, -3.834253, 6.233112, -13.496523, -1.561203, -8.092121, -1.864492, -3.786535, 3.174654, 5.618876, -4.060930, 8.621172, 5.965265, 4.675961, -0.212063, -0.252150, 1.391418, 1.605215, 1.865448, 1.671282, 5.353630, 0.115206, 0.903608, -6.688135, -0.273167, 2.689947, 6.162827, -1.992201, 0.603451, -1.132124, -1.188334, 1
2.082140, 7.185717, 4.397253, -0.393639, -2.991302, -0.532616, 4.885550, -6.040238, -1.123598, 0.046930, 1.174780, -1.975941, -6.382249, 3.808388, 2.799456, -6.081536, -0.960812, 0.675945, 12.205500, 7.636318, -2.248020, -3.998974, -0.046528, 9.726700, -1.345085, 3.176628, 4.033129, 3.471251, -2.040512, 5.795570, -3.317471, -3.094778, 1
5.185894, 4.756824, -1.084070, 7.001842, -4.966932, 1.311811, 1.243553, -8.379857, -2.106012, 7.097542, -1.473585, 0.270882, 2.223228, -9.125441, 3.341827, 12.584753, 0.253958, 7.997461, -3.098467, 0.753693, -5.001711, 7.801395, -2.028368, -1.848114, -1.624245, -3.605875, 6.607084, 1.427935, -7.759545, -0.732887, 5.074284, 2.608122, 1
-4.554947, 4.807863, -2.178967, 2.868662, 7.927252, -0.068230, 1.493132, -3.281904, 2.010029, 2.515600, 5.084526, -2.700289, -1.677845, -1.798365, 6.555832, 0.394325, -0.629793, 3.577969, -6.595820, 1.850113, 7.650360, -0.347166, 5.154224, 3.852127, 0.794794, 1.397659, -4.849997, 2.180225, -3.331003, 0.379362, 3.089174, 1.620461, 1
2.168066, -1.167536, 1.356163, 0.464642, 2.094286, 3.356586, -3.873739, 7.481293, -3.199219, 2.887373, -0.999529, -3.506371, 6.408493, -2.475945, -6.770520, 4.901932, 2.529665, -1.948572, 2.861639, -0.009050, 4.288107, -1.278257, 5.606712, 6.256466, 5.718575, 3.407997, 1.557402, -1.795305, 2.587523, 2.713907, 6.652994, -2.395868, 1
2.879036, 7.372217, -1.004276, -0.316360, 1.075785, 1.043051, -4.994118, -4.013166, -1.145679, 12.506067, -7.215475, 0.094278, 0.785774, -0.367912, 10.060093, 4.443832, 2.719988, -0.599878, -2.262878, -1.113649, 2.675240, 6.138786, -5.451467, 3.251152, -0.901285, 5.212936, -0.780489, -0.987228, 0.859217, -1.854906, 1.002199, 4.362928, 1
-1.904762, 0.219158, -6.276431, -2.641310, -1.471264, 1.609066, -0.393517, 1.829248, -9.002618, 0.631252, 4.430157, -3.335392, 1.427111, 1.491922, -1.964628, -3.084621, 4.123775, -3.617811, -1.776791, -3.763426, -2.828709, 2.154057, -1.700289, 12.645063, -0.610577, -1.340853, -3.932575, 2.567774, -9.055809, -3.810068, -2.310188, -2.850996, 1
10.246960, 5.956255, 2.582977, 1.485502, 0.359463, 1.913370, -1.312958, -5.159485, 2.563042, -4.407419, 6.698029, 2.622614, 10.413855, 3.685196, 12.203257, 5.380285, -0.109488, 4.414606, 2.712685, 0.716179, -2.277363, 2.224142, 2.624376, 2.346682, -7.118268, 1.098755, -0.028376, 6.745081, -2.721395, -5.334624, 0.793968, 0.119238, 1
0.837393, -0.705002, 3.651960, 1.506863, 0.702772, 7.008720, 2.162676, 2.649549, -2.473825, -6.059628, 3.475792, 2.494598, 6.289598, 2.385532, -6.026213, 8.790638, -5.132882, 1.952286, -1.199112, -2.620440, 2.082716, 7.886805, -6.489195, 2.877638, 3.310886, 7.946527, -1.270452, 2.203655, 2.132906, 0.551792, -9.606812, -4.719534, 1
-2.839327, 5.608498, 5.032259, 3.673218, 3.777258, 3.256693, -1.004265, 2.269478, 1.932055, -5.132530, 4.365648, -2.900738, 1.777851, 1.127893, -2.602724, -6.735777, 3.934883, 0.417288, -4.807243, -1.884289, 2.545141, 1.391933, -4.945518, -5.139347, 6.041386, 4.265535, 8.724531, 7.183058, 11.158716, -6.129620, 5.189724, -0.652945, 1
-0.418335, -3.116623, -3.969553, 2.856344, -4.358301, 8.646942, -11.308740, -6.548876, 0.783014, -5.082657, 4.356638, 1.302246, 0.815086, 2.731150, 8.197323, 2.464718, 4.447977, -3.289289, -8.290906, 11.844358, 5.183315, 6.671732, 3.765678, 2.453123, 10.282560, -1.480156, -7.447463, 10.735670, -4.167980, -2.338966, -1.411652, -0.163847, 1
-5.562822, -3.020332, -0.807692, -2.219196, -0.768311, 2.220509, -1.540110, 1.298351, 6.625223, -3.867464, 7.164700, -5.002356, 3.087450, 6.988855, 2.246096, -6.975391, -0.340332, 1.142090, 4.646362, 0.156954, -1.178833, 5.262356, 0.072308, 4.532274, -1.781834, -2.961061, 6.591625, -1.143890, -3.172758, 0.557795, -2.767761, -0.042736, 1
-1.706219, -1.951172, -2.597067, -0.599997, -5.045101, -8.765607, 3.815308, 1.872511, 6.522812, -2.980553, 0.450260, -3.311829, 4.495756, -1.411861, 2.018850, -3.554104, 1.055613, -0.533649, 0.793350, -2.512377, 2.683704, -2.605129, -6.427984, 10.432049, -3.461050, 7.334211, 1.580015, -6.603502, 4.173576, 1.438278, -2.607618, 2.837664, 1
6.575748, 5.643461, -10.393265, -1.691574, -2.146442, 1.638979, 3.934542, 5.979090, 8.190371, -5.311519, -6.932151, 7.832279, -1.086391, 2.299170, 0.616825, 3.248432, -0.909077, 8.289230, 1.557234, 5.659416, 12.413256, -0.366728, 5.117937, -2.960455, 5.670158, -0.511652, 6.608944, -1.634594, -1.131882, -2.627016, 4.749928, -8.008136, 1
-2.593870, -1.743889, 0.230379, -4.523396, 4.121967, 1.842306, -1.824633, 2.072071, 2.965685, 3.735361, 7.982384, 3.667734, 3.248861, -4.489077, -5.465317, 1.644848, -0.537437, 0.273600, -0.900242, 0.499479, 7.399008, 5.762348, 5.404797, 1.192448, -0.284254, 0.977823, -7.086661, 0.157087, 1.443407, 3.441338, 1.299719, 7.947865, 1
4.488079, 6.035242, -0.480143, -3.234522, -0.448654, -7.099560, -1.178028, -3.737860, -9.116920, 1.719582, 5.580172, 5.611288, -6.418130, 3.055202, 2.335300, -3.446852, 0.949350, 1.816280, -2.858818, -1.030527, 6.284601, 6.177820, -1.534187, 3.798487, 5.249834, 7.694075, -3.066412, -4.675591, 1.964190, -0.027840, 5.642351, 2.452818, 1
4.752897, 10.774649, 0.610056, -3.066832, 4.327932, 3.369448, 1.820709, 5.498652, 0.502752, -9.430964, 1.013660, 5.010138, 1.275019, -4.477320, -1.310696, 8.625921, -3.781570, 5.608385, -1.669455, -2.075464, 0.001619, 5.145298, 2.015047, 14.336931, 2.963123, 7.441509, -1.342260, 1.288855, -3.872269, -3.683655, 4.182116, -0.267792, 1
-4.330385, -0.115047, 1.340288, 0.065411, 2.980007, -9.991538, 7.546951, -2.339914, -8.603164, 2.196676, 2.687103, 1.599031, -0.894396, 5.965958, 2.502953, 12.002352, -5.990124, -1.796932, 6.785646, 0.182331, -0.639107, -5.350990, 6.307713, 0.918890, 3.763065, -6.826170, 9.147795, 5.663324, 1.604671, -0.792246, -0.943165, -2.135517, 1
-8.607440, -3.265490, 3.665300, 1.795427, -5.338942, 4.648102, 2.700790, 5.104519, -2.696901, -4.504646, 2.321358, -6.990438, -0.883377, -5.867731, 9.233795, -3.362255, 3.941523, -0.010935, -2.863087, 0.904774, 2.268677, 0.633436, -1.979328, -4.557810, 6.267012, -0.641375, -1.281134, 2.646849, -2.605658, -3.237862, 7.065258, 5.963188, 1
0.544085, -4.089012, 1.516615, -0.915485, -3.836849, 2.361193, -1.458876, 2.485224, 2.924402, 5.254122, 5.848253, 2.170113, -1.700394, 4.984997, -0.205931, 6.835648, -1.655079, 2.672972, 7.115562, 2.713331, -1.810917, 1.645267, -5.395856, 8.658293, 4.913296, -0.481073, 4.042967, -5.114569, -1.454323, -2.169802, -1.251350, -2.384695, 1
1.330542, 4.840834, -7.579098, 0.202644, 1.064306, -0.186764, -6.075958, -0.169617, 5.774391, -4.393188, 2.597963, 2.975895, -0.985826, 5.007496, 3.902519, -1.442572, 0.494486, 6.851072, -0.497347, 0.721872, 1.159065, 4.658049, 0.610956, -0.395245, 7.902983, 7.670153, 2.117674, -0.475222, -0.936161, 0.079142, 5.523378, 0.296556, 1
9.492908, 8.674694, 7.143087, 4.804121, 3.141201, 3.789431, 3.013968, -3.889225, 0.512661, 5.352102, 1.296568, 2.904293, 1.581841, 1.307945, 4.509554, 7.572729, 7.765806, -1.771317, 5.760843, 2.053711, -2.045824, -0.703791, 7.074739, -2.112305, 6.411451, 3.156898, 1.030201, 3.006538, -2.425661, -4.054976, 0.116735, -0.817385, 1
3.179272, 4.114960, -1.208241, 5.111471, 7.083109, -2.449087, -2.093090, 13.977350, 7.969107, 3.018831, 1.434385, -3.909954, -1.603634, -1.413212, 0.892267, -3.465214, -5.875385, 0.430866, 1.562515, 2.526243, 5.801626, -3.669090, 5.933966, -2.040770, 5.726215, 4.589966, -3.119156, 10.095444, -4.228580, -2.134111, -5.920707, 1.963587, 1
-1.717924, -0.654799, 5.478018, 5.027763, -1.181862, 0.085121, 8.167862, 4.452984, -3.519611, 7.305590, 0.933548, 1.035210, 7.159922, 4.009853, -1.449932, -7.340986, -5.092765, -0.052822, -3.091743, -3.928226, 2.860668, 1.970533, -2.774124, -0.238295, 8.087002, 0.568394, 5.535967, -0.473049, -1.765783, 4.547966, -2.650019, 0.506504, 1
-2.596651, -0.044863, -0.773888, -1.771587, 7.979063, -9.908580, 2.218224, 4.109875, 1.370024, -0.276730, 4.650719, -1.695915, -0.719675, 4.992403, 9.771151, 5.472481, 3.521702, -4.762583, 0.068180, 4.626326, 0.534697, -4.169008, -9.182306, 2.762012, 1.580029, -0.986624, -1.576544, 11.321955, 8.362444, -6.300825, -1.049219, 4.130312, 1
0.676674, 1.081272, 5.491835, -3.932974, -1.025358, 3.019054, 2.143145, 6.180841, 4.294292, 3.520672, 1.192532, -0.873087, -0.480511, 0.304585, 1.572062, 6.364647, -4.085190, 2.959932, 0.253763, -1.514889, 2.304705, 8.330681, 1.444069, 3.231806, 7.908144, 1.162764, -3.671991, 3.876148, 2.961388, -0.698553, -0.912188, -1.963846, 1
-2.549318, 2.075209, 1.285912, -0.546490, -3.339462, -4.143032, 1.885162, 0.570820, 1.808165, -6.653476, -0.553778, 0.098728, -5.940166, -3.971062, 4.517334, 4.845348, 2.465631, -2.277662, 1.755003, 4.235394, -3.069351, 2.612944, 2.679001, -7.575924, 2.706039, -0.281620, 8.871309, 4.953844, 1.694021, -0.507313, 7.013985, -4.141048, 1
7.685715, 2.670605, 5.634113, -8.104570, 2.528776, 3.820086, -2.577909, 1.242311, 4.263575, 4.962626, -1.296583, -1.640602, 2.555061, -1.550611, 2.356853, 7.190086, -1.621786, 3.070667, -2.867563, 5.836206, 8.816612, -0.715832, 6.253365, -2.563160, 3.317627, 3.159958, -0.149992, 4.597717, -1.151896, -1.684399, 0.038958, 5.315393, 1
-6.848220, 3.917892, 1.285007, 3.856792, 0.931549, -1.864624, 0.346361, -2.536860, 0.031597, 5.621006, -3.068535, -4.118084, 0.488026, 2.323309, -3.808662, -2.989262, -3.289238, 3.365576, 2.992764, 4.473316, 1.671585, -1.477751, 2.689896, 6.505095, 3.390936, 1.217638, 9.721443, 5.358576, 6.069021, -2.219648, 5.952917, -6.362211, 1
-0.742296, 0.184824, -4.979376, 4.523678, 0.595058, 0.449989, 1.320641, 4.579582, 3.125959, 7.540911, -1.291012, -5.329703, -0.664358, -4.925800, 1.719999, 5.841566, 10.501379, -3.059126, 4.938051, -0.379049, -2.821800, -5.665770, 8.501587, 1.602077, 3.075464, -3.325552, -7.674216, 3.344845, -4.835316, -3.885878, 1.991646, 2.209946, 1
6.975605, 1.094156, 7.310482, 2.455212, 5.771872, 0.049841, 5.105423, -4.031109, -3.645741, -6.086167, 8.497992, 5.042454, 2.273012, -2.065878, -4.888138, 2.842428, -2.981218, 1.301615, -4.702179, 7.052191, -3.617231, 2.132145, 8.766027, 1.158077, 1.361988, 4.059765, -3.690845, -2.185711, 0.975819, 9.635214, -1.135864, 4.659231, 1
-2.757397, -2.201815, 6.009441, -1.744524, -7.198592, 3.687101, 4.634769, 1.546774, -5.206752, 5.648275, 3.961592, 0.890717, -4.075905, 3.609795, -2.471924, -5.295105, -3.830740, 0.768322, 0.055841, 6.853767, -4.212616, -3.869171, -4.067236, -2.366856, 1.121820, 4.097685, 1.949350, 1.934946, 3.149923, 6.794220, -3.832949, -0.664385, 1
-0.395359, 12.876726, 1.898693, 3.287918, -5.741135, -2.036058, 7.314379, -1.082279, -0.983467, -7.706393, 8.948238, 2.352295, 3.502615, 3.791708, -2.461775, 3.049784, 1.052210, 3.808836, -1.283331, 1.576927, 2.301928, 2.786963, 5.840992, -4.736599, 6.886875, -10.570517, 0.316399, -2.162081, 1.271645, -7.708932, -2.343100, 0.699421, 1
4.715958, -0.162096, -2.373314, 5.553230, -2.569399, -2.354851, -1.812262, -0.340132, 3.414162, -0.512695, -0.947987, -0.289131, -2.450430, 9.950985, 3.593182, -8.599770, 3.734257, -7.390505, 5.309711, 4.484533, -4.812563, -8.645020, 0.672890, 2.409502, 9.150478, -1.101458, -0.500332, 1.712458, 3.807056, -1.498461, -1.726326, 1.779394, 1
-4.829117, 9.765491, 9.521748, -5.792572, 7.223225, 3.205254, 6.865789, 0.566069, -4.510937, 1.361376, 0.549307, 7.525660, -3.618414, -1.698906, -2.270599, 3.865429, 4.965832, 1.693401, 0.311321, -0.531569, 0.518457, 2.045868, 14.381567, 0.464785, 14.821154, 1.306555, 3.983326, -2.859638, -3.493883, 5.711788, 8.478611, 2.377420, 1
3.889750, 2.265722, 3.039618, 4.408159, 2.256338, -2.721075, -2.544617, -3.016560, -4.906931, -3.323763, 1.672298, 2.581913, 0.857021, -1.651031, -2.813505, -1.414158, 3.141647, 6.057970, -1.604641, 7.067459, -0.046604, -4.291084, 4.134228, -3.168903, 1.611137, -3.914518, 1.014071, 2.974264, -2.933470, -6.649823, 5.030014, 7.695740, 1
0.249296, 5.927486, 1.834206, 1.344013, 1.188776, 3.367500, 2.056177, 5.306477, 0.873642, -5.232702, -2.944408, 5.714319, -2.712328, 2.139214, 1.869404, -0.451254, -4.040361, 3.301432, 3.295170, 3.357618, 4.806999, 4.003681, 5.661177, 5.544001, -0.917881, 2.327776, 6.780190, 10.681700, 3.971357, 0.450623, -5.463386, 0.307674, 1
-1.274040, 8.837246, 1.123440, 5.660963, 2.193258, 4.922712, 1.233259, -0.757034, 4.981083, 2.234671, 4.842392, 0.498444, 7.029097, -2.575062, 1.091518, 3.238684, 1.558397, -2.187946, 1.410517, -1.025608, 1.907595, 0.014889, 0.883049, -3.799749, 2.757687, -4.488739, -3.034241, -6.846644, 0.103071, 5.174812, -6.779588, 8.848110, 1
3.072355, 4.321590, -4.295891, 0.893806, 5.940279, 3.703568, 6.071795, 8.544113, 0.634724, 2.084358, -4.207386, -0.554081, -5.004171, 6.487322, -10.088677, -4.816118, 0.303011, -2.416794, -4.052450, 1.395987, 3.890326, 1.629448, 4.501293, 2.595659, -1.662308, -0.100700, -4.749241, 6.253752, 1.648901, -1.023367, -1.475679, -1.580269, 1
-1.263563, 1.467060, -3.097506, -4.074654, 4.868769, 6.849901, 1.575550, -6.118847, 7.965643, 11.519773, -5.280103, 4.389694, 8.364590, -5.710485, -6.446922, -4.370554, -1.086132, 1.345890, 1.596598, 4.374430, -1.234007, 2.690491, -1.682430, -2.208286, -2.663391, 5.040878, -3.189011, 6.180872, 0.005062, 6.196144, -3.364676, 1.893787, 1
-0.394850, 11.974726, -1.344486, 0.359001, -3.744808, -1.125349, 0.184820, 4.713648, -1.036762, -3.619684, -1.545506, 5.027557, 3.092464, 4.460545, -1.475176, 1.055643, -5.552873, -6.362805, 5.591547, 3.705551, -5.406208, 6.725908, -2.015089, -0.514828, 9.755661, -2.470749, 0.515762, 0.316227, -1.301680, -0.882637, -3.445538, -2.807480, 1
-5.107239, 2.626472, 4.244938, -2.508228, -1.676651, -1.300287, 7.983984, -1.853437, 4.673620, 7.917543, -0.882303, 10.913500, -10.731287, -2.875347, -0.026079, -3.933773, 2.572680, -2.720249, 6.129679, -0.776037, 2.610006, 6.501413, 8.634647, 1.193523, 2.283278, -3.234982, -1.802977, -1.914873, -7.839974, -0.557266, -5.709732, -4.808050, 1
-0.228716, 2.363169, -3.023413, 5.711145, 1.711485, -1.410894, -2.593609, 1.064470, 2.578730, 1.111250, 10.796043, 1.942741, -1.572311, 1.330956, -1.010969, 1.228302, -2.629322, 3.024429, 3.655231, -3.015018, -2.133446, 0.677448, -5.086121, -5.338570, -0.830454, -1.569500, -1.247980, -1.707130, -4.397148, 4.416994, 3.888372, -0.086330, 1
3.561447, -4.616693, -3.728518, 5.171896, -0.376852, 4.996071, 0.790386, -2.204763, 2.438091, -4.203913, -4.877508, 0.635731, -1.945251, 3.486300, 1.388264, -0.972582, 5.466661, -7.132128, 11.006781, -10.067564, 6.101267, 2.503622, 4.038437, -3.164354, 0.730757, 0.809778, 3.299776, 1.272717, 2.323748, 8.227232, 5.239719, 4.443300, 1
1.156096, 8.996206, -1.170988, 9.082932, 3.712799, -8.024115, 1.303627, -7.083204, 6.983953, -0.682034, -1.577599, 0.469706, 13.629816, 6.830671, 0.554249, -6.990052, -0.711441, 4.666758, -5.801357, -0.218779, 5.820499, -3.975843, 3.902899, -4.003548, 1.542822, -0.738100, -0.237553, 0.430029, -2.718679, 1.770687, 10.846003, 1.027975, 1
-0.463821, 5.415848, 1.997114, 2.843216, -3.256252, 1.921389, -3.517754, 4.894947, 2.509518, -10.908159, 0.596790, 5.544603, 9.734863, -2.350542, 13.217215, 5.897463, 3.489874, 2.889427, -5.647592, 3.644604, -4.597240, -4.865395, 4.985247, 4.682758, -10.126829, -1.411125, -10.435227, 1.268829, 2.624105, 1.044775, 0.916025, -3.780327, 1
3.646782, 3.578953, 0.399761, -2.039410, 2.612804, -0.909660, 3.815689, 4.977747, 4.556587, 4.475750, -3.683567, 5.399429, -0.998096, 13.852625, 2.131460, 8.967613, -7.769796, 1.053085, -5.602395, -0.162239, 2.586597, 3.251036, -4.146648, 0.530748, -1.769478, 1.220793, 7.997076, -5.355336, -1.736837, -0.743784, 5.373722, -4.778650, 1
-2.447268, 0.591557, 9.218733, -2.810591, -0.009970, 1.169094, 1.931021, 1.182102, 6.533854, -1.004400, -1.032255, 0.412577, 6.935301, -2.630121, 1.276415, 9.038868, -2.562038, 1.308340, 8.629669, 0.914646, -7.431164, -3.064295, 10.602758, -1.448231, 4.059509, 4.691242, -5.767837, 1.761879, 9.100487, 7.917065, -1.046602, 7.385712, 1
-3.759663, 0.981060, 4.572916, -5.882036, -1.972321, -6.575588, 4.404531, 2.549778, 2.983019, 3.030806, 3.041790, -4.334137, -8.240372, -1.724560, -1.713406, -0.854858, 6.841738, -3.396860, -1.262627, -2.103704, 8.172850, -4.060266, -2.357891, -4.165192, 2.145828, -3.185905, -3.818531, 11.960161, -0.166889, 3.271721, 13.248449, 2.385170, 1
-1.471792, 3.640902, 9.307211, 0.437784, -3.551146, 0.146179, -4.386452, 6.115080, 2.542013, 6.207602, -3.148790, 2.219433, 1.232578, 11.003088, 1.176252, -4.968288, -5.392131, -8.622536, 1.643066, -3.529221, 5.629446, 0.216654, -9.144195, 4.555220, -7.288699, -5.565914, -5.630029, 0.672045, -4.068367, 4.685623, 5.252859, -10.747040, 1
4.030634, -1.047035, -1.478971, 2.934612, 1.174309, -4.058832, -5.346605, -1.253513, -0.575567, 7.919727, -3.041752, -3.778259, 2.826567, -1.467327, 5.238718, -2.210867, -2.717899, -2.420620, 2.414698, 6.917221, 2.497414, 3.833893, -0.829952, -3.001905, -0.065907, 4.372412, 3.484217, 2.153118, 1.426218, 3.516462, 3.589365, 0.160830, 1
4.914883, 0.307631, 7.107658, -3.709818, 1.469851, 2.047867, 1.477226, 0.186161, -0.475874, 5.825186, -1.428898, -3.169550, 2.559540, -3.812422, -2.576099, 5.783699, 6.364710, 5.271366, -7.400497, -0.903055, -0.198330, 0.324129, 3.756197, -0.946939, -0.823797, 0.207237, 9.264477, -1.060741, 2.395779, 3.332096, 6.946148, -5.092587, 1
-2.540518, 1.913639, 7.763632, -1.895460, -0.171442, 3.216492, -5.683598, 4.592161, 5.951248, 10.531158, -8.160922, -1.332018, 1.613218, 1.164557, 2.447187, 1.871279, -1.794563, -2.488480, 9.090984, 0.131056, -1.600233, 3.710375, -6.143391, 5.417505, 1.119287, 3.914270, 3.792753, 0.636818, -9.512094, -0.052420, -0.840263, -5.640307, 1
2.553862, 4.858843, 3.778601, 0.300787, -2.924503, -6.079735, -5.559228, -4.952881, 8.899805, 3.412035, 5.380522, 1.494013, 5.361362, 1.286051, 6.669981, 5.325876, -2.671196, -13.926174, 0.997559, 10.295553, -1.497852, 0.049520, 2.488031, 6.145905, 10.396093, 1.626511, -3.824591, 1.497431, 1.303032, -5.048841, -2.142815, 0.049400, 1
0.896294, 4.504902, 2.874811, 8.440037, 0.700741, 4.695210, -0.328207, 11.849802, 7.469921, 0.655287, 0.859087, 7.333044, 1.439039, 2.045074, -1.675499, 8.354734, 0.951839, 7.155174, 1.352201, 7.933437, 0.904499, -3.571215, 0.608570, 0.785215, 7.174625, 0.010517, 3.425638, 1.829166, -5.363221, -5.191467, -4.401541, 1.957882, 1
0.472691, 1.399277, 0.233196, 0.021261, 0.850473, 1.267435, -1.983040, -1.783604, -1.629181, 2.056143, -1.542332, 2.240896, 2.486561, 3.281282, 2.317057, -1.854143, 1.805103, -3.133570, 0.896715, -2.433441, -5.175035, 2.743376, 0.668201, 3.147484, 0.191397, -2.109591, 1.314262, 2.234232, 0.399878, 4.627821, -4.211771, 4.831020, 1
-0.137932, -3.868084, 1.174772, -0.038740, 6.077124, -5.181703, -4.824476, -0.065901, 5.365616, -3.392073, 0.145679, -0.169357, -3.321527, -3.207233, 7.431128, -3.230333, -3.126707, 6.157713, -0.745382, -1.272381, 2.850693, -2.166233, 1.493286, 4.769197, -3.116671, 7.283556, 4.456968, 3.870398, 3.113802, 2.925798, -1.962101, 7.520161, 1
0.698301, 3.670736, 3.544571, 9.087734, 0.188034, -3.698944, -6.570367, -0.819124, -3.455999, -1.055704, 6.543657, -6.360215, -6.140941, 0.743505, 3.068140, 6.223206, 3.986021, -0.864359, -3.723846, 0.444559, 0.725845, -5.564531, 9.684813, 3.206894, -0.782692, -2.456360, -5.485117, -1.721745, -2.409924, 4.226082, 0.341776, 2.577515, 1
-0.007002, -3.317398, -3.837896, 1.157606, -6.799006, -2.198139, 4.051924, 7.851263, 2.767349, -11.102076, -4.485193, 4.781244, -1.368221, 3.534950, -0.188171, -0.406473, 2.017673, 2.502470, -2.872887, -0.479933, -0.331093, 0.791683, -3.035429, -0.432199, 5.513704, -7.146698, -0.028973, -3.813915, -1.193010, -1.334164, 8.650532, 0.996582, 0
-4.339130, 4.709364, 3.581886, -0.258900, -6.947968, -1.018162, -5.768970, -7.116343, -2.394566, 1.380220, -6.360971, 1.138182, -11.168380, -8.932801, -4.831856, -2.784697, 1.168970, 1.051952, 0.093187, 3.315075, 2.909048, -4.668276, -0.014582, -2.527124, -4.933718, -6.564924, 2.700474, -7.116045, -4.163671, -1.365097, -6.995779, -2.118916, 0
-6.788502, 2.387486, -9.403464, 4.827345, 1.162548, -3.380552, 1.126339, 3.376099, -5.383760, 0.098125, -1.430721, -5.011082, 4.889772, -2.908489, -0.365898, -7.049019, 0.490019, -0.835384, 0.359978, -11.496779, -8.029410, -0.798273, -9.147120, -4.005219, -1.885132, 0.577684, 4.542227, -1.186813, -2.054693, 0.981251, 0.116465, 2.437273, 0
-0.608315, -3.900354, -3.350491, 0.823162, 3.705795, 2.492508, -11.607569, 1.965937, 4.390270, -3.084148, -3.536676, -0.361130, 0.047026, 5.657160, 8.556665, -4.428476, -2.331038, -8.956565, -0.727688, 3.508020, -5.641916, 0.924984, -0.779785, 2.228436, 2.548960, -4.441935, -1.460835, 3.460081, 0.398539, -0.695477, -2.916044, -1.137745, 0
2.479544, -0.194645, -6.378521, -4.424419, 9.015306, 0.259674, -1.722984, -3.042440, -0.068813, -1.773933, 8.770800, -4.083561, 0.863419, 3.250181, -0.317696, 0.587934, 3.836477, -6.824499, -0.501904, -3.104221, -0.771193, 3.855043, -3.746017, 0.516314, 4.856466, -0.740198, -6.285784, -1.186140, -1.628401, -1.555599, -5.663023, -0.660734, 0
-9.962765, 4.847366, -7.088881, 0.196983, -1.869614, -1.857948, -1.171865, 11.016039, -4.901531, -3.078588, -0.027868, -4.164940, 3.674208, 6.786543, 1.043383, 0.417658, 3.567375, -6.510483, 1.136654, 1.515018, 4.553391, -3.113871, 1.336050, 0.095465, -0.807552, 0.314291, -2.239664, -5.393984, 2.289234, -8.210814, -3.506477, -9.389235, 0
1.078024, -2.470785, -5.187447, -3.795973, -0.099306, -2.803099, -2.378794, -1.865274, -1.964254, -0.167717, 0.389334, -1.960863, -0.008188, -3.072416, -0.995237, -1.140163, 2.199429, -2.576180, 1.651392, -3.676464, -5.079247, -6.356651, -3.491964, -2.054783, -0.708981, -9.053426, -0.527056, -5.000303, 2.598373, -4.111803, 2.158747, -1.626053, 0
4.205740, -8.814711, -2.286661, -8.268826, 2.387295, -2.210358, 7.988169, -5.211565, -5.637434, 8.907988, 5.813089, 4.173283, 2.042370, 7.287933, -2.425320, -3.136389, -3.461306, -1.929296, 2.239836, 8.584375, -4.738894, 1.301046, -1.933050, 1.116142, -1.507423, -3.068487, 1.761673, 6.423847, -3.057953, -0.301308, -2.293428, -8.111104, 0
-0.788832, 5.351484, -2.373592, -5.445724, 1.979378, 0.835407, -9.197744, -0.353060, -0.237005, 2.324284, -0.164553, 0.206385, -6.988869, -0.502548, 4.788321, -2.270895, -4.155367, -11.287724, 1.245182, -5.502104, 5.469336, -5.863823, 0.223675, -4.562057, 1.448767, 3.458256, -1.895105, -6.283104, -2.192003, -5.488325, 0.344095, 2.573727, 0
-8.515791, -3.644083, -9.817658, -4.446293, -2.556599, -3.951477, 3.281549, -10.473743, 5.091026, -3.041786, 3.085487, -3.712051, 3.587158, 1.588430, 3.927023, 2.907219, -10.329250, -2.460592, 0.331348, 5.342627, -9.545674, 1.789415, 2.238531, -2.407209, 3.080746, -7.091316, -0.315058, -2.916828, 1.216404, 4.756147, -1.945356, -3.224493, 0
-0.724274, 1.246483, 5.449348, -3.269598, 1.043932, -7.333220, 0.596985, 5.340168, 1.180294, -0.277723, -6.548361, 0.608572, 0.667528, 1.315451, 3.769562, 2.649937, 0.723728, 6.385889, 3.256847, 1.315201, -6.210258, -8.577431, 1.596657, 6.005491, -1.937967, -4.751165, -3.442451, -8.177516, -3.788130, 2.652172, -4.247778, 1.186787, 0
1.760052, -5.395983, -3.133680, -5.517582, -1.959631, 0.183170, 3.015882, -3.966976, 5.283522, -2.335323, -3.237949, -2.595430, -6.571735, -6.231211, -7.138716, -8.092845, -6.499916, 8.375301, -4.202965, -2.419058, 0.267872, 10.435331, 2.631290, 1.729839, -1.544182, 2.809542, -0.382450, 4.470079, -8.198895, -2.178644, -2.848528, -1.008257, 0
7.196667, -5.664911, 5.170975, -1.904282, -0.705072, 2.645590, -3.185184, -2.653858, -4.563913, -1.731440, 2.545807, 1.422012, 5.631258, -6.531256, -2.606472, 2.628761, -7.857655, -5.386629, 9.013563, -3.334639, -1.662561, -5.397923, 3.563791, -4.696442, 5.860615, 0.419107, 3.981922, -0.278709, 2.564352, 1.866186, -3.209293, -5.463797, 0
-4.994448, -0.410139, 2.629189, -10.404559, -2.653826, -3.086704, 0.053450, -1.998589, -8.003479, -5.143883, 2.927595, 5.647680, -5.954899, -1.771200, -10.724305, -6.896786, 4.032148, -3.885733, -3.461742, 0.574478, -1.157766, 4.177948, -6.101110, -8.532771, 2.708687, -2.283415, -1.903730, 5.349304, -3.696550, 0.861876, 9.558817, 2.384960, 0
-3.025702, 5.568296, -6.479445, -2.803207, -0.484924, 3.877661, -7.045374, 7.534494, -1.056391, -1.368250, 5.383976, 1.634550, -1.924877, -0.785269, -5.721651, -8.424780, -8.564786, 2.035488, -5.749437, 2.196749, 2.908686, -1.041183, 9.913454, 3.443563, -2.310699, 0.956892, -4.460829, 4.679062, 3.746220, -8.338542, -1.387684, 1.304960, 0
-3.137669, -8.458799, -5.667019, -4.660629, -2.063936, -2.440241, -2.090160, -5.520334, -6.872948, -2.254646, -4.558722, 4.374317, -0.992203, -5.815414, 2.935282, -2.772240, 0.911922, -1.191467, -4.346951, -5.207769, 5.129280, 2.142941, -2.774031, -3.816137, 0.615540, -2.606459, 2.341475, -5.177961, -3.605062, 1.061968, 0.760992, 0.325748, 0
-0.855318, -3.440758, -0.821970, -3.240948, -1.979208, -4.245245, -0.620401, -1.085585, 7.112976, -9.791562, 0.010563, -4.315689, -1.704697, -2.987572, -5.779333, -2.231941, -3.092613, 5.826887, 2.312775, 0.325672, -7.906217, -3.044619, 4.935949, -6.527386, 8.073755, -1.643976, -6.117775, 5.214048, 4.114077, 1.439705, -4.151709, 1.976732, 0
-8.669622, -1.586781, -3.971539, -18.670630, -1.791142, 0.192883, -8.438183, 9.678053, 1.091917, 3.503233, 1.588055, -10.299487, -5.156006, -8.081504, 1.271494, -4.353947, -0.721600, -3.606480, -7.796685, 3.417120, 1.306028, 0.417135, -4.625444, -17.254246, -5.118511, 1.109888, -0.483015, 4.537838, -1.519054, -0.463142, -3.737923, -4.986086, 0
-2.965097, -6.839605, 4.661818, 0.050604, -6.871944, -3.590744, 1.961987, -2.475447, -1.934101, -3.872068, 0.211798, -3.237812, 6.724205, -6.449535, -1.937204, 1.002836, 1.525284, -4.490662, -1.488605, -2.056585, -9.577372, -3.092543, -4.958988, 2.914761, -5.760695, 5.695671, -2.402258, -4.810190, 13.356112, -0.676683, -1.074419, -5.570528, 0
9.263708, -2.737644, 4.571339, 3.768068, 0.024672, -6.333252, 1.954945, 0.613518, -4.092390, 2.732306, 2.409664, -0.702702, -3.560986, 6.982710, 0.602554, 1.192963, -4.730856, 4.311230, -1.303896, -2.700924, -7.025719, -2.132647, 0.922186, -1.687761, -5.204231, 3.006285, 3.331692, 3.659323, 6.600931, 1.776823, -9.334555, -6.470896, 0
5.763805, -7.709736, -1.309874, -9.500099, 6.752048, 0.134398, 4.457930, -4.006748, 2.486824, -6.226416, 2.244202, -4.675999, 0.905460, -5.470318, -3.883677, -0.283625, 3.128540, 2.803934, 4.048426, -0.958851, 7.586546, -5.585890, -0.187475, -13.900042, -0.542107, 1.023609, -13.641480, 0.085871, 0.378174, -1.859026, -0.084736, 1.805513, 0
3.346449, 6.335478, -0.274246, -11.420111, -6.371536, 7.439281, 5.788950, -2.680275, 0.103704, -2.506386, 2.664167, 2.083139, -3.046955, -9.466119, 5.850765, -3.255867, 3.224859, -6.898094, -3.158445, 0.641308, -5.207964, -6.159275, -2.196003, -5.017134, -3.719851, 3.017868, -10.001562, -1.545067, -0.138092, -3.941996, 8.124607, 0.324310, 0
-3.697332, 2.862417, -0.176058, -2.643631, -5.531410, -4.824623, 4.563911, 3.466011, 2.752367, -0.515877, -0.924744, 6.577908, 3.607439, 2.609562, -5.394421, 1.780861, 1.097929, -0.532377, 5.449181, -5.167732, 5.554884, -5.522131, -0.376488, 1.124020, -10.030455, -4.506979, 0.307055, 1.601118, -0.047709, -6.690687, -4.604996, -7.484416, 0
0.939314, -6.838745, -7.100389, -8.231073, -4.069099, -7.032099, -5.937540, -4.129742, -8.694900, -2.029659, 2.895168, -2.910048, 0.559048, 1.137161, -2.371632, -5.727564, -5.654972, 4.117971, 6.192932, -4.287302, -4.591036, -1.585426, -4.024933, -1.477539, -2.599218, -4.702888, -2.755903, 6.298714, 12.035105, 3.904343, -0.036831, 3.768761, 0
-6.982260, -1.185574, -4.040815, -7.650208, 2.681507, 0.927715, -6.692154, 1.026958, -9.312831, -9.215333, 6.032219, 0.985546, -4.336241, 3.086529, 2.368027, 5.200312, -3.296095, 1.558413, -3.422720, -10.903234, -1.637913, 7.135508, -5.005260, -3.615469, -1.937231, 2.077810, 4.268240, 0.871527, -4.462135, -2.768429, -8.291572, -9.715597, 0
8.056471, -0.436260, 5.550644, 4.127388, 3.182201, -10.648938, -5.575874, 0.048269, -3.241766, -3.821787, -2.970881, -3.008997, 6.202074, -4.903603, 5.191492, 0.596151, 1.063990, -0.426754, -4.966846, -3.501432, -2.236717, -11.671514, 0.853846, 1.887119, -5.848227, -7.206629, 0.391354, -1.127531, 1.357674, 0.886438, 5.153196, -3.362759, 0
-1.191757, -5.684277, -1.807018, -5.624741, 0.932926, 1.019594, -6.954418, -4.989702, -8.067152, 0.075085, -1.530926, 10.191381, -1.339321, -2.817066, -10.893917, 2.009077, 3.946241, -3.613758, -1.156727, 6.477354, -5.377045, 1.080540, -1.958649, -0.275448, 0.203724, -5.332830, -1.840288, 2.736500, -3.266197, -3.594391, 2.635839, 1.782362, 0
0.209641, -2.167398, -2.276758, 0.815393, -6.974262, -1.316591, -2.067097, -5.628227, -4.603682, 6.900251, -1.532190, 5.072407, 4.523685, -8.631481, -4.548264, -2.120550, -5.724653, 3.592314, 10.098791, 3.618103, 0.115486, 0.408216, 1.836882, 1.597591, -5.610079, -5.709692, -2.129866, 0.648502, -4.790232, -3.326048, -7.526132, -2.140179, 0
5.596577, -4.315149, -1.727558, -4.150377, -9.365244, -4.739634, -7.806910, -4.269688, -0.791426, 1.398174, -2.158504, -2.698498, -1.567091, 1.676138, 5.275871, 2.137115, -3.405466, -0.528618, 3.145445, 5.668480, -3.602249, -4.996538, 2.410751, -4.032816, 5.323820, -10.823449, -3.988684, 3.654041, -2.072237, 8.059067, -3.953653, -6.062855, 0
0.604897, -3.974400, 5.018999, -3.263958, -2.482101, -1.178520, -5.550011, 1.478146, -1.969503, 8.030821, 4.620857, -5.947166, -0.070486, 3.230356, -5.344378, -1.344135, 0.060593, -6.537066, -4.973845, -1.598440, -3.163324, -1.106691, 3.421247, -10.211913, -3.708576, -4.289703, -0.028952, -10.170620, -6.824694, -7.757696, 0.080873, -4.262106, 0
-7.946856, -5.664423, -8.263758, -5.084274, 8.488573, -1.793398, -1.089558, -4.226616, -0.266716, 0.096342, -2.169233, 6.799925, -1.819370, -2.670265, 6.219530, 6.459988, 1.861019, -2.439457, 6.624784, 3.178701, -0.345678, -4.533827, 0.970886, -5.987925, 1.883867, 3.275816, 8.638250, 2.401176, 4.664013, -0.081440, 3.637270, 0.917557, 0
-9.312614, 2.248095, -1.009163, -5.193409, 1.581196, -1.294214, 0.715633, -2.084101, -0.027117, 0.986874, 6.781511, 0.216913, 13.450010, -2.067535, -2.718552, 2.921370, 5.161846, -3.143211, -8.840335, 4.681576, -0.102814, -2.136585, -6.295584, 2.683006, 2.193121, 0.772348, -1.532217, 2.898434, -7.860413, -0.306360, -4.228304, -1.378490, 0
-2.037542, -4.320021, -1.732498, -4.994881, -2.324341, 0.667717, 1.938368, -7.557941, -6.414021, -4.515287, -1.197826, -5.414925, 3.617069, -4.105173, 4.127356, 6.509027, -0.202436, -6.149590, -1.312473, -1.981318, 3.105150, -7.077285, 5.275005, 6.793406, -4.517229, -2.620190, -10.848359, -2.766750, -1.806919, -0.301291, 2.464903, -2.921576, 0
-11.862949, -7.337062, -2.384588, -6.162813, -5.268768, 4.721310, -7.458271, -0.367874, 2.999950, 2.489298, -2.291822, 6.518789, 9.132513, -0.486031, -0.916294, -0.642845, -0.451523, -0.520374, 10.719259, -0.438145, -3.312449, 2.738943, -3.821924, 2.705303, -2.457478, -5.749382, 0.573826, -1.460047, -0.780666, -5.403555, -0.791817, -0.605177, 0
0.959278, -2.259691, 3.807592, 4.246437, 2.142349, 1.870787, -4.836700, 5.076883, 8.323835, -9.561167, -6.370520, -7.419814, 2.311647, -2.336243, 5.754320, 2.932135, -3.492374, -5.930679, -3.397743, -7.826348, 3.529318, 6.233280, -10.139326, 5.870138, 4.539833, 2.357195, 2.952955, -0.104160, -4.194048, -2.451389, 4.485607, 3.378159, 0
-7.858592, -1.962221, -4.306902, -1.780285, -7.068982, 0.917322, -4.244019, 7.218933, -1.467003, -0.319883, 3.305162, -4.587629, -3.243368, -1.236580, 2.990223, -4.102917, 1.809542, -1.214945, 0.146887, -1.869480, -3.796055, -6.706337, 3.763783, -3.869251, -1.894850, 0.280863, 1.706820, 3.265486, 2.682896, -0.549877, -10.932227, -11.660801, 0
0.865677, -4.127758, -1.158978, 4.783234, 0.652206, -5.900051, -1.813017, 0.375214, -3.153149, -1.913231, 2.575949, 6.360725, -0.518667, 1.669163, -0.563244, -6.646505, 2.663763, -1.455923, -7.132285, -12.175588, 1.882412, 5.791553, -4.222910, -5.133808, -4.302614, -0.579308, 1.014168, -0.702421, 1.355337, 3.312187, -6.919521, -2.140093, 0
0.648457, 1.458652, -7.204622, -0.176563, 2.394964, -1.033905, -0.593699, -2.481531, -8.269349, -4.297461, -4.732859, -0.214880, -3.627312, 4.013254, 0.733133, 1.806562, 5.728451, -1.127434, -3.202465, 1.705503, -2.738312, -9.744950, 0.513762, 3.654619, -9.315248, -4.464987, -1.217823, 6.810555, -3.832825, -6.773857, 2.230080, -4.604534, 0
-3.729448, 0.673712, 4.551901, -0.965332, 2.331875, 4.377588, 1.758268, -2.613415, -1.531416, -4.035152, -3.082232, -1.191996, -7.282273, 7.703068, -1.215200, 0.338793, -9.785495, -3.579170, -1.672831, 0.657064, 6.619427, -6.387877, -2.208508, -2.821846, 5.936550, -3.286528, -9.061133, -5.393383, -4.490686, 2.913517, 1.069988, -5.087420, 0
-2.611153, -2.296782, 0.090061, 1.363499, -2.887535, -3.549891, -2.995001, 5.799053, -7.334210, 4.133823, 7.644129, -1.602015, -4.476940, -1.632496, 0.855400, 3.861700, -3.856409, -0.260460, -4.734018, -0.600233, -3.920092, -2.383326, -2.667114, -4.592037, -4.289270, -5.261091, 4.442854, -9.899343, -7.514157, 0.338022, -0.014610, -0.338228, 0
-0.181854, -3.782703, 1.513250, -7.836959, 2.959820, -4.607437, 4.331228, -3.235064, -3.142683, -0.118488, 7.502554, 0.049583, 8.691364, 0.587265, 0.941214, -0.319416, 3.941723, -4.322893, -5.593025, -3.670145, -8.007956, 2.687737, 0.200815, -1.579716, 1.213404, -1.166391, -8.455612, 5.240929, 1.817553, -3.986675, -0.323118, 2.786974, 0
-6.435760, -4.087860, 0.382883, -6.515978, -1.403328, 2.869867, 4.877308, -7.103031, 4.593271, -5.545696, -6.511129, -3.948055, 5.328505, -3.750751, 5.761715, -4.672590, -4.937342, 3.967983, 1.698547, -3.074198, -4.773161, -4.921438, 6.315660, 0.663647, 2.457182, -2.666719, -2.525011, -1.315075, -0.280695, 4.447580, -2.839521, 0.244982, 0
-2.251034, -4.850527, -2.969992, -4.837069, 2.819775, -2.251997, -0.028313, -4.310852, -4.809591, -2.865932, -5.706312, -0.034172, 4.556427, 1.856350, -3.615477, 0.041311, -7.485376, -1.557152, -1.862843, -2.682158, -2.098509, 8.514444, -6.644987, 1.531990, -5.459839, 7.866280, -5.056610, -1.527931, 0.211809, -3.534603, -5.197683, -8.881440, 0
-1.969446, 2.140623, -10.751148, -2.807184, -6.000935, 5.544935, -0.403509, -12.012658, -3.867575, -1.073547, -2.150578, -5.389797, 2.995960, 4.168797, -2.792032, -3.352304, -3.304735, 2.229055, -1.035259, -2.009991, -1.373163, -10.844687, -1.103786, 2.217775, -2.463041, 1.668358, 1.225901, -5.882610, 1.697401, -0.223288, -4.807961, -5.467287, 0
-10.626034, -5.774616, 5.398298, -5.158039, 2.378752, -4.832630, -3.636860, 3.689297, 1.573166, -5.401548, -2.270014, 3.838472, -7.552098, -3.786348, 10.842852, 1.342453, 5.103416, -0.032360, 1.033756, -5.234196, -3.972502, -3.899227, 5.873539, -0.004608, 3.414068, 8.558149, -3.768505, 0.944139, -0.666384, 7.664036, 4.720562, -3.019127, 0
-6.137142, 0.713789, -8.844866, -3.639835, -3.936823, -5.386477, 2.953482, 0.588518, 0.257551, -1.684546, -1.681484, -1.792336, -0.456104, 3.588177, -1.370317, -6.088133, 1.198528, 4.514542, 2.762545, 5.095419, -3.857922, -3.481234, 5.254332, -14.730357, 1.480650, -7.030437, -3.580347, -0.700739, -3.393572, -0.794903, -3.238733, 1.940266, 0
1.068218, -8.873069, -2.432743, 10.196215, -3.484364, -7.542626, 3.446327, -3.158541, -2.245829, -7.208553, 3.069008, 3.515594, -3.500517, 4.523642, 11.031477, 2.855776, 7.107645, -13.191082, 2.580759, -2.278320, -11.336659, 0.916727, -3.905012, 1.223656, 4.318857, -1.136633, -3.333796, -11.323771, 0.258858, -3.142416, -0.065161, 0.857658, 0
1.405317, 4.774181, -5.564993, 10.646135, -1.496735, -1.997858, -1.321331, -8.110597, 6.472250, 0.047338, -5.482542, 3.108347, -5.032139, 1.593849, -3.376213, 5.445223, 2.208147, -2.674643, 3.586277, -1.440475, -5.910442, -1.230619, -3.634539, -1.980499, -0.998690, 0.091759, 2.537352, 10.996012, -3.531885, -3.499069, -2.884720, -8.575843, 0
7.841457, -6.765966, -7.212018, -8.135601, -0.655817, 0.113909, -8.419477, -0.131096, -0.818583, -2.004955, -0.058304, 0.711016, 5.852251, 5.545876, -3.341841, -3.126825, 3.350981, 1.080990, -0.487888, -0.687111, -2.369295, 4.961317, -1.156683, 0.230160, 3.170515, 2.679792, -3.304459, -0.575266, -6.261662, 4.671114, -0.938896, 3.556870, 0
-1.790804, 0.151480, -3.385147, -3.129435, 3.498600, -5.415504, -3.892126, 3.347242, -4.803520, -5.323078, -1.164114, 2.756979, 1.156239, 0.458265, 5.044916, 3.746805, 3.538197, -3.975967, 4.742727, 1.723377, -3.236000, -2.821291, 0.421112, 0.996208, -0.017822, -0.847504, -4.231472, 1.085390, 0.343493, -5.065392, -6.757751, -6.597097, 0
-7.685287, 1.599695, -4.143353, -8.186503, -1.673512, -1.145330, 0.785643, -1.780348, -6.405096, -3.729822, -3.511009, 4.164648, -6.576111, 2.817333, -0.805695, 0.221682, -5.997112, -3.990921, 2.569881, -1.016853, -2.215927, -9.936740, -3.793867, -4.956923, -8.295774, 5.851917, 5.383829, -3.084888, -3.372005, -4.033583, -7.331530, -1.154284, 0
4.536341, 0.325878, 1.378763, 0.229126, 0.015652, -6.406368, -3.263855, -1.147758, -2.996109, -3.195786, 2.510633, 5.876839, -6.357306, -10.505944, 4.191505, -3.646009, 6.919907, 2.339520, -4.543549, 3.877684, -0.417688, -9.617496, -1.360765, -0.778086, 0.184292, -2.243814, 3.224876, -9.095985, 4.222870, 2.012184, -0.746466, -3.865187, 0
2.803196, 0.443159, -5.073847, 3.685772, -5.630220, -0.882654, -3.685709, 0.274122, 6.807428, -2.253349, 7.576223, -0.226807, 2.721682, -2.623220, -2.571390, -6.451748, 1.937798, -1.147404, 3.494650, 1.118904, 2.007172, -2.239513, -0.844624, 7.160997, 0.498341, 3.685764, -0.122192, 0.534765, -0.016764, -0.716255, -2.155415, 1.165533, 0
1.922689, 1.499863, -7.987411, 7.341852, -3.194008, -0.607357, -0.278116, -9.046734, -5.582903, -0.412350, -6.638245, -1.764772, 1.198259, -1.133768, 4.904684, -2.325819, -3.636742, -0.035074, 0.017616, -4.578341, -2.536718, -4.643187, 0.382788, -6.524118, -2.388769, -1.054554, -9.757234, 3.817127, 3.617903, 4.320402, -2.784126, 4.168741, 0
-4.764055, -1.097969, -8.026190, 3.854334, 8.367004, -0.392584, -7.961904, 0.595018, 3.353212, -11.633224, -1.120935, 1.780613, -3.331234, -3.857473, 3.360117, -4.351482, 1.298136, 3.020269, 3.186699, -9.569438, -4.434252, 9.475679, 2.586708, 7.312252, -0.173239, -1.544943, -1.549711, 3.529276, 0.390181, 4.534174, -3.246023, 1.319551, 0
-5.811079, 0.671566, -2.657644, -3.332336, 4.107861, 0.229130, 0.442051, -10.231030, -1.740551, -3.452351, 0.950455, -1.909149, 2.219988, -3.357626, 0.694790, -3.027458, -3.207447, -4.385235, 6.267796, 1.962294, 6.053825, -9.036769, -5.687450, -3.750048, -2.052586, -9.494687, -2.256231, 3.208628, 1.895847, -1.883400, -6.287085, -3.809118, 0
-1.609510, -0.292707, -1.705153, 6.997686, -0.346344, -4.509851, 3.807926, -0.433123, 3.451302, -6.187723, -4.113993, -3.220169, -8.309505, -3.030930, 9.819044, -0.387344, -0.675049, 1.647068, -0.695435, -6.445936, 3.200922, 2.262465, 1.998621, 2.856670, 2.002409, -3.579288, -2.614550, -0.031303, -6.412535, 0.097963, 2.110247, 4.237356, 0
0.312954, -3.318384, -5.997520, 0.834591, -1.519590, 0.337328, -0.376570, -7.097846, 2.820099, 2.371431, -0.571384, -5.890732, -5.736559, 0.182447, -3.700989, 2.527683, -4.227703, 0.808369, -0.531713, 6.479021, 0.424625, -4.689701, -1.581377, 0.360664, -1.122385, 3.292101, -11.752736, 5.926723, -4.342880, -0.094835, -3.821039, -6.954483, 0
1.919680, -0.049446, 0.028666, -0.389299, -0.812428, 1.780973, -3.085180, -2.221165, -2.963116, -7.040415, -1.399408, -5.541117, -2.125013, 1.269850, -5.344645, 5.224298, 0.019733, 3.695076, -4.283554, -7.327827, -0.106289, 0.855145, 0.551153, 8.832216, -0.704344, -8.431717, -7.097898, 4.010443, 0.292383, -1.935612, -3.081413, -0.695337, 0
1.598787, 5.161240, -7.963414, -1.281130, 8.135571, -6.189594, -4.431211, 0.574385, 9.383410, -1.393145, -1.316032, -4.938677, 1.054819, 6.752287, 6.801058, -4.751369, 1.064341, -0.403193, -9.127791, -6.454973, -5.981222, 4.813749, -3.208166, -5.787779, -3.115637, 1.476728, 2.318098, -0.784580, 0.971529, 3.152412, -1.404505, -6.450565, 0
8.231197, 3.563749, 4.033222, 1.825304, -1.558613, -2.596756, -3.111431, -1.847948, 0.712616, 2.203358, -2.733534, -3.207956, 0.974092, 1.801477, 1.412775, -3.512072, 2.656744, 0.763569, -5.448359, -3.065094, -4.189861, -2.345608, 2.388380, -2.511257, -6.493418, -3.361919, -13.778583, 3.349075, 1.912230, -1.297081, 2.473141, 3.397429, 0
1.050995, -8.577975, -2.312904, 4.477919, -2.952276, 6.041159, -4.166906, 6.857286, 3.129093, -10.594133, -1.291914, 5.291357, -3.434464, 2.924026, 2.741817, -0.863880, -5.127842, -2.305389, -1.187880, 0.328884, -4.273907, 0.634375, 8.113920, 4.251148, 1.536009, 6.745989, -3.590483, 2.453220, -0.550850, -0.088192, -0.547165, -2.907619, 0
-8.648164, -7.330403, 1.760036, -11.288427, -1.588106, -10.060252, 6.261646, 1.115768, -3.398954, 1.649883, -1.680706, -6.196152, -2.450603, -9.557928, -5.503994, -3.048182, -7.617236, -5.716421, 6.439791, 4.897779, 2.652361, -0.830536, 5.312830, 0.003815, 6.022573, 2.109161, -2.207825, -1.735613, 1.089689, 3.117710, 6.628441, -3.780046, 0
0.062050, -6.552132, -3.181623, 0.755190, 2.848349, -4.098352, -7.448994, 2.461700, -1.844042, -1.936232, -9.170971, 6.439241, 11.033583, 2.105154, -5.132669, -2.702885, -1.922379, -6.678881, -0.049479, -2.214827, -1.691242, 0.117384, 0.220072, -0.866266, -1.245218, 1.545620, 1.318453, 2.899229, -3.429369, -1.217546, 1.094475, 0.427896, 0
-0.838179, -4.854055, -3.411211, -3.308352, 3.281258, -2.457954, 5.927055, 2.733004, -0.734724, 0.687960, 0.856298, -5.147463, -3.022602, -4.861826, -0.914722, -0.352852, -5.762583, -1.993959, 0.083271, -8.610485, -6.054840, -1.990940, -3.775124, -0.944813, -3.795992, -2.472042, 1.641617, -2.989426, -9.556227, -1.334030, -0.790401, 2.191677, 0
3.316843, -0.647509, -4.662880, 2.809429, -8.166149, -4.011717, 1.284994, 4.277138, 7.503347, 2.079243, -0.483948, -8.186975, -2.315920, 5.799063, 3.703300, -7.375838, -7.451666, -0.114532, -1.171701, 3.961973, -3.975319, 0.903603, -2.679909, -2.817158, 1.010784, 1.467386, 4.693808, -4.376991, -3.877211, -3.806011, 1.706598, 0.840857, 0
-1.398146, -3.186895, -2.048153, -2.302095, -7.277139, -2.650675, -5.629585, -1.872746, -6.915672, -3.894346, 3.256521, 7.833654, -6.393892, -8.287827, -3.223488, 5.726736, 1.756065, 0.562540, 6.108015, -7.624202, 3.712582, -0.149649, 5.218122, -0.111374, 7.730110, -1.525379, 1.419556, 1.559181, -1.495926, -6.280399, -5.484293, 2.818802, 0
5.022556, 4.599495, -4.124041, -0.233124, 0.452694, -7.469671, 2.066048, 1.344049, -0.027113, -3.711205, -4.306263, -5.753201, 1.177715, -5.196877, -5.848698, -0.895206, -11.213918, -2.019598, -5.972578, -2.341532, -3.065207, -0.868731, 0.016699, 2.019321, -1.080561, -2.794201, 0.486685, -2.105696, 0.901253, 8.064289, -2.575289, -7.499641, 0
-1.476219, -0.853834, -0.149754, 4.190102, 2.251610, 2.037603, -1.266003, -3.124853, -4.716642, -6.563984, -4.758415, 5.761076, -1.555496, -3.736483, -2.140760, -3.045143, 4.673502, -3.997082, 1.356245, -10.442382, 3.812420, -0.794579, -5.032158, -2.844151, -10.381462, 0.372244, 1.887848, -6.084902, 0.167223, -7.421412, -5.124512, -4.528469, 0
-9.443204, -0.364840, 1.388155, -3.589521, -2.068598, -3.681396, -4.987629, -3.691763, -0.666986, -5.169922, 3.708336, -8.300876, 4.690334, -2.867138, -2.772549, 6.553526, 5.524002, -8.141965, -2.106464, 5.562145, -4.764248, 6.894184, -3.450159, -7.141777, -11.612262, -2.265020, -5.314262, 3.814257, 3.828102, -1.215782, 0.930002, 3.116669, 0
-6.135069, 1.793758, -6.078321, -0.781908, -4.726042, 1.237349, -1.702211, 6.672071, 0.294682, 5.750725, 4.803537, 0.188267, -4.554195, 1.889719, -7.568337, -4.309483, -5.307621, -1.267250, -6.882111, 3.510071, -4.637444, -0.230598, -6.145279, -0.388144, -9.776627, 0.702593, -1.849020, -5.043026, 0.566446, 0.096159, -0.816040, 0.091637, 0
-2.534910, -2.873901, -3.116343, -4.445297, -5.748869, -1.295828, -0.743048, 0.031048, -12.535784, 9.001291, -9.202497, 5.442671, 2.187321, 6.002180, -6.764551, 1.096720, -3.219711, -5.731472, -0.249121, 1.284426, 6.860540, -3.135168, -8.492695, -7.963813, -4.715118, -2.148880, -3.886915, -4.341719, -1.147190, 2.221844, -2.474258, -3.405533, 0
5.089739, -3.690617, -2.158340, -0.777191, 0.768438, 0.653215, -7.699508, -8.373590, -5.997473, -1.940962, -1.171215, -3.700659, 6.399961, -0.460140, 0.555487, -3.558611, 7.115808, 0.453135, 0.930887, -0.058949, 1.012728, -1.480551, 10.207525, 5.008104, -5.313091, -2.086750, 4.682632, -1.960657, 3.926397, -2.083261, -6.124317, -5.267982, 0
-0.634937, 2.005060, 4.703028, -2.425438, 7.400116, -1.254688, -4.225878, -0.341286, -5.196199, -1.844633, -1.443371, -3.475172, 0.512426, 6.625866, -4.584356, -3.482162, 2.204596, -0.444080, 1.648142, -5.605228, 5.049133, -7.119058, 6.431829, -6.545357, -6.237017, 7.143454, -5.523090, 0.156563, 0.852209, 1.021622, 5.919899, -4.026493, 0
4.813948, -5.975386, 5.653681, 0.745010, 4.419802, 3.061924, -1.724775, -1.322567, -0.756838, -1.310017, 0.055122, -3.381231, -1.265017, 5.863544, -1.157425, 7.513952, -2.960964, 0.234434, -1.794502, -6.437233, -10.791474, 0.641577, 2.471294, 0.094759, -7.068892, 3.529720, -1.950937, -4.834871, 8.181227, 3.309027, -2.101067, -2.574680, 0
-5.918755, -6.450832, 6.777964, 0.199928, 4.255201, 0.387268, -0.585796, -1.888807, 4.997471, 0.474073, -1.830393, 2.152317, -2.490864, -9.206503, -0.202850, 1.415922, 1.106863, -2.268387, 0.839304, -1.902977, -6.205843, 7.675657, 3.185698, -10.935678, -1.839098, -1.940905, 4.592548, -0.498713, -1.636671, -3.381376, 3.419769, 1.979662, 0
-0.694031, 8.732685, -2.143902, -9.202694, 1.917290, -4.591721, 1.493290, -3.301529, 1.779472, -0.046444, -6.340931, 3.861006, -6.040894, -0.100243, 0.036720, 4.468609, -0.999382, 3.330496, -0.563957, 1.622770, -0.639969, -0.042870, 6.178156, -4.808704, 3.891680, -11.963874, -3.114027, 0.239969, -0.632929, 1.027191, 1.366112, -5.949337, 0
4.090181, -0.429506, -0.076170, 0.298159, 3.113510, -5.225716, 0.181734, -3.471916, -1.962896, 3.884018, -3.455345, 1.156136, -5.228941, -9.698048, -0.743061, 4.080431, -1.186323, -5.531761, -5.358597, -2.175022, -1.530100, -0.146650, -1.638205, 0.094643, 7.137321, 6.580400, 3.549526, -4.907427, 4.623110, -2.711794, -2.718088, 5.062738, 0
0.076607, -11.095374, 3.339434, 1.344408, 0.843433, 0.886465, -6.644161, -1.572454, 4.080027, -0.166971, 2.234762, 4.457479, 5.342161, 2.478529, -4.107582, 2.490011, 2.497423, 5.341875, -7.286938, -1.796007, 1.786039, -4.287056, 9.027754, 0.920343, -7.749487, -0.871355, -2.138000, -7.878249, -5.606359, 4.983717, 2.759970, -4.519215, 0
-6.065723, -0.659595, -9.382477, 1.985029, 2.839497, -1.829653, 6.677536, -7.909826, -3.670618, -9.146298, -11.640708, 4.008249, 0.396152, -5.109653, 5.765879, 1.607496, 3.330034, -0.343182, -0.924686, -7.664357, 4.487532, -0.825607, -2.783958, -7.829634, -10.002521, -3.490572, -2.429491, -1.502960, -5.994947, 0.786894, -0.369133, 5.236504, 0
3.330122, 4.483082, -1.887041, 1.728861, 3.865309, -5.298666, -8.213990, 3.372393, -2.379063, 3.575632, 4.311861, 1.796385, 3.824518, 2.581593, -2.410975, -8.600712, -5.263159, 0.882092, -0.706919, 9.512068, 1.717878, -4.893486, -5.244785, -4.582108, 0.060026, 0.440733, 1.303154, 3.960615, -5.642305, -2.039684, -4.025009, -8.157279, 0
1.537237, 1.295525, -1.426428, -8.842654, -2.626276, -2.960537, 2.006554, -2.734116, -3.626581, -1.372877, 3.323458, -2.784786, -5.437668, 1.414480, -5.666452, -4.445311, -1.427998, -1.696308, 6.208477, 4.801168, 0.975288, -0.212250, 5.104500, -4.095608, 0.771063, 4.634239, 1.920033, -4.580061, -0.948734, -2.681334, 0.791361, -3.666433, 0
-5.431845, -1.171885, -9.192467, 9.193689, 3.017948, 4.031454, -1.985851, 2.173212, -1.998417, -2.362703, 0.297508, -3.989227, 1.818335, -1.133938, -1.418688, -1.241903, -0.209021, -6.864763, -3.257595, -3.616198, -5.565172, -3.853313, -0.636602, 3.912687, -4.738001, 6.190464, 5.978649, 0.381405, 6.000759, -2.007700, 5.107927, -4.454165, 0
-4.243584, 14.648111, 0.514858, -2.757788, -6.066296, -3.966154, 2.266972, -0.503187, 3.926996, -3.554060, -0.996078, -5.737417, 9.259020, -8.118072, 2.359415, 1.925821, -3.766228, -1.645761, -5.270472, -5.960623, 3.270737, -6.000076, 4.957041, 1.932673, 2.927031, 2.133560, -2.431074, -4.764235, 4.546947, 2.473129, 0.495882, -4.351683, 0
-0.195221, -0.826609, -7.743286, 4.776403, -10.071861, -6.072348, -3.212849, -2.520287, -1.776253, -7.041525, 0.335432, 0.278229, -0.957674, -4.025747, 2.457335, -5.717945, -4.541817, -0.251230, -3.566868, 1.618010, -0.505569, -6.365351, -0.673025, -8.862979, -8.982569, -4.148039, -2.823246, 4.653776, 0.043724, -2.250202, 9.267633, -2.207071, 0
3.216595, -10.864265, 0.393471, -4.397430, -4.163210, 0.288988, 1.249266, 5.646261, 0.197838, -3.354700, 1.734299, 1.519499, -4.929045, -4.145502, 7.814985, 1.988026, 4.112694, -3.520523, -3.886068, 9.266127, -2.435404, -0.591480, -2.999416, -0.167593, -4.306301, -0.039654, 0.173168, -1.001549, -4.544317, -0.301195, -8.650997, -0.148872, 0
-5.555788, -2.729548, -0.353182, 7.873545, 6.006927, -1.783129, -1.343588, 6.350067, -6.291115, -3.582396, -1.445202, 3.022776, -4.011410, -0.517681, -3.395803, -5.087776, 2.378725, -3.524681, -0.814587, -3.719740, 5.907009, -0.495310, -1.143972, 1.740667, 1.939638, -1.912878, 1.393814, -1.070150, 1.720268, -3.037766, 2.064177, 5.160200, 0
-1.239363, -7.862329, -1.546385, -8.676074, 0.402052, 4.378162, 2.699572, -5.837917, 4.206173, -2.247643, -5.326408, -4.535286, -5.116905, -0.488264, -6.132601, -6.035883, -2.632425, -1.533831, 4.435637, 0.243423, -1.448071, -2.353924, -1.972256, -1.977282, 1.226904, 0.017509, -12.248981, -5.526308, -4.943369, -7.933006, -2.275980, 1.541191, 0
2.679892, -5.684082, -0.960701, 4.959442, -1.265985, 3.743280, -3.015556, 4.522047, -0.153975, 4.170692, -2.659168, 0.944595, -0.121916, 1.124630, -4.867739, -1.859100, -2.292854, 4.415268, 0.993696, -6.283085, 4.802086, 6.034563, 0.103191, 3.011110, -1.936005, -6.461748, -7.842912, -14.361741, -0.655659, 1.163795, 1.630671, 5.170362, 0
1.611803, -5.789581, -1.383951, -0.401804, 0.664528, -9.428301, -0.312498, 0.255461, -4.942348, -3.085182, -0.556566, -3.005816, -3.375744, 3.576403, -6.157804, -3.714836, 0.547173, -1.566212, 4.590019, -3.768932, -5.895584, 0.833317, 1.976364, -5.983894, -0.063452, 3.086168, -12.388837, -3.293446, -2.426243, -4.443645, 4.106897, 10.863638, 0
-3.542263, 10.592409, 5.403276, 3.195669, -3.337341, -2.125443, -4.245079, -5.605417, 9.747019, -7.032797, -1.447828, 4.072647, 2.905497, -5.288221, -2.925005, -0.483788, -4.858582, 1.441555, -5.407804, -4.818798, -3.054287, -3.653360, 6.977072, -1.614151, -4.081623, -4.473366, -1.785084, -0.052351, -0.611286, -3.522476, -7.827599, 2.799393, 0
-4.407475, 4.958611, -2.401876, -6.611435, 6.546112, 1.287951, -0.468988, 7.182003, -6.320868, -2.125084, 0.168392, 2.425762, 0.714657, -3.113285, -4.010098, 2.852692, 1.134808, 2.874706, 7.446493, -1.688112, 12.155001, -0.023872, -6.420914, 3.796989, -0.578253, 4.720320, -0.963562, -1.806808, -7.237380, -1.018448, 0.822428, -5.887491, 0
5.024286, 0.936502, 6.473230, 3.093254, -6.410641, -10.388902, 1.065018, 9.716257, 0.152027, -1.059423, 0.567720, 4.166840, -3.642763, -7.711603, 0.460155, 7.283533, 9.156744, -9.562357, 5.903326, -5.316225, -5.144247, -7.744185, 1.026915, -1.055161, -4.095655, -5.317530, 1.621422, 2.931372, 3.624908, -1.219551, 2.301170, -0.981575, 0
-1.398373, 1.249382, 2.204575, 5.109364, -0.346069, -6.707760, 6.725712, 2.057404, -6.462202, 3.043510, -12.655118, 4.478817, 4.522518, 3.033998, 7.168226, 0.616547, 2.117102, 4.423500, -6.141184, -7.030540, -4.653275, -1.913677, -1.819117, -0.582506, -6.594074, -3.442413, -5.863173, -3.030603, 4.742138, 0.950981, -5.964457, -0.180399, 0
-5.768890, 0.007908, -2.249220, -3.432991, 2.283136, -0.002781, 1.393705, -2.331095, 4.478750, -4.752668, -5.705185, -0.405407, -7.866660, 9.826448, 1.019003, -1.280071, 2.579370, -1.418465, -5.173237, 0.848202, 2.149826, -2.565746, 1.029455, -0.638201, 1.692894, -4.343145, -6.138670, -0.707689, -0.818943, -10.016142, -9.108463, -9.608135, 0
-1.499043, -3.812601, -6.523232, -0.269039, -2.966579, 3.534117, -6.651905, 1.886429, -3.625723, -7.373071, 4.015022, 1.679325, -3.853786, 4.396341, -0.746984, -3.985981, 0.693676, -9.364325, -0.690035, -1.184429, 0.480515, -8.703696, -6.152592, -5.562027, -2.403685, 1.391752, -3.124968, -6.623514, -0.989935, 3.091587, 6.060539, 0.486656, 0
-1.669153, -4.034462, -0.223295, -7.489596, -1.431541, 8.978914, -2.261759, -0.079147, -2.917606, -1.322748, 0.673738, -3.467419, -10.135526, -2.273201, -3.264545, -0.320444, -7.949278, -0.296553, -1.085972, -1.880722, 0.613626, -2.294266, -2.661360, -7.852474, 2.410040, 1.628920, -2.822243, 3.247210, 0.160685, 6.125797, -2.657307, -0.018450, 0
-2.213293, 2.442230, 1.827497, -3.768532, 4.240917, 3.402407, 4.026566, 6.095989, 2.539066, 7.283453, -6.342613, 0.085457, -2.572069, 4.092426, 4.450830, -2.137484, -8.927659, 7.175186, 6.039276, 10.563169, -6.344629, -3.231400, 2.697649, 2.787849, -1.915865, 4.715834, -3.649033, -0.144444, 0.454575, 4.019930, 2.740070, 1.869938, 0
4.506596, -2.199059, 2.424273, 0.057085, -2.089960, -0.769449, 0.595009, -2.589159, 0.556292, -3.718628, 3.577105, 0.621990, 8.607586, 0.184286, -2.127172, -3.038956, 3.527401, 0.397707, 5.381464, -5.453897, -5.457813, -4.823431, 11.789011, 5.987028, -2.091097, 3.337814, -5.714420, 0.132578, -4.183750, -8.404042, 0.329481, 5.641457, 0
-8.937893, -5.520975, -6.866800, -9.566698, 2.822065, -0.459442, 2.515348, 0.186069, -1.593410, -6.015408, 5.499640, -3.441851, 0.662104, 0.392271, -5.154833, 7.597389, -0.823385, -0.450359, -11.080146, 0.248230, -12.597716, -2.998775, -3.944435, 2.388334, -0.841125, -2.520353, 1.158161, -4.697071, 2.369144, -9.432889, -10.094847, -4.887772, 0
-1.968903, -5.023046, 0.751289, 0.381807, 1.524570, 0.222584, 3.212742, -4.263105, 4.579041, -0.784643, -2.517384, 2.708019, -4.244938, -1.903233, 5.541653, 4.484623, -5.991978, -4.747005, -2.246870, 3.007757, -3.341475, 6.575710, -6.303005, -0.269138, -1.694828, -5.337887, -0.733335, -0.037155, 0.505583, -1.725145, -2.807262, -6.296915, 0
3.118166, 7.144051, 1.584793, -6.150452, 1.425726, 6.025433, 2.240606, 0.192722, 4.038776, -5.785313, -3.488617, -4.742918, -1.017040, -5.429428, -6.127211, -9.035001, 0.066847, 0.512447, 7.468918, -5.992645, 2.293730, -2.611675, 5.939278, -5.331520, -9.462148, -5.130482, 2.299597, 3.816689, 1.863176, -11.258749, -12.258374, -8.732615, 0
-3.132517, -2.874720, 4.387461, -8.054740, -2.796478, -1.083694, -9.560847, -4.445480, 6.076622, 2.712406, 0.576025, -0.296963, -7.280486, -15.887548, 4.236622, 2.487989, -3.017481, -0.288464, -2.922329, -5.655575, 1.705608, -4.141405, 3.606625, 5.340727, -7.462221, 2.278307, -9.822060, -1.747616, 1.660223, -10.119735, 5.568300, 0.449820, 0
0.432045, -0.863552, 1.565706, -1.592274, 2.679621, -2.727451, -5.584709, 0.838617, -7.588282, 5.565283, -0.746687, -8.898677, -0.333212, 2.233456, -4.300531, -5.787657, -2.544472, 1.347729, 7.116486, 3.854179, 1.513237, 2.544544, 4.963074, -2.165918, -5.502394, -4.538094, 1.253456, -6.243746, 1.294451, -4.369699, -7.883553, -5.241846, 0
6.202847, -1.110817, -7.122039, -2.612545, -2.817358, -3.512033, 1.984474, 1.255480, 2.646610, -9.724313, -1.061102, -7.489224, 3.755863, -3.846228, -0.439419, 5.732971, 4.549391, 2.500870, -2.435474, -7.727166, 0.634174, -3.589251, -5.560867, 8.512077, -0.638693, 3.621843, -4.262346, 3.214088, 3.366159, 4.627535, -5.299269, 1.190905, 0
-4.728857, -4.619221, 3.059278, 1.773294, -10.263734, -4.544985, -0.617151, -2.173693, -0.286831, -0.154814, 8.047941, 3.765896, -4.694939, -2.308142, 0.222212, 3.856880, -6.670654, 2.970150, -6.303976, -8.438663, -2.087137, -7.152540, -7.762654, -4.250000, -0.576864, -5.166679, 0.487055, -8.140086, 3.054365, -5.999479, -2.833500, -3.086735, 0
-3.179264, 2.043312, 0.471058, 6.105461, 0.900410, -1.564100, 9.353289, -11.158505, -0.584249, 4.265345, -3.722452, -2.303957, 0.540054, 1.341173, 0.763018, -0.708416, 6.943336, -2.630388, -0.478508, -2.516691, 3.919804, -6.585958, 5.558273, -4.037621, -1.938759, -6.504313, 6.270107, 4.246809, -1.679472, -1.386574, -3.807180, -1.139400, 0
1.621647, -1.297831, -2.784105, -1.157928, -2.453163, 1.131073, -1.422575, -1.823645, -2.296654, -3.383896, 4.064058, -3.546844, 6.064920, -0.372112, 0.353661, -5.311483, -1.064825, -0.585819, 5.156876, -0.103626, 5.393209, 6.240023, 4.197626, 0.107197, -2.668207, -10.613205, 1.391609, -1.622173, 0.010658, -1.465317, -5.343370, 4.905455, 0
-7.780228, 0.523205, -0.029882, 8.485781, 2.161636, -10.803066, 4.265089, -5.357306, 1.718061, 9.716043, -4.421120, 1.077324, -8.282214, 0.952074, -3.466057, 3.438482, -3.171797, -2.364374, -2.232702, -1.097252, 2.597075, -1.304880, 2.756172, 3.551809, 2.571640, -3.718178, -4.258797, -5.894337, -1.934559, -0.085310, -2.322607, 4.452116, 0
-9.881544, -4.297604, -1.822472, 3.318642, -0.732937, -2.123629, -0.272015, -0.989096, -2.533157, -0.737059, 4.179302, 4.592339, -4.647049, -4.272331, -8.269389, -2.393366, 1.254513, -3.153387, -6.764696, -3.357456, 2.930904, 1.142326, -2.005096, 0.269026, -4.606602, -6.533468, -3.594746, -3.409042, 3.248049, 1.415739, -9.398630, 3.156376, 0
-13.744515, -0.122868, 3.041878, -11.715203, 1.533035, -5.902607, 1.557556, -2.836554, -4.454765, 2.957741, -6.194950, -8.190341, 5.086048, 4.421562, 4.643957, -4.014551, 0.762852, -8.454721, -6.060730, -2.437004, -6.457319, -1.055887, -7.191561, -4.933115, -4.381653, -0.790068, -2.349842, -1.521885, -0.615332, -2.170462, -0.211065, -11.915517, 0
-5.340263, -7.076000, -2.782511, 2.568584, -1.208521, -0.455673, -5.079918, 1.524626, -2.279898, 2.729385, -1.341627, -1.274561, -5.440182, -4.297249, -0.532711, 1.612158, -0.492020, 8.071693, 4.593285, 0.174929, 1.722157, -9.017098, -12.372279, 0.847801, -4.722887, 5.482563, -0.621935, 5.380949, -1.408875, -3.249508, -0.751884, 6.251066, 0
-4.510862, -2.098944, -1.507242, -0.485313, 1.280745, -0.044052, 0.067978, 2.505146, 4.011787, 1.388691, -0.722271, 0.390390, -4.318796, 2.478027, 9.792570, 3.526506, -2.405447, -1.328501, 3.014566, 3.245300, -4.969599, 4.635586, 0.715271, 0.887001, 0.201925, 2.308144, 1.325048, 6.436855, 3.108643, -3.984093, -10.621529, -10.062827, 0
4.133917, 0.159458, -0.237970, -4.708269, -1.812370, 0.203497, 7.593683, -7.481757, -5.846329, -0.910751, -1.314642, 0.949963, -3.920486, -8.432482, -1.508987, -7.418686, -1.194277, -5.313438, -1.260807, 4.708351, -4.899458, -3.704020, -1.585169, -1.812105, -8.889309, 5.562874, -11.378134, 3.709383, 1.494236, 7.298759, -1.991852, -1.122637, 0
-0.037804, -1.005545, 0.896351, 1.406187, -0.428989, -3.755350, -0.314060, -6.264765, 0.325405, -0.927258, 1.682703, -0.007069, -0.352516, 2.709698, -11.324544, 1.106068, -4.611824, 3.124960, -0.811420, -3.157240, -1.590878, -5.327259, -0.976816, -5.802105, 0.028893, -0.560438, 5.581228, -3.634604, 0.960974, 0.093975, -4.190491, -7.329474, 0
-4.975246, -5.896784, 3.613104, -3.667625, -1.909298, -5.600912, 3.239996, 0.717621, 7.993994, -7.910198, 3.727818, 1.492382, -1.146454, -10.342241, -1.230492, -2.671738, 4.742928, 0.560701, -3.048843, -3.691164, 2.784275, -4.126257, 1.435022, -2.253426, -8.783946, -0.715857, 6.042204, 2.710890, -5.713203, -2.162298, 2.263853, 3.728210, 0
-0.517494, 3.781069, 0.304270, -2.352737, -2.808279, -9.111992, -5.227804, -1.995707, 0.931984, -2.652676, -1.717724, 3.793489, -3.821613, -4.407627, -7.328723, 2.015493, 0.322090, -7.048286, 4.338053, -7.963852, -7.315223, -4.482176, -5.170294, 3.365549, -0.607275, -5.434591, 7.550835, -1.118654, -5.289507, 2.582130, 2.722677, -2.666674, 0
2.460093, -4.256351, -1.433722, -6.318295, -3.071289, -7.939264, 4.841391, 0.144419, -10.737575, 0.908901, -5.033228, -0.525852, -0.097767, 1.183340, 0.047728, 1.680038, -10.687687, 0.112343, 4.530119, -6.452770, 1.436777, -4.448004, -3.266863, 4.025263, -4.427486, 4.522076, -5.732502, 4.537853, 3.541197, 5.201803, -3.608402, 2.223194, 0
3.114296, -8.581210, -2.532206, -0.001789, 0.202845, -4.137945, -2.018145, -0.953205, -5.404858, 6.130518, -4.246801, -4.129374, 6.332411, 3.036095, -2.711916, -5.715996, -1.393267, 2.834045, 5.535643, 6.668962, 6.919630, -0.077211, -7.619947, -0.169979, -4.620787, 8.216299, -13.056505, -4.669018, 0.872566, -1.507236, -2.747295, 1.288305, 0
-1.408455, 2.541988, -8.419317, 7.591215, 4.104210, 4.457150, -4.028633, -2.588764, -3.494577, 2.759220, -5.929436, 0.749605, 5.056099, -1.539080, 3.653833, 2.163557, 5.271915, -1.981447, -2.466831, -4.885731, 0.192049, -8.377607, -3.192759, -2.373337, -10.074242, -0.942631, 4.539289, -3.376181, 0.061243, -1.735840, -5.888144, -4.424295, 0
-0.067757, -13.845988, 5.756372, 5.554968, 2.923687, -0.461300, -4.028605, 4.177120, 3.180195, -7.569313, 4.774710, -4.343912, -3.165590, -0.756252, -3.928310, -0.379269, -2.453506, 2.160231, 0.298182, -3.280878, -0.267597, -8.989764, -12.018723, 5.608953, -3.610888, 5.044634, -3.523024, 4.470343, -5.245314, 0.828024, 1.002850, -3.442209, 0
5.742222, 3.735249, 2.005939, -15.603753, 0.468908, -4.973740, -10.587672, -2.117111, -8.369844, -1.445087, 1.617332, 0.432478, -0.505550, 1.180891, 3.340429, -10.540308, -3.740566, -3.917599, -8.841299, 0.831915, 2.535368, 4.694319, 2.728954, 3.131054, -4.599482, -0.762630, 5.184155, -2.005526, -2.985645, -8.065378, 4.011343, -1.851326, 0
5.411896, -3.211901, 6.732700, 0.961596, -1.780022, 5.208010, 0.487066, -3.749697, -3.920597, 3.556248, -5.865757, -5.025229, 1.850723, 0.587112, -2.909622, -6.196083, -4.684755, -0.783997, -2.252789, 6.368097, 0.063324, 0.362741, -3.161602, -3.180119, -5.974291, -8.242489, 0.145370, -4.302473, 3.437941, -1.816816, -3.951717, -3.188665, 0
9.222494, 3.173162, 1.779493, 2.833406, 0.229290, 3.126438, -7.630761, 0.592197, -3.854393, 0.719959, 7.726818, 2.364008, -2.812206, -3.621826, -0.595640, -0.103550, -5.658525, -2.027952, 0.788538, -4.610600, -2.990658, -1.238176, 8.058674, -1.564510, -3.067801, -1.681364, 0.273268, -1.894001, -5.440351, 7.986782, -4.723494, -3.080160, 0
-9.418145, 2.078020, -3.776741, -4.031183, -2.780539, -4.587664, -0.608397, 4.131132, 0.813271, 2.734180, 1.676458, -4.503693, -6.219038, 0.801151, -4.298515, 4.599424, -1.216959, -2.567675, -4.673790, -0.702633, 5.239914, -5.002756, 2.382662, 0.268686, -7.130782, -0.657688, -7.686630, 4.791155, -2.017090, -4.733269, -6.133915, -7.428864, 0
