-1.152368, -0.708824, -1.408664, 0.715776, 1
-0.607513, 1.397046, 1.771892, 2.389254, 1
1.166170, 5.606908, 0.901753, 2.839604, 1
0.157074, 2.430676, 1.150059, 2.385377, 1
1.682029, -0.730363, -1.303429, 0.392733, 1
1.671673, -1.614621, -0.393228, 2.172052, 1
2.268969, -1.392567, -0.812731, 2.711393, 1
2.225850, -1.477907, -0.112700, 0.400938, 1
0.432445, 0.546017, 3.508277, 2.396055, 1
1.402882, 1.169957, 0.183620, 2.176368, 1
0.944964, 1.627306, 0.677927, -0.040397, 1
1.379316, 2.160480, 0.445415, -2.720085, 1
1.607473, 2.183283, 0.136325, -0.828583, 1
0.770507, -1.447449, 2.862605, 3.115448, 1
0.207416, 1.059488, 0.664266, 0.202041, 1
4.972493, 2.849244, 1.437582, 0.580767, 1
0.843819, 0.973159, -0.219176, 0.367174, 1
2.638062, -1.425950, 1.961977, -1.866466, 1
1.008530, -2.754335, 0.758755, 2.648797, 1
2.005416, 1.300023, 1.758379, -0.028325, 1
-0.225372, 1.222779, -1.061399, 0.396745, 1
2.915837, 2.777168, 2.403419, -1.265927, 1
0.232316, 1.266036, 0.151302, 2.810345, 1
-1.429263, 3.808873, 1.119580, 2.193217, 1
3.537876, 1.000501, 1.102398, 0.665440, 1
0.697564, -0.913598, 3.047932, 2.225267, 1
1.199185, 2.976106, 2.403619, 0.473444, 1
2.070369, 1.849935, 0.586264, -1.124337, 1
0.160501, -3.035405, 0.036551, 2.598065, 1
2.617920, 0.900898, -0.027363, -0.059435, 1
1.011138, 1.172354, 0.027196, 2.135273, 1
2.526174, -0.268641, -1.058249, -1.325678, 1
2.579875, 0.002340, 3.951914, 2.354789, 1
0.937681, 0.693101, -0.030837, 2.628765, 1
2.085071, 1.482723, 0.416485, 3.521542, 1
1.589396, 0.758240, 1.631940, -3.279324, 1
-0.027805, 1.130184, 0.483698, -1.249903, 1
0.499793, 0.301245, 0.973416, 1.257756, 1
0.707533, 0.078767, 0.561997, 2.892123, 1
0.364214, 1.797079, -1.570519, -2.271345, 1
2.361295, -1.761741, 0.244068, 3.059958, 1
1.409173, -0.269488, 0.102660, 1.547274, 1
3.318202, 1.872952, 2.635113, 0.835549, 1
-0.856079, 4.955100, 3.103005, 3.215439, 1
2.291290, 0.033584, 0.059125, -0.140157, 1
2.321889, -1.568677, 0.530905, 3.232584, 1
0.936514, 2.910343, 0.816174, -1.187732, 1
1.268246, 0.568810, 0.563919, 1.721691, 1
0.783185, 1.776239, -2.949399, 0.660225, 1
1.981973, 0.984255, 1.018419, 0.146389, 1
1.913988, 3.695311, 1.436120, 1.063486, 1
1.048038, 2.744135, 3.002994, -0.475794, 1
2.894557, 3.087169, 1.308190, -0.026507, 1
0.988115, 1.606373, 0.782523, 2.564834, 1
4.165321, 1.481743, -0.352491, -0.038255, 1
-0.320478, 2.106259, 2.610552, 0.024524, 1
2.245190, 1.011014, -0.795505, 1.431262, 1
-1.002073, 0.813193, 1.776525, 0.322677, 1
-0.358004, -0.203275, 1.855463, -1.558584, 1
1.545675, 2.002732, 1.931415, 0.023402, 1
2.587247, 3.320159, -0.613488, 0.749407, 1
2.190889, 2.052025, 2.809388, 1.015080, 1
0.921906, 0.540951, 0.819804, -3.246256, 1
1.612206, 0.890450, 1.282522, 1.043191, 1
0.410237, 2.909286, 1.387257, -0.003835, 1
1.841488, 0.023558, -1.255781, 0.822988, 1
-1.964875, 1.606554, 1.527489, 1.736804, 1
-0.425411, -0.620502, 0.612967, -0.753858, 1
3.311309, 0.840096, 0.542266, -0.435944, 1
-1.066133, 0.004810, 0.725889, 0.955180, 1
1.649332, 0.106103, 2.192020, -0.487817, 1
0.341514, 0.768515, 1.353370, -0.930611, 1
1.611346, 1.455605, 1.274127, 1.154552, 1
0.492682, 3.175342, 2.959440, 3.660768, 1
0.667339, 1.239765, 2.300513, 1.735521, 1
-1.086227, 1.586356, 1.576395, -0.077469, 1
0.670285, -1.029768, -1.073578, -1.450980, 1
2.875840, 2.355642, 0.114853, 0.275678, 1
2.408935, 2.749960, -0.383541, 1.182595, 1
1.180590, 2.203009, -3.049464, 0.623632, 1
3.418988, -1.477611, -0.225033, -0.211274, 1
-1.879049, -0.814968, 1.665008, 2.601013, 1
0.472766, 0.841998, 3.108291, 0.131087, 1
-0.577187, 1.070770, 0.224013, -0.299344, 1
1.737629, 2.611115, 6.427837, 0.985164, 1
-0.280065, -0.686586, -0.599920, -1.860099, 1
0.468777, 0.827678, 0.965087, -0.349582, 1
-1.338978, 1.214276, 1.196307, -2.404601, 1
2.051028, 1.494689, -1.231467, -0.077187, 1
-3.789264, 4.635258, 3.595611, 2.547719, 1
0.460125, 0.606373, 1.173817, 1.089566, 1
3.571304, 1.444621, -0.612813, -0.260628, 1
1.563576, 1.252234, 0.726620, 1.552769, 1
1.766604, 0.155634, 0.911498, -0.097010, 1
-0.811100, 0.779909, 3.214659, 2.879218, 1
-0.651596, 1.173341, 0.410833, 2.149194, 1
-2.437771, 2.589589, 1.600514, 0.289743, 1
3.854205, -0.853881, -0.264780, 1.320732, 1
2.355351, -0.915467, -0.496757, 0.285007, 1
0.325427, -0.696914, 0.921767, 2.245000, 1
1.663446, 0.281516, 2.611714, 2.380923, 1
-0.259882, 4.339756, -0.250420, 3.419674, 1
1.556341, 1.011167, 0.036195, -2.092782, 1
0.981747, 1.114430, 1.191811, -0.195721, 1
0.648196, 2.406394, -0.945329, 1.931281, 1
-0.749902, -1.420040, -0.034270, -1.981127, 1
0.333326, -1.121401, -2.529182, 0.834755, 1
0.216571, 2.029419, 1.722828, 2.349243, 1
2.841268, 1.445794, 1.142589, 2.316892, 1
0.634125, 0.566636, -1.983227, 1.106230, 1
0.160070, -0.801598, 3.568801, -0.179215, 1
0.128999, 0.373876, 1.078621, 0.160616, 1
-0.414456, 0.885300, 3.506595, 0.262417, 1
0.941790, -0.719941, 0.213309, 1.908007, 1
-0.116533, 1.873539, 1.832201, 1.998528, 1
0.217091, 3.371134, -4.925725, -1.275661, 1
3.431644, 0.894970, 2.189725, 1.300083, 1
1.496330, -0.016381, -0.671328, 0.537646, 1
2.490522, 3.691499, 2.604926, 0.721651, 1
-0.169857, 3.189743, 2.319713, -0.149186, 1
-0.695011, 1.575004, 2.563314, 3.156584, 1
1.061580, 0.740063, 4.795060, 4.057858, 1
1.629825, 0.966441, 0.931488, 0.172114, 1
-3.343268, 1.460096, -3.415310, 3.035813, 1
2.787121, 1.697755, -1.159392, 0.099416, 1
0.868080, 2.236287, 1.557368, -0.405415, 0
-1.955736, 2.067345, 1.017374, -2.697760, 0
-0.692640, -1.565644, -1.133954, -2.898923, 0
-1.528316, -0.169960, -2.895241, 0.785147, 0
-0.655439, -0.921907, -1.473126, -1.717538, 0
-0.907858, -1.668933, -0.095960, 0.498329, 0
1.146316, -1.368714, -1.604433, -0.552964, 0
-1.001797, -2.604160, -1.530279, -1.281034, 0
1.443212, -0.575643, -2.761831, 1.094729, 0
1.186455, -0.869627, -2.222859, 0.369298, 0
-1.523895, -1.321555, 0.370743, -0.307182, 0
-0.312207, -0.515728, 0.301041, 1.002692, 0
-0.413143, -1.202202, -2.925080, -1.387754, 0
-0.366614, -1.171948, -0.144256, -0.107265, 0
1.481012, -1.837543, -0.806730, -1.662813, 0
-0.417929, -2.843805, -3.610015, -2.829803, 0
-1.081866, -0.273092, -1.021619, -1.427964, 0
-1.354136, -0.061302, -2.648330, -1.378749, 0
-1.406508, -2.823617, 0.993538, -1.656152, 0
-1.309587, -1.056515, 1.936598, -1.842735, 0
-2.393534, -0.727941, 1.446502, -0.808703, 0
0.302439, -0.332652, -0.357896, -0.671053, 0
-0.248172, -2.369660, 2.084633, -1.039448, 0
-1.470500, -1.779045, -1.360956, -0.575422, 0
-0.173580, -3.764751, -0.356306, 0.379357, 0
-1.031837, -0.385691, -1.157488, -0.780915, 0
-3.009472, -0.166757, 1.150241, 0.098951, 0
-1.813430, 1.763218, -0.624215, 0.867106, 0
0.818003, 1.663790, -1.793328, -0.906775, 0
-1.916649, -0.611013, -0.027521, 1.422604, 0
0.304374, -0.371879, -3.293937, 1.034620, 0
-1.943330, 0.360359, -1.123762, -2.970057, 0
-2.381659, -1.034959, -0.117919, -1.157472, 0
0.098366, 1.229303, -0.768805, -1.146115, 0
-0.184736, 0.808327, -0.623761, -4.592157, 0
-1.659157, -0.782636, -0.765340, -2.215908, 0
-2.247585, -1.329845, -2.243662, -1.568764, 0
-1.581316, 1.044012, -0.510083, -0.689160, 0
-2.119571, 1.044309, -1.905375, -1.094814, 0
-1.486873, -1.432981, -2.237377, -0.425910, 0
-1.712148, -0.239492, -2.064403, 0.164011, 0
-0.184080, -2.677738, -1.890175, 1.070958, 0
0.422569, -0.453413, -1.049169, -1.784343, 0
-2.645560, -1.646698, -1.676486, -2.842309, 0
-2.058114, -0.064994, -1.388393, -2.467118, 0
-1.730391, -0.740712, 2.023081, -0.721508, 0
-0.409144, -1.386598, -2.448059, 0.330044, 0
-1.966835, -0.721472, -3.188225, -2.356549, 0
-2.177516, -1.387330, -2.244272, -0.528613, 0
-3.102020, -1.802984, -3.087035, 1.348771, 0
-0.038003, -2.011932, -2.887148, 0.284090, 0
1.372316, -0.481247, 0.841882, -0.082474, 0
-0.264837, -1.980735, -1.496670, -0.750751, 0
-2.691059, -1.389814, 0.652583, -1.910432, 0
-0.701160, -0.218577, 1.796457, -2.612385, 0
-0.436529, -0.595597, 0.720781, -2.101256, 0
-2.506745, -0.750829, -0.091938, 0.102773, 0
-2.925865, 0.572909, -0.121803, -0.283755, 0
-0.834753, 0.836198, 0.123326, -1.795876, 0
0.593256, 0.529054, -2.941981, 0.263477, 0
-1.868931, -0.971744, -2.854451, 1.218517, 0
-3.600489, 1.921537, -0.279490, -3.068882, 0
0.849409, 0.811022, -2.952201, -0.667787, 0
-1.433437, 0.051983, 1.093496, -1.830683, 0
-1.799416, -2.496718, 1.100587, 1.533879, 0
-2.154806, -2.359340, -1.822093, -0.417805, 0
-1.460005, 0.080694, -3.666026, 1.690370, 0
-0.023009, -3.152811, -2.003122, 1.373688, 0
-3.285032, -1.639178, 0.109780, -2.822117, 0
-4.610784, -2.306599, -0.147077, -0.010494, 0
-1.169791, -2.083616, -1.383064, -1.470108, 0
-1.119019, -2.001190, 0.677522, -3.695422, 0
-0.135369, -3.807457, -0.809574, -1.818635, 0
0.940725, -3.135977, 1.575245, 0.499795, 0
0.814910, -0.591065, -1.392982, -3.494472, 0
-2.410858, 0.456030, -2.205307, -0.968034, 0
-0.960834, -1.271066, -4.459406, -2.637939, 0
-3.573076, -1.165506, 0.820069, -1.745042, 0
0.064356, -0.631369, 1.065200, -0.525713, 0
0.860160, -0.327857, -2.229098, 0.046574, 0
0.847628, -3.374793, -1.153915, -0.471124, 0
-0.961030, 1.275348, -0.961821, -1.904380, 0
2.431373, 0.136448, -1.193658, -2.700288, 0
0.461729, -2.815858, 1.696515, 0.132293, 0
-0.926310, 0.861383, -1.861034, 1.149043, 0
-1.302668, -0.217028, -0.561093, -0.077846, 0
0.314241, -2.260696, 0.866306, -3.329697, 0
0.108907, 0.126300, -1.381142, -0.063274, 0
-0.687210, -0.727063, -0.386701, -1.699111, 0
-1.139077, 0.407092, -1.996903, -3.561213, 0
2.338925, -1.311373, -3.710503, -1.358101, 0
-0.239937, -3.342876, 0.701092, -0.835340, 0
-0.859491, -2.770821, -2.198918, -0.747230, 0
-2.196213, -1.406801, -1.921371, -1.737887, 0
1.195093, -0.992877, -1.966260, -0.803193, 0
-0.917923, 0.528958, -1.794329, -1.120398, 0
0.507359, -0.579263, 0.193639, -0.271626, 0
1.475628, 1.004389, -1.721420, 2.333049, 0
-1.582798, -3.066669, -0.716038, -2.767801, 0
-2.649746, -2.656527, -0.561944, 1.723713, 0
0.114221, 0.121188, 0.851513, 1.430164, 0
-0.986780, -2.175549, -4.022330, -0.744249, 0
-1.828950, 0.405650, 0.267158, -0.165074, 0
0.987141, -2.464050, 0.963568, -1.969037, 0
-0.799226, 1.322351, -1.715586, -0.024549, 0
0.545029, -1.567695, -1.946757, -0.302217, 0
-1.287082, -2.384825, -1.539119, 3.626678, 0
1.035214, -0.512546, -2.901513, -1.774308, 0
-2.639261, 1.392557, 1.203949, -3.677582, 0
-2.637540, -0.350485, -1.037649, -0.893184, 0
-0.133895, 0.602924, -0.532047, 0.784201, 0
-3.695829, -3.212321, -0.965952, 0.610578, 0
0.489184, -2.206897, -2.364055, -2.107078, 0
0.346292, -2.915928, 0.941800, 2.123244, 0
-0.506473, -3.044924, -0.955521, -0.815636, 0
2.196410, 1.238508, -1.252877, 0.410764, 0
-3.722497, -0.493415, -1.337809, -1.311926, 0
0.772358, -1.230138, -1.544560, 0.665479, 0
-0.253113, -2.443202, -2.488554, -2.392888, 0
-0.635355, 0.202383, -0.707784, 1.040089, 0
-0.511559, 2.006454, -3.422695, 0.619928, 0
-1.291160, 0.495483, 0.112081, -3.501636, 0
-1.561369, -5.514932, 2.982123, 0.453734, 0
-2.128545, -3.046384, 1.169571, -2.220270, 0
0.603763, -1.791720, -2.032461, -1.749802, 0
