-1.048518, -0.693366, 2.917649, -0.453204, -0.339866, -3.224141, -1.301344, 0.077604, 5.590550, -3.835524, 1.948453, 2.117723, 2.780498, 3.821570, 2.208690, 5.205914, 1
-4.364065, -2.659253, -0.710652, 1.001002, 2.461320, 4.743783, 0.332526, -0.670209, 4.809657, -0.627589, -0.796907, 1.192534, 1.022236, 1.908092, 0.325213, 1.090872, 1
1.543311, 3.754325, 1.796098, 0.814140, 4.994952, 2.340549, -0.672180, -2.790012, 6.301322, -0.314364, 1.854817, -1.090312, -2.210398, 4.211915, -2.760624, 2.363795, 1
-2.566419, -3.830481, 4.328177, 5.842519, 1.468974, 3.355103, 8.852027, 6.924731, 1.847735, 0.987599, -2.224239, 4.644431, 1.967155, 11.261516, 5.467847, 1.948775, 1
2.260959, -0.794514, 0.446348, 4.580167, -1.931886, 4.666272, 1.896007, 0.293668, 3.070107, 2.896522, 0.716743, 1.193711, 4.336381, 0.653540, 1.902629, 0.797841, 1
2.232322, -1.474415, 0.850847, 3.219108, 0.768123, 3.286078, 4.095471, 9.566403, 9.454577, 1.482383, 0.960547, -1.766128, 5.074737, 0.930891, -2.533478, -4.982987, 1
1.549949, -0.167361, -0.839209, 1.269567, 0.481237, 5.845500, -0.281366, -1.097157, 4.601516, 3.725657, 2.212520, 2.187058, 3.026898, -0.641663, -5.840776, -1.637406, 1
-0.958087, 4.557860, 4.009364, 1.916057, 6.932618, -4.131182, -1.205274, 3.960269, 5.967778, 0.657849, -0.177425, -3.654251, 5.859841, 4.129912, 4.472745, 3.754016, 1
-0.522535, 1.594966, 2.651696, -3.190131, 1.228023, 1.751058, 0.684880, -4.008327, 0.010588, 6.088996, -0.964210, 0.678512, 2.456925, -2.630824, 0.711968, -1.676250, 1
-0.987566, 8.515298, -0.303904, -3.715891, -3.835758, 0.919268, -3.026459, 4.214707, 5.628772, 1.543122, 3.778928, 1.416402, 1.449447, 6.022849, 3.602204, -0.373697, 1
2.811343, 4.206498, 1.298162, 4.190150, -0.852141, 0.857136, -2.294501, 3.216737, 0.341594, 6.706273, 6.593657, -4.283115, -4.402185, 1.373623, 3.963946, -1.739408, 1
-0.241631, -5.418823, -0.699823, 3.193528, 2.180505, -2.407710, 1.710744, -2.045939, 5.134793, -2.473774, -2.769153, 0.131853, -0.542443, 4.007688, 1.099942, -2.290545, 1
0.805566, 1.262151, -1.521922, 4.216977, -3.412217, 1.325030, -3.323867, -1.331726, -0.883883, -4.493844, -2.577243, -3.287102, -0.747052, 0.938590, -5.829386, -2.546701, 1
-1.188183, 1.321464, -2.645909, -4.078321, -0.565281, 2.598157, -2.546014, 4.814309, 2.236835, -0.230076, -6.995215, 1.910321, -1.656991, 1.433137, -1.049896, -1.763236, 1
-3.171659, -1.422383, 4.049874, -1.608095, -1.018788, 3.864720, -5.248672, 4.731942, -0.908650, -2.543593, 0.057916, -0.368096, 0.954844, 2.142737, 0.449336, 0.104383, 1
-2.853204, 2.012769, 4.701825, -0.891339, 1.390616, 4.409505, 5.450604, 1.950696, 1.258063, 0.960688, 0.705046, 6.505559, 1.950482, -2.845317, -1.289507, 0.595522, 1
-1.696018, 0.128856, 3.928617, -0.106747, 0.911601, -6.044570, -1.368142, -1.117455, -5.326578, -4.045109, 0.713785, 1.146769, 1.516780, -2.500501, 0.203221, 4.362845, 1
7.174901, -1.834007, 1.709039, -3.454535, 3.261304, 1.612782, -0.356333, -0.519056, 2.759233, -0.873139, 1.161525, 0.676705, 6.432923, -3.303461, 3.990314, 1.926488, 1
4.532044, 7.135873, 3.822804, 1.594756, 2.089921, 1.294961, 1.829856, -6.576243, 2.007129, -0.860401, -2.729573, -1.255075, 0.022295, 6.887654, 2.536119, -3.817965, 1
2.473084, -1.478425, -0.053310, 1.738004, -0.037633, 3.586356, 0.454543, 6.279729, -2.897409, 4.151628, 3.968617, -0.780192, -1.783114, 3.560607, -0.834623, 1.601069, 1
-2.951753, 3.938485, 4.991757, -1.396330, 1.284251, 3.300525, 2.110234, -4.263119, 6.012805, 2.034415, 3.116616, -4.541480, 1.849980, -0.712721, 2.475886, 0.412093, 1
-7.429232, 1.707799, 0.620109, 2.619315, 1.292471, 3.356097, 3.139316, -0.003041, 0.368585, -1.045369, -1.231906, -0.459614, 3.221208, -0.416594, 0.213441, -1.409636, 1
-5.950320, 5.409165, -1.548938, 7.030272, 4.936040, -0.516840, 1.077360, 5.291299, 0.662741, 4.216176, -1.590860, 2.538774, 0.774278, -1.979682, 4.096618, -3.919520, 1
-6.956145, -2.050797, 2.536736, 0.281625, -2.311094, -0.855418, 5.242965, 4.234088, 2.264665, -3.223239, -0.237437, 0.160501, 7.471372, 0.164721, 2.069978, 0.762526, 1
-1.149487, 2.878675, 0.917499, 0.278501, -1.574715, 3.319766, 2.800778, 3.138890, 2.421208, -3.355518, -0.135431, -4.960043, 5.961745, -0.510038, 3.256551, 4.966630, 1
-1.719615, -3.599413, -1.802017, -2.012514, 3.538613, 0.164931, -0.387216, -1.975969, -1.091666, -5.166898, 4.266894, 0.590145, -0.843455, 0.201484, -0.787786, 2.016929, 1
3.943925, 3.644965, 0.087793, -1.516983, -0.814821, 1.913894, 2.250922, 9.810477, -0.727205, -2.980127, 4.242198, -5.726629, 1.792727, 1.561627, -2.540705, 0.927174, 1
-1.560837, 1.687427, 2.766089, 2.977540, -2.067698, 1.689614, 1.741015, 4.247235, 4.605199, -1.014272, 0.755105, 7.596959, 2.731709, -5.003180, 2.427651, -0.758825, 1
3.347308, -0.327508, 3.252162, 2.363515, 5.182792, 1.616521, 2.644986, 2.428254, 2.836217, 3.491202, 5.839499, -2.606052, 0.399669, 1.540362, -0.238638, 2.240130, 1
5.042804, 1.119424, -0.837641, -2.842628, -1.010087, -4.022259, 1.375514, 3.937381, 1.027721, 2.657023, -1.284124, -3.474222, 1.202709, 2.131003, -4.881701, 1.220236, 1
-3.848994, -3.009602, -2.153750, 5.362697, 10.079049, -0.527850, -2.269856, 3.558148, 5.383407, 1.356263, 9.670232, -2.438601, 0.719656, -1.688952, 4.658568, 4.119319, 1
6.903142, -1.069492, 2.294469, 2.472146, -4.075339, 5.049758, -3.181752, -1.957273, -7.696439, 2.827744, -1.417850, 2.625270, 3.828822, 1.512137, 5.622519, 6.215943, 1
-5.833783, 1.760205, 0.671173, 2.920564, -4.072165, 2.340205, 1.261831, -0.861521, -3.946606, 2.005858, 1.125191, -3.327279, 4.714562, 0.987636, 5.524882, 1.193172, 1
2.569411, 4.007430, 0.340462, -2.027950, 0.519982, -0.131350, 2.111524, 3.595988, -2.013738, 5.770322, 1.061032, 2.664113, 1.605121, 3.092418, 2.728206, -0.624042, 1
-1.934348, -1.313840, 2.626781, -3.564423, 0.031526, 1.402562, 3.776954, 1.613830, -0.201263, 0.825120, 2.792016, 5.333800, 3.035821, 3.116164, 0.025868, 4.959128, 1
-1.922995, 3.057420, 1.237886, -1.692905, 5.851964, -0.932466, -2.440742, 4.213479, 8.972135, -1.630446, 1.584144, 3.623879, 5.779517, 5.036284, -0.101732, 3.033675, 1
-3.325738, 3.477738, 8.033732, 2.358895, 5.986491, -3.347663, -5.693525, -2.551697, 3.092904, -1.527884, 4.309930, 1.833697, 8.027688, 2.696158, 0.499336, 1.088679, 1
-4.764308, -0.960896, -1.548566, 6.423312, -0.087660, -0.494077, -0.509741, 1.379141, 0.107499, -1.378098, 1.697049, 3.227864, 2.045280, 2.055024, -4.084837, -0.667341, 1
-4.027907, -4.776279, 12.080022, 0.414560, -4.715042, -1.701468, 1.482360, 3.272630, -1.309750, 1.901700, 0.295338, -2.471235, -1.338181, 5.052981, 1.745547, 2.583991, 1
0.592426, -1.264791, -1.340209, -0.818929, -3.810862, 1.050899, -3.124780, 0.092696, 4.258412, 6.886035, -4.428473, -1.044330, 0.476689, 1.084523, -0.876243, -5.114725, 1
1.396890, -1.541486, 4.072133, 2.389567, 1.955916, -1.009431, -1.120511, 0.088806, -3.480655, -1.800076, -1.947360, -0.191849, -3.534795, -0.725735, -0.291942, 1.012374, 1
1.119312, 0.706161, -2.168920, 1.669539, 2.635013, -3.565982, 2.346326, 1.441779, -0.994863, -0.750791, 3.270192, 0.397017, -0.444615, 0.599562, -2.222292, 0.971169, 1
3.963513, 8.360806, 0.851606, -5.236345, 2.609939, 4.980742, 5.098887, -1.666688, -7.177441, -2.708986, 3.098294, 2.247996, -0.152547, 2.180877, -1.788650, -2.408256, 1
-3.141290, 1.434674, 3.707612, -0.958062, 4.274964, 1.158391, 4.281343, 2.988053, 1.666759, 5.128831, 3.823197, -1.948379, 1.421494, 3.150004, 3.065886, -2.841749, 1
5.371003, -1.355944, 1.825122, -4.880127, 2.358304, 2.417241, 0.615983, 5.507730, 0.147596, -3.068322, 1.912463, 2.241426, 6.135999, -2.932624, 5.314523, 5.486705, 1
2.948844, 0.194083, 3.507054, -0.713252, -3.226078, 0.481452, 1.078547, 3.951703, 3.682996, 1.703004, -0.697441, 2.709298, 4.020001, 6.468057, 3.814708, 4.090186, 1
4.507035, 0.042882, 0.631484, -2.138531, -1.413978, 4.619615, 0.594764, -3.344007, -0.056418, -2.994004, 4.327369, 4.378749, 2.447656, -1.524309, -0.720261, 3.629745, 1
1.737075, 4.155540, -0.529993, -2.697193, 7.125192, 5.573775, 3.870740, 2.674195, -5.046386, 3.366794, -1.002396, 1.574920, 1.981698, -2.689255, -1.619524, -1.268988, 1
-3.533160, -3.795594, -3.598372, 1.463279, 0.173882, -1.547029, 5.342324, 1.025883, -1.271735, 2.412982, 4.874608, 0.037280, 2.055984, -2.038050, 4.006387, -3.953658, 1
0.414437, -1.590210, 3.057963, -2.338856, 6.245126, 7.375701, -0.678523, -0.492993, 6.954570, -0.473301, 5.694243, 3.341485, 0.555634, 5.882508, 4.159398, -0.110190, 1
0.042112, 4.204101, -0.199884, 3.533259, 1.636659, 0.913683, 2.940301, 0.434871, 2.523074, -0.754617, 0.311708, -3.757897, 6.478528, -0.219281, 5.757766, 3.808778, 1
2.921458, -1.572951, -1.086892, 2.155120, 4.851237, 2.780015, -1.715237, 6.223578, -3.982902, -1.964952, 3.630967, 2.179208, 3.753846, -0.789063, 0.979023, 5.821910, 1
-0.994617, 2.083644, 1.899903, 1.462125, 0.303116, 2.187373, -0.795195, 6.653666, -5.440938, 0.250781, 4.781199, -3.377479, 0.322840, -0.188000, 0.768388, -0.940981, 1
-1.930904, -5.427132, -1.013011, -0.699053, 2.525647, -2.384259, -2.718310, -1.663953, 2.898217, 1.883340, 2.057296, 0.515430, 0.545483, -3.846022, 0.774241, 4.967820, 1
-1.984558, 0.923824, 2.121556, -1.854841, 3.792598, 5.877208, -0.803264, 2.900592, 2.005673, -4.305576, -2.611039, -1.266150, 0.888087, 0.157245, -2.073145, 2.919858, 1
3.846211, 0.457913, 1.149584, -0.596132, 2.178031, 1.143408, 6.479041, -1.914996, -0.883617, -0.929527, 6.161735, 0.162439, -0.477135, -2.452118, 3.837773, 0.714516, 1
3.175891, -0.119857, 0.083019, 2.761046, 1.973088, 1.526105, 2.028138, -0.394767, 1.458638, 1.341304, -0.056730, -0.347666, 3.284310, 6.356263, 6.008111, -1.292496, 1
1.125397, 0.022447, -1.305673, 4.508998, -4.727101, 6.780841, -1.362987, 7.125524, 2.988584, -0.554847, -1.093743, -2.888265, 4.211265, -1.985665, 3.292954, 3.225909, 1
-2.799376, -6.002558, 0.259594, 1.403310, 2.933064, -1.109048, 4.470643, 1.590446, 1.775022, 0.396377, 2.442431, 2.310683, 7.287129, -0.845325, 0.089760, -3.030357, 1
9.718419, 2.056388, -1.646523, 3.974629, 2.265269, 3.684295, 7.402558, -5.789398, 0.117318, 4.157472, 7.982627, -1.151688, -0.713336, 4.349368, 0.417795, 5.580478, 1
7.482532, 3.514789, -2.140978, 5.629022, 5.538688, 1.109506, -2.613689, -1.516540, 6.747094, 2.007800, -4.018934, 7.602670, 2.111268, 2.664510, 0.558173, 1.882377, 1
3.862626, -0.896993, 0.513668, -4.133404, 3.468822, -0.704465, 5.681636, -0.235297, -1.733231, -3.059267, 3.551969, 3.541663, 1.296328, -0.648217, 7.840035, 1.951972, 1
-0.993624, -1.082640, 0.656520, -4.450964, -0.952229, -3.970278, 0.829687, -1.020811, -3.175721, 4.567300, -0.147550, 5.054338, -0.504873, -1.094338, 2.580771, -0.764542, 1
6.533315, 0.962930, 1.618501, -4.627472, 5.876554, -1.139763, 2.564708, 3.735803, 1.914405, -1.284500, 0.570523, 0.500946, 5.031793, 3.551002, 4.451400, 5.268744, 1
-1.572546, 5.636771, -3.152741, -3.099790, 0.167693, -1.188581, 3.699157, -1.448874, 7.758391, 0.616852, -1.317643, 0.898549, 0.409951, -2.725283, -4.911646, 0.241168, 1
3.214566, -0.053014, 0.033780, 3.948236, 2.968699, -6.379358, 0.822724, -0.258289, -2.252459, -0.970781, 4.395560, 1.861787, 3.988294, -0.174574, -0.000968, 0.349110, 1
2.524884, -1.957000, -0.064827, 2.025180, 5.812579, -1.665568, 4.807334, 0.464094, -0.654933, 1.172348, 3.092647, -1.504788, -0.062946, -0.437602, 1.063086, 3.161458, 1
3.521794, 7.518086, 4.075013, 3.886949, 5.275125, 1.730266, 5.138713, -2.093838, -1.096806, 1.467700, 0.265485, 2.801545, -2.753178, 0.376133, 0.784392, 2.455432, 1
-0.001855, 2.493176, -1.422820, 4.760379, 3.948405, -4.232346, -0.564591, 5.873557, -2.384798, 7.550145, -1.270183, -3.135024, -3.208751, 2.706853, -1.516496, -1.885564, 1
0.291141, -3.106556, 0.840629, 0.945396, -0.542307, 1.659675, 2.370997, -3.200233, 2.918172, -4.690046, 1.607989, -1.691570, 3.394475, 2.597398, 1.072210, 0.005611, 1
3.014533, -5.726812, -0.644753, 8.442294, -0.339696, 6.019156, 3.262296, 3.489165, 1.353080, -0.477714, 1.491160, 2.578450, 2.718062, 2.091622, -1.387748, 1.008132, 1
3.896518, 1.733533, -0.089512, -1.016676, 2.950278, -0.998386, -4.862293, -2.098079, 4.685195, -1.369743, 2.923707, 0.302796, 1.638101, 1.585673, -0.045364, -1.621469, 1
-5.353292, 3.449695, -0.459963, -2.669381, 2.877576, -2.994134, -0.266884, -2.312328, 3.639148, 0.320241, -2.557270, 3.129878, -1.185834, 0.022802, 5.413299, 3.243638, 1
-0.001381, 2.327363, 2.635997, 0.995145, 3.441777, -3.981231, 0.492923, -2.150002, -2.076373, 1.603992, -2.571603, 4.492791, -2.762118, -0.527756, -0.046414, -2.853730, 1
-2.909381, -0.588551, -6.841053, 1.511924, -0.833072, -3.555162, 1.106326, -5.261643, -0.281569, 2.439874, -2.122057, -0.830787, 2.469937, 0.817804, 0.796873, 2.882409, 1
2.502013, -0.026853, 4.312221, -2.965094, -3.651703, -0.525508, 5.764722, -0.987805, 1.653598, -6.784364, -0.600057, -3.250092, -1.430594, -0.068056, 4.461337, 3.371858, 1
-2.857327, -4.802429, 1.874251, -3.419873, -2.416153, 0.860383, -1.432554, 5.278737, 4.119420, -3.152904, 3.580194, 1.115045, 5.466891, -5.078742, -1.117292, -5.573456, 1
-1.688923, 1.923162, -2.217886, -0.689781, -2.744314, 1.165912, 6.304475, 0.783557, 1.702407, 7.315763, 4.079755, 0.287557, 3.350234, -5.525568, 0.408831, -2.768550, 1
2.610009, 3.611724, 3.218320, -1.360077, 2.734454, 4.261563, 1.015656, 4.028075, 7.275125, 1.552451, 3.653085, 5.836890, 2.823337, -3.689882, 5.886161, 2.883330, 1
5.026763, 1.705728, 1.643086, 0.825006, -0.014386, 5.934783, -2.976768, 0.386509, -3.059544, 2.193074, 2.136722, -0.039999, -2.316468, -2.029549, 2.481137, 3.119170, 1
-2.931614, 3.530356, -1.085855, 3.669742, -1.159349, 3.130218, -0.886130, -7.072531, 2.559478, 3.750382, 0.242537, 4.059262, -2.352617, 3.007499, -3.121222, 2.494340, 1
0.600885, 3.310599, -1.279078, 1.083938, 7.064111, 5.071595, 1.893613, 4.603553, 5.820977, -2.327129, -0.255211, 3.498446, -3.376708, -3.257817, 6.148496, 1.121094, 1
-3.155730, 5.478740, 2.458791, 2.462493, 3.621560, -1.851448, 6.388103, 2.107341, -1.949845, -3.056046, -1.552979, 12.514106, -0.796019, 5.009721, -0.938653, 1.213013, 1
-4.905733, -1.242006, 1.124002, 3.299850, 3.828378, 4.848002, 5.844779, -2.888288, 7.018374, 5.408948, 1.073248, 1.067332, 1.684623, 4.423123, -1.233283, 0.977777, 1
7.103024, 0.821869, -1.912238, 1.946429, -2.153287, 1.193245, -1.391509, -4.474607, -8.575644, -0.959395, 3.100850, -9.297350, -1.559966, -2.605068, -6.269320, 3.729539, 1
1.939105, -4.238564, -1.124654, 5.428403, -1.207561, 2.440757, 2.560178, 2.772038, -4.904133, -4.230559, 1.929563, 4.229400, 0.282244, 3.461230, -0.183160, 0.051376, 1
1.594045, 2.689530, 2.169801, 6.428004, -2.211214, 4.152766, 6.260978, 2.450952, 9.590701, 6.837552, 4.076596, 5.116715, 2.019324, 3.771182, 3.624127, -0.746869, 1
-3.361343, 1.682584, -4.861949, -2.831604, 2.238425, 0.869297, -3.319249, 0.637030, 0.668379, 1.465636, 5.788894, -0.103064, -2.227549, -0.751288, 3.018037, 2.433787, 1
-1.625285, 4.803412, 2.214347, 0.330035, -0.510005, 2.719382, -1.459114, 0.991094, 7.503711, -1.466630, -0.276784, -0.381678, 2.099963, -3.140867, 1.480287, 3.477155, 1
-0.452060, -1.518627, 4.054490, -5.497081, 0.955832, -1.328470, 6.947198, 3.528607, 3.615819, -5.250819, 3.751847, -0.423049, 3.855063, 0.408198, -0.078656, -2.415152, 1
-3.910863, -2.626731, 1.020474, 1.335335, 0.331371, 0.367339, 1.652133, -0.470661, -0.518126, 2.559268, -2.006072, 3.479695, 5.710656, 3.312015, -0.936579, -4.088190, 1
0.515676, -0.513654, 5.046481, -1.384344, -5.696403, 0.229253, -3.345484, 0.003706, 3.555270, 9.435706, 0.289956, 1.146731, -2.386103, -1.619034, 0.904365, -3.955620, 1
-0.207144, 4.623425, 0.217859, 4.141101, -0.721318, 3.878846, 1.867202, 6.547217, 2.336654, 2.239181, 4.642982, -3.200172, -3.731310, -1.314615, 1.617269, 5.431708, 1
4.405833, 4.366065, 2.264256, 3.522929, 0.907259, 4.526570, 1.194567, 6.043168, 2.117862, 0.682078, -0.095974, 1.115714, 2.298129, 5.782147, -3.372599, 1.111338, 1
-5.950435, 4.765563, -2.306486, 3.822486, 1.709403, -2.703149, 5.264731, 4.594748, 2.156627, 0.273841, -1.117098, 3.120515, 4.144441, -2.285391, -0.714297, 3.716056, 1
-1.709777, -4.912277, 4.910409, -2.163454, -1.475616, -2.882868, -1.511983, -2.133755, -0.882646, 2.845288, 1.929341, -5.429600, -0.130574, 1.594687, 5.483909, -1.211113, 1
-1.076211, 3.932305, 1.287947, 1.646003, 3.767606, 0.146604, 6.035110, -4.874751, 1.716418, -2.572529, 0.552797, -4.056872, 3.727069, -1.575458, 7.465154, 6.521207, 1
0.218782, 1.117283, -0.145045, 0.928389, -0.946672, -2.520506, -5.040953, -0.286349, 0.747680, 0.591430, 2.347634, -0.850802, 0.680005, 4.009610, -0.281432, -2.909045, 1
-0.579477, 0.156124, 6.322822, 2.653607, 2.373551, 3.361716, 2.399579, -1.407725, 2.420405, -1.395384, 0.328335, 4.550902, -0.317946, -6.565615, -2.323130, 2.308986, 1
-2.024144, -0.278055, 2.152959, 1.081902, 4.045693, 0.566877, 2.000140, -0.684321, -1.159572, -0.542925, 1.251912, 3.528182, 0.754815, -3.216932, -1.476780, -3.061483, 1
0.784616, 2.924384, -2.458284, 0.983126, 1.143126, 3.651683, 2.213290, 7.294320, 1.549865, -2.481775, 2.479669, -0.643230, 1.523194, 0.188465, 5.637237, -3.770441, 1
0.071086, 0.045079, 2.012177, 8.155440, 3.558869, 0.588353, 2.076009, 1.109993, 0.121312, -0.731746, -0.939556, 2.765342, 1.913615, 9.357606, 1.671254, 0.375532, 1
-2.712111, -0.461718, -1.824398, -0.627376, 0.361248, 3.038568, 0.727805, 2.413934, 2.325929, -3.369354, 0.978372, 2.228351, -2.263749, 2.332078, 0.792414, 4.692796, 1
-0.198307, -9.802025, -0.450591, -1.715608, 0.125482, 1.902284, 2.493806, 0.139368, 0.676787, 0.863145, 2.511168, 9.571105, -0.850134, -6.666036, -0.013292, 1.844819, 1
4.336829, -0.178046, 7.620683, -1.214159, 3.322906, 2.569272, 1.081792, 2.682387, -3.243903, 1.791537, -1.954684, 2.599450, 4.970515, -1.747407, -0.199478, -1.589272, 1
2.135482, 1.777953, -1.005547, -5.508439, -2.832934, -2.309973, 2.863215, -6.477402, -2.844773, -2.655499, -5.772836, 5.601289, -5.512336, 3.402219, 1.721736, 2.574119, 1
1.540563, 0.336160, 1.747972, -3.646914, 5.951615, 1.127029, 2.012908, -1.728912, -2.814802, -0.012653, 2.807057, -3.583889, 2.016873, 5.786714, -3.381170, -3.098389, 1
0.303586, 2.561391, 5.716258, 0.629720, -1.135558, 4.744376, -1.392793, -3.162416, 1.989879, 2.286706, 3.946879, -0.762009, 3.161229, -0.914930, 5.724896, 4.084432, 1
5.383174, 0.195571, 4.790162, -1.739245, 5.841655, 5.153527, 1.650281, 2.684365, 3.012006, -1.416980, -0.502306, 3.250766, 3.800286, 1.634461, 4.730025, 4.823783, 1
-4.207581, -0.612556, 2.610515, -2.729146, -1.558357, 3.072980, -6.311570, 5.310954, 4.370862, 5.118075, 4.874352, -0.559848, 3.353417, 0.326126, 3.025729, 6.780099, 1
6.696282, 2.749225, 0.207539, -0.160455, -4.497255, 3.710328, -3.908992, -3.702233, 3.732619, -0.651628, 3.220531, 1.481637, 0.114916, 1.534421, 4.604970, 2.886985, 1
3.285131, 1.040709, 6.409959, -1.425874, 1.543599, 3.798440, 1.887683, 1.434114, 6.881633, -6.973070, 0.719613, -0.330079, 4.740422, -2.660018, -1.339305, 1.470176, 1
-0.154218, 1.165837, 3.047990, 4.552882, 3.156951, 2.066836, 5.078326, -0.392173, 5.003310, 2.667298, 1.844432, 3.461692, 0.237737, -0.461082, -6.633844, 0.483946, 1
-3.475739, 0.838770, 1.090672, -0.649364, 3.648829, 1.468215, 1.689458, 5.740281, 2.360364, 0.906110, -0.441730, -0.114165, -1.065540, -0.014197, 0.349604, 0.334877, 1
-0.288580, 6.104827, 4.532519, -2.921099, 2.128379, -1.924013, 3.760304, -0.125447, 0.371894, -2.376506, 1.951354, -3.973418, -1.562845, -3.550044, 6.440610, 4.493533, 1
1.424726, -1.080796, -1.892028, 1.951354, 0.710030, 2.475141, 3.329265, -3.353751, -1.358834, 4.882003, -1.229988, -0.980685, 3.813947, 9.136672, -2.241635, 5.790334, 1
-2.101102, 0.218904, -4.093299, -4.571492, 4.588817, -3.407660, -1.264922, 3.384803, 2.868001, 5.320188, 7.514415, -6.238741, 3.096454, -0.272409, 4.174499, -1.609285, 1
-3.676321, -0.332745, 3.761165, 3.683604, -1.886950, -0.090179, -0.751345, -0.629501, -1.633387, 1.957192, -3.732542, -5.831415, 4.090386, -1.694660, 3.716552, 1.372524, 1
1.468146, 2.028666, 1.339677, -2.085618, 2.035697, 3.966481, -0.855173, -1.582666, 3.017224, -3.066436, 3.274129, -2.113458, -0.231298, -1.085859, -1.169024, 3.014577, 1
-0.872412, 4.589364, 4.539687, 3.442605, 1.781104, 0.634916, 3.335612, 5.840575, -1.122039, 0.825768, 0.550905, 0.961942, 4.231288, 5.298491, -4.114751, 0.945636, 1
3.876334, 3.638038, -3.001484, -2.115074, -2.945051, 3.538938, -0.499062, 2.099826, 4.168916, 0.966980, -1.374284, 5.397861, 0.423716, 6.663795, 5.241935, 0.873243, 1
3.241508, 2.511159, -1.259451, 5.128888, 1.644105, 1.039711, -5.187177, 1.229148, 1.141343, 4.480405, 3.707803, 1.583417, 2.182105, 9.677167, -3.191974, -3.411304, 1
-2.490282, -0.495942, -4.272127, -1.804918, 3.527341, -0.918465, 4.872943, 0.318203, -0.172321, 2.465859, 1.848393, -0.201665, -2.775627, 1.017116, 4.476085, 2.301551, 1
1.067109, 4.059562, 0.919559, 1.690963, 1.402413, -2.042082, -2.722538, 3.471108, 0.514823, -5.992651, -3.158797, 3.204156, -0.736699, 5.176398, -0.211275, 5.920987, 1
7.172910, -3.182089, 2.960279, 2.979268, 5.209271, 2.840926, 1.865214, -1.923041, -0.896548, 1.609723, -2.833250, 0.584155, 7.435273, 3.561372, 1.069514, 3.603631, 1
4.048522, -4.455883, -0.687370, -1.091520, -3.632854, 4.303561, -1.506254, -3.315835, 3.711190, -0.541093, -1.261483, -0.289182, 0.724835, -0.721684, 0.469110, -4.277546, 0
-2.352625, -1.370953, -3.051038, -0.150115, -3.413199, -0.382806, 1.688207, -3.770997, -1.852118, -0.219722, 1.783429, -2.645754, 0.570062, -6.419464, 2.383058, -1.440807, 0
-1.354861, -3.750575, 0.509942, 2.617251, -4.281075, 0.706147, -1.477400, -5.811741, -1.299845, -3.566636, -2.509734, -1.727611, -0.833219, -1.093255, -2.852516, -1.243366, 0
2.944039, 1.110713, -1.182562, -1.251254, 1.187984, -2.314837, -3.657374, -2.635350, -3.160923, 1.252637, -7.839754, 1.698270, -3.482875, 6.326253, 0.491958, 2.976409, 0
1.571633, -6.277694, 0.588433, -1.636553, 0.253514, -3.894439, -3.669464, -1.112448, 1.199292, -4.201574, 4.668504, 0.313798, -0.354421, -3.743824, -2.473626, 2.309268, 0
0.045468, -4.790359, -4.160962, -4.005067, -2.820448, -3.212222, -1.601068, -1.188905, -0.130605, 0.389325, -3.660755, 0.837558, -1.102342, -2.244153, -1.254537, -2.499271, 0
-2.523699, -0.703051, -0.548408, -2.821225, 3.127559, -2.946024, -2.695643, 1.169042, -0.345769, -4.020901, -0.961239, 0.638148, -3.261051, -6.718523, 0.019523, -3.451999, 0
-2.313306, 0.852050, -3.305852, 2.575351, 0.208133, -1.276188, 4.535449, 1.121690, -0.295444, 0.416926, 3.007197, -1.934930, 5.814517, -0.876549, -6.324390, -3.191107, 0
-0.850351, -3.989653, 1.171620, -4.833758, 0.798308, -2.003648, -4.093401, -1.680034, -3.142375, 0.679938, -3.613791, 0.006928, 1.923833, 0.891335, 1.992478, 0.050063, 0
0.662919, -2.347695, 1.387715, 3.666270, -2.107733, -2.837291, 3.224412, 1.029984, -0.394254, -0.517314, 1.768746, 0.563354, -9.302900, -0.166177, -2.530123, -0.840493, 0
-1.521202, 0.263881, -7.035680, -3.625796, -4.695289, -5.757314, 0.098842, -1.060956, -0.848304, -7.381309, -0.940117, -10.628408, 3.014100, 0.459046, -0.504365, -5.421868, 0
3.479976, -0.620180, 0.924541, 3.336732, -3.266564, 1.554183, -7.017170, 2.372188, 3.947017, 5.425181, -3.593747, -0.120797, 7.481223, -2.745913, 0.613976, -1.765931, 0
1.816566, 0.795005, 6.176185, 2.346314, -3.199451, 1.742105, -1.504169, -2.884075, 0.146077, 3.802302, 5.540393, 1.135734, -0.756221, -1.504194, -0.116176, 6.819766, 0
1.212081, 2.006747, 3.556199, 3.797837, 0.419522, 0.228440, -0.653908, -1.510483, -5.892773, -5.493361, -3.616843, -1.479362, -0.809731, 0.365952, -1.591988, -2.717544, 0
-2.676860, -3.334851, 3.411872, 5.248807, 4.008147, 1.561767, -1.474793, -4.044372, 0.238673, -6.689244, -4.324279, -5.741124, -4.349719, 0.290963, 1.989814, -4.330994, 0
-2.662736, -0.720119, -0.609558, -2.122949, -4.026997, -1.120342, 5.250382, 0.445886, 8.273368, -2.191991, 0.103988, 6.927310, 2.022569, -0.433513, 5.005748, 0.590426, 0
-2.808740, 1.469787, -4.179960, 1.155803, -3.213477, -2.056923, 1.156001, 6.323529, 0.420154, -2.156112, 0.407077, 5.741195, -0.787766, -2.389263, -0.613859, -8.735666, 0
1.006465, 1.340142, 4.629958, -3.480721, 1.997367, -2.051452, 0.001992, -2.189424, -2.931135, 2.569961, -0.098578, 1.867066, -0.087689, 0.228267, -0.904184, -1.183848, 0
-4.815387, -9.753250, -0.540099, -0.813790, -5.723408, -2.530348, 1.623538, -0.026549, -9.844362, -5.431329, -3.452135, 4.824292, -5.845064, -8.338798, -4.349857, 4.029792, 0
1.742164, 2.790198, 1.235259, -4.870173, 0.776103, -3.344535, -3.120433, -0.132859, 1.103921, -2.282592, -0.439511, -1.240124, 0.569957, -1.027048, 0.223390, 1.167214, 0
-6.030023, -3.286200, -2.941390, 3.032903, -0.842245, 0.232490, -2.268506, -0.196702, -3.273826, -2.533856, 2.469224, 4.309688, -0.912014, 2.430974, -6.031309, -4.406013, 0
5.865232, -1.353751, -3.096215, -4.695687, 6.972316, -3.425089, -2.043049, 0.268548, -1.881535, 0.284242, 0.895867, -0.522811, -6.157551, -1.345825, -0.228520, -8.212719, 0
-4.377009, -5.443766, 3.361659, -4.940724, 1.866117, -0.861114, 0.249553, -7.870107, -0.903814, -3.661734, -0.568337, 1.596890, -2.417691, 0.761012, 1.586698, -10.914246, 0
-1.512038, -2.357898, 0.198216, -0.570392, 0.740165, -1.623888, 3.270764, 1.564483, -4.685791, -0.560746, -2.047886, 3.463683, -3.383874, -1.262073, 1.831048, -8.269372, 0
-0.901676, -6.338533, -4.939317, 3.445832, -2.927743, 4.967881, -1.311050, -1.539441, -4.046447, -1.313979, -0.217534, -2.087883, 1.742505, -0.817921, 3.376342, -0.071193, 0
-1.552049, -5.088898, 4.853705, -0.119218, -2.376216, 4.473231, -2.467744, -2.034466, -0.360538, -0.202630, -1.289762, 1.033237, -2.777729, 4.277415, -0.562205, -2.046380, 0
-1.941940, -5.787764, -3.201739, -3.283354, 3.560193, 0.782487, -1.880967, -5.891246, 0.301345, -3.093519, -1.694185, -1.166863, 1.403996, 2.352777, 0.178161, 2.201423, 0
5.245427, -3.839461, -1.109455, 5.072694, -5.876355, 1.121182, 4.966613, 2.078454, -3.229786, 2.161923, -1.304433, -0.078443, -4.454329, -2.252706, 1.540492, -4.662508, 0
2.070436, -3.170373, -5.018150, 2.771964, 1.561124, -1.671315, -0.553842, 0.380635, -0.319268, -0.902244, -1.978352, -1.552740, 1.178472, -3.636976, -3.621246, 7.231500, 0
-0.013165, -1.049573, -0.198228, 2.945752, -1.157231, -2.212653, 1.669381, 1.424104, -1.311091, -1.544024, -1.131276, -1.264918, 2.267295, -6.027567, -0.856888, 1.348001, 0
-1.221289, -5.053505, 2.885859, 5.466668, 2.681878, -0.053836, -3.513783, -3.079338, -0.998775, -3.081406, -0.733938, -2.111177, -9.215630, -1.703736, 6.399442, -1.466196, 0
1.497746, -7.580413, 6.410747, 0.036439, -5.087432, 0.405826, -1.398231, -1.101216, -0.103110, 0.708512, -0.071677, 0.950749, -3.977007, -2.812363, -5.868014, -2.888588, 0
-2.183259, -4.245843, -0.915179, -2.857208, -2.764333, 1.416226, -0.718613, -3.031504, -2.534012, -4.191936, 0.747434, -6.855947, 3.650777, 5.200170, -8.279900, -1.070063, 0
-1.038586, 2.691922, 3.137158, -4.173625, 3.337543, 0.195884, 0.208560, -0.337394, 0.220002, 3.334525, -4.362730, 1.155183, 4.339814, -9.557468, -0.310008, -0.129554, 0
0.135676, 3.026437, -2.607396, -1.350838, -3.282950, -0.182384, -4.586490, -5.376927, -4.623761, -1.056865, -7.258651, -0.571019, 0.078370, 2.121943, -1.227058, -4.165042, 0
-3.276628, -1.037122, 0.563594, -1.020164, 0.915189, 3.113599, 0.038680, -6.791366, 1.337071, -3.505377, -1.326236, -0.054385, -5.101433, -3.806129, 1.126861, 0.216521, 0
2.919404, -3.383712, -5.907952, 1.408122, 3.049556, -0.371644, -1.485390, -2.024541, 0.245936, -0.228534, -0.631530, -1.336233, -3.821759, 4.771237, 1.703219, -3.281108, 0
-4.069776, -3.821545, -4.524713, -1.127506, -1.516093, -5.109092, 1.914834, 1.233157, 1.364619, -1.884480, -3.523603, 2.505881, 0.565358, -3.728229, 0.721412, 4.177768, 0
-0.850180, -3.133420, -6.779342, -2.336515, 0.119475, -4.960108, -4.933696, -1.665523, 0.668286, -0.781103, 1.624061, -0.901654, -3.769977, -9.307821, -2.018505, -2.212486, 0
1.209496, 4.861594, 2.666480, 4.033002, -2.621200, -1.358398, -0.931595, -3.315309, 0.512296, -1.337094, 1.736171, -1.435032, 0.858855, 2.257897, 3.850093, 6.534333, 0
1.591941, -0.125010, -6.939487, -1.295103, -5.284132, 2.280852, -1.371924, -3.772642, 3.205190, -1.014205, -0.645947, -4.910564, -1.591990, -1.013988, 2.727876, -2.952046, 0
3.026687, -8.550838, -5.614560, -6.874784, 2.099242, 2.133187, -2.700966, -3.219902, -0.901488, -2.880514, -0.290921, -4.414186, -5.653486, -7.038426, -3.880462, -6.082912, 0
-1.231793, -1.703390, 0.052464, -1.909208, 3.509294, -2.398898, 1.000812, 0.810283, 2.932155, 2.250978, -4.245152, -1.480369, -0.978806, 0.903691, -4.388429, -4.736952, 0
4.289292, 0.598680, -2.698813, 5.650350, 2.444955, -4.179109, 0.880649, -6.936688, -4.022913, -1.792708, -0.568900, 1.297509, 1.027900, -1.900147, -2.812924, 0.558072, 0
2.050487, -2.594817, 1.812921, -0.507850, 3.388049, 1.294782, 0.214644, -3.499300, 5.064050, -3.128447, -3.459791, 1.785676, -0.237821, 0.074500, -5.907581, -4.870811, 0
4.320819, -1.256126, 1.521886, 3.885364, -1.827990, -7.511529, -9.991409, -8.704460, 5.382649, -2.745831, -0.087420, 1.020324, -4.542082, 2.769467, -0.815408, 1.518146, 0
-2.900490, -3.922336, 1.496673, -1.488191, -2.009321, -3.753787, -3.294581, -3.989970, 1.941010, 2.309129, -4.910138, -0.744588, -2.818853, -0.360475, -3.677079, -5.977969, 0
-0.098306, -1.636492, -9.172137, 1.557157, -3.577967, -1.136470, 2.973466, 1.556211, -1.215861, -1.153913, 3.439342, -1.694391, 1.120473, 0.180774, 5.300073, -0.140664, 0
-2.391690, 5.562638, 1.559108, -5.953600, 5.261466, 1.816155, -0.889626, 0.625533, 0.915708, -3.347939, -0.643449, -4.520890, -6.042700, 1.580432, 2.860225, -3.044770, 0
-3.478030, -1.275425, 1.050719, -0.692895, 0.176682, -4.529952, -3.827731, 0.905360, -3.367852, -3.737331, -6.109250, 3.633241, -4.848153, -2.644878, -4.004669, -3.183851, 0
-4.027828, 4.916043, -1.930461, -3.307360, -1.137520, 1.926427, -1.686452, -1.266979, -1.374847, -5.420281, -1.242783, -2.860500, 1.286767, -5.171723, -0.753407, -3.203642, 0
-0.667944, 0.836432, 2.537650, -5.963472, -1.932950, -4.068966, -3.036799, 7.658689, -5.887959, 0.875890, -3.969977, -3.921177, -1.112618, 0.707370, -3.557065, -0.685658, 0
-1.396092, -1.477995, -2.431028, 1.777555, 2.050143, -3.719188, 0.951238, 0.010108, -2.180549, -3.827199, -4.351279, -1.284448, -3.307331, -1.431265, -2.996577, 3.662480, 0
-5.433465, 2.709596, -0.953242, 4.086244, -4.140670, -0.925926, -5.564652, 4.466002, -2.822126, -1.822610, -0.727524, -6.818581, -3.714283, 1.414235, -1.099518, -3.488722, 0
-2.224460, -2.691852, 0.482368, 0.686975, -7.879842, -2.075429, 1.940164, 4.543128, -4.962031, 1.625970, -1.004900, 2.575299, 0.269691, -1.782620, 1.065787, -0.400769, 0
-1.400265, -0.053832, 0.126607, -1.760621, 2.260066, 1.777076, 2.453076, 1.316773, 2.674308, 2.247598, -1.524771, 3.240060, -2.279610, -2.616144, -2.593104, -8.576699, 0
-5.082859, -2.395576, -3.038208, -0.479520, 2.051778, -1.920123, -1.230151, 3.953918, 0.663632, 0.447709, 0.061376, -6.822920, -5.084108, -1.118464, -1.082582, -4.439700, 0
-1.543983, -0.260240, 1.876943, 1.777862, -2.995053, -7.553409, 0.977511, 0.151471, -4.675759, -2.342811, -5.950033, -5.947939, 0.767938, 1.326333, -0.858662, 1.361569, 0
-4.455336, -0.823353, -3.042578, 4.495952, 6.767510, 1.585462, 3.627288, -5.638371, -1.826001, -0.673934, -5.787525, -4.367449, -1.677734, -3.712898, 0.848416, -3.995234, 0
-1.754448, 1.411807, -7.057296, -2.762532, -3.610957, 0.492793, -7.059629, -7.128787, -1.243215, -2.563942, 1.250438, 2.375876, -4.087102, -1.831699, -0.574670, 1.475921, 0
2.285846, -0.898460, -3.124365, 3.575534, 2.292949, -4.406817, -0.696710, -3.095392, -1.495215, -3.190945, -0.904979, 1.492640, -2.965618, 2.655316, 0.263661, -1.798529, 0
1.341393, 4.075034, 1.423055, -1.385449, -7.957094, 3.908296, 0.798337, -0.756834, -2.750239, 2.282924, -9.472710, -1.467429, 0.065425, -0.617746, -0.761215, 2.588538, 0
-4.543753, -2.618252, -2.469556, 3.729419, -0.489873, -2.535620, -0.224236, -3.454360, 7.471496, -1.568921, -1.354955, -2.603767, -1.711284, 0.430074, -0.628658, 2.791686, 0
3.712365, -6.799541, -0.439166, -0.292764, -1.378364, -5.370717, -3.801645, -1.993359, -0.657859, 4.387914, -7.843327, -2.399910, 0.597703, -3.880599, -0.570628, -0.010030, 0
1.412751, 2.493272, -4.402254, -7.969524, -3.917720, 3.079783, -4.476992, -3.061479, 0.965278, 2.231549, -2.860009, 3.861779, 3.018231, -4.931383, -1.889497, -2.732128, 0
4.032859, -6.328197, 5.918300, -5.641164, -0.669592, 0.060498, -1.768770, -1.772308, 0.391002, -0.859562, -1.284994, -4.401402, 0.218940, -5.812969, -1.094818, -2.834811, 0
-1.274958, 1.448838, 2.926366, 2.792750, -5.354817, -3.418212, -5.174937, -0.191014, 1.158948, -4.261633, -2.750646, -1.015746, -3.450898, -5.536682, -0.399133, -0.421760, 0
-1.813125, -1.902123, 1.448520, 0.159112, -4.537861, -0.868165, -5.250422, -1.021105, -1.938378, -1.734202, -0.185164, 2.513534, -0.817424, -0.377267, 1.242412, -4.109992, 0
0.076146, -3.728016, 2.972245, 2.274041, -2.630347, 4.806388, 3.471189, -5.983481, -1.215457, -5.396457, -2.630457, -3.701751, 1.133529, 1.533832, -3.738374, -1.533404, 0
-6.415308, -4.304886, 4.157395, 3.562581, -3.783598, 3.427915, -4.012671, 0.779464, -4.319282, -3.842596, -3.844037, 2.263139, -6.865066, 0.423112, 3.718896, -2.829192, 0
-3.636931, -3.682924, -3.915088, -0.716805, 3.701470, 0.997437, -3.101843, -0.446036, -2.540911, -4.591993, -1.939193, 3.102147, -0.035407, 1.156941, 2.424277, -3.137624, 0
-6.252760, -0.260417, -2.416909, -5.300161, -0.127349, -3.673966, -0.573947, -1.485189, 2.118186, -3.565656, -1.910955, -2.719965, -1.915221, -4.185704, -6.474996, -5.263043, 0
1.831468, -0.739312, -1.628576, -1.167316, -0.087066, -2.532061, -4.084150, -1.232764, 0.134593, 0.815354, 5.007052, -3.383016, -5.354630, -3.895574, -0.330388, -3.504670, 0
-0.463689, 3.955142, -1.162814, -6.905446, -3.606064, -2.584521, 5.598207, 2.791467, -3.884634, -0.700259, 1.439626, 0.335670, 0.874238, -0.317542, 7.927428, -1.740174, 0
-0.704830, -6.042452, -1.861499, -3.691989, 5.173581, -3.473982, 3.985646, 3.449023, 1.445506, -0.517777, 0.220220, -1.969957, 5.233788, -0.865415, -2.873384, 1.676427, 0
-1.098242, -5.697001, 2.439061, 0.094356, -1.216928, -0.064485, -3.492559, -0.024074, 2.152759, 0.189031, 2.148067, 4.205163, -0.793825, -1.167123, -3.088624, -3.594349, 0
-0.281041, 3.207004, -0.141725, -4.796280, -3.180429, -4.953718, -3.559649, -0.017074, -1.438231, 0.447713, 0.807103, -1.053171, -5.764748, 2.046325, -1.350175, 0.304702, 0
0.632033, -2.562951, -6.616793, -3.228455, -3.702446, -1.795482, 0.534520, -1.997388, -3.693820, 0.248450, -1.119156, 1.128238, -2.294080, -0.368215, -6.893338, -0.003879, 0
2.435861, -1.549669, 4.562995, -0.199868, 3.995807, -3.123091, -6.142929, -2.815810, -4.745743, -0.597623, -0.032552, -6.053810, -0.159942, -0.288934, -7.002663, -1.968098, 0
-1.334627, -8.911032, 1.261632, 5.504176, 2.246966, 3.202693, -1.485780, 1.846242, -3.370025, 3.880328, -0.445882, -0.843776, -1.992915, 0.274144, -1.016494, -1.155658, 0
-2.663879, -1.286193, -3.073366, -3.075891, -2.200147, 2.261064, 2.810626, -3.328321, 3.330035, 4.188745, 0.974513, 1.778579, -1.428668, 0.239581, -3.355406, 0.841964, 0
-5.005021, -3.907455, 1.212930, -0.945392, 0.112784, 2.767060, -0.953614, -4.257450, -0.073819, 0.683255, -2.060872, 0.271085, 3.165732, -2.517694, 3.303023, 2.889468, 0
3.073676, 0.745322, -2.325184, -3.458717, -0.765279, -2.647470, -3.640637, 5.909884, -3.402193, -1.311904, 2.419032, -0.686705, -3.862298, -3.277730, -3.462246, 3.208037, 0
-0.636938, 0.208737, -3.058269, -3.549508, -3.746242, -2.998938, 0.091247, -0.410346, -3.608354, 0.225387, -1.957518, -0.224456, -2.124362, -0.659066, 0.459123, 3.310834, 0
-2.218682, -4.576140, 1.557269, 1.102887, 1.298829, -3.106657, -5.356702, -1.422302, -1.152414, -2.424357, 2.711162, -2.721944, -2.226980, -0.032870, -2.722521, -2.558160, 0
1.808270, -2.141202, 1.095746, 6.161666, -2.393361, 1.035203, -2.805302, -1.368505, -8.342556, -1.522958, 2.241086, -1.752527, 2.177669, -4.220427, -0.248342, -6.079123, 0
-1.622338, 0.977082, -5.522135, -1.678167, -1.459776, 0.796672, 0.145621, -3.181412, -5.920401, -5.789887, -0.237365, 4.359258, 3.136733, -0.471936, 1.499446, -4.464065, 0
-2.672840, 2.380504, -0.581582, -1.428449, -1.444519, -4.168466, -0.077952, -5.399049, -4.671106, -3.144591, 1.030240, -1.938848, -6.406184, 3.463414, -2.345595, -1.055863, 0
-4.976274, 4.958093, 0.531859, -2.626734, -1.736966, -1.724680, 0.340550, -4.138285, -0.774775, -3.464243, -1.355643, 0.997123, -0.973169, -1.342878, 4.939521, -2.201379, 0
-2.153083, 0.552634, -0.330775, 0.448415, 1.033244, 0.457576, -2.790367, 7.971217, -4.066235, -0.509622, 2.143666, -2.037500, 0.823262, -1.487311, -0.943535, 2.412831, 0
3.628974, -2.079028, -0.696228, 2.791833, 2.282220, 3.058311, -0.341290, -7.792154, -6.863151, -6.458305, -0.746993, 3.378327, -0.901849, 1.116055, -0.393968, 0.819112, 0
-3.576152, -0.193727, -2.252861, -0.231080, -1.837660, -1.813078, -2.348561, 3.901229, 2.629111, 0.059545, 1.650783, 1.610829, 3.067283, -7.602383, -3.934457, -1.146256, 0
4.594699, 3.814038, 0.360831, -1.803111, 4.341607, -1.160427, 4.080859, -0.047711, -3.711752, -5.606091, -7.061966, -1.914319, 1.724532, -3.968106, -7.251307, -0.005549, 0
-0.543597, -3.317012, -4.825715, 1.630143, -4.912645, 0.345485, -3.067451, -0.326020, 0.888040, -0.530969, -3.082528, 4.083402, -9.007957, -0.551709, 1.079558, -2.224581, 0
-2.429391, -2.800079, -0.398808, 1.834294, -5.186371, 6.399392, 1.844823, -5.869828, -6.875711, -1.513175, 1.222245, 0.979453, -1.116013, -2.839725, -2.372857, -3.200607, 0
-3.532380, -2.356783, -3.166667, 2.468743, -1.945406, -1.691401, -1.388612, -3.398670, 0.657958, -4.815363, 3.310151, 0.835246, -3.732098, -4.573030, -5.993215, 0.023387, 0
-1.733074, 1.975421, 0.164506, -6.199783, -6.788378, -1.679601, -1.220837, -3.984737, -2.248427, -0.828419, -3.811308, 1.903365, -1.875850, -2.871909, -2.797576, 0.847144, 0
2.724740, 4.150622, -4.891731, -3.719242, 2.297479, -0.436343, 0.858541, -3.146950, 1.144458, 0.566180, -2.247849, -1.192067, -0.138759, 0.596253, 3.544435, 0.342052, 0
7.900069, 1.820523, -2.036530, 2.239457, -2.937893, 0.714810, -1.746916, -4.779806, -5.120520, -1.826617, -2.304457, -0.507524, -1.552389, -0.989594, -0.190585, -2.806798, 0
1.457343, -4.030195, -3.900403, 1.900765, -3.621854, -0.376302, -7.375186, -1.062645, -4.555874, -0.234881, -3.910664, 2.814242, -1.424301, 1.039685, 1.272021, -2.993134, 0
2.002213, 3.395226, -2.032075, 0.178985, 5.424823, 5.514791, 3.393649, 2.081487, 3.759822, -0.778624, 2.036422, 0.255645, 1.222943, -2.028920, -4.688409, 5.843825, 0
-0.656772, 1.145799, -2.543186, 2.257102, 0.553622, 2.567697, 0.561246, -3.566689, -2.320522, -3.878066, -0.272454, -1.945591, -1.852549, 0.801099, -6.347893, -2.253521, 0
-3.807165, -3.501904, -0.771944, -1.555793, 0.343030, -1.086837, -2.202721, 0.216321, -0.402429, 1.025373, -8.103117, 3.055682, 0.239913, 0.753181, -0.422700, 0.022380, 0
-1.992280, -1.244396, 0.245034, -1.285935, 0.623748, -5.631968, -4.036695, -0.851489, -1.935881, -2.228529, -5.661861, -1.981649, 3.484143, -0.060285, -2.669363, -5.375896, 0
-3.179171, -4.069470, -2.598853, -3.093987, 4.534429, 1.891257, 2.946818, -7.989698, -2.954352, -0.673718, 1.217637, -4.953206, 1.384374, 1.095025, 0.097184, -3.566426, 0
3.590325, 0.603021, -4.729887, -0.514867, 2.840178, -2.460169, 4.939752, 1.122451, 1.122514, 3.806090, -1.114548, 3.475797, 0.240073, -0.089149, -1.340246, -4.406207, 0
1.539689, 6.498767, -0.706343, -1.649052, -7.247801, -2.012248, -8.222170, -1.901399, 0.218196, -10.964902, 0.328061, -2.257670, 4.757806, 1.524903, -6.225212, -0.911032, 0
-10.003342, -1.078879, -2.035178, -2.526803, 4.836474, 1.582004, 0.973720, -0.894365, 3.458060, -1.977660, -2.601100, 0.166444, -1.851663, 0.364852, -0.184247, -3.102465, 0
-0.600544, -2.494939, -3.504486, -5.093983, 3.345874, 0.666129, 0.051431, 2.069232, -10.051531, 4.678538, 0.221507, 3.614688, 4.012120, -2.382174, -4.463355, -1.587246, 0
-0.528300, 0.275022, 0.129884, 1.859174, 2.159747, -6.273976, -2.429681, -1.296492, -3.898825, -3.005289, 3.575568, -3.145329, 1.280330, -4.065455, -2.535153, 1.070371, 0
2.502612, -3.942299, 2.368356, -0.754175, 5.196242, -3.991446, 2.816880, -1.753229, -1.738213, 1.157901, 3.755883, 2.635226, -4.383215, 1.383504, -0.422954, 4.276521, 0
-5.886959, -0.236146, -3.078812, -0.790993, -4.916708, -1.460986, 0.803189, -1.129255, -1.447677, -3.180222, -5.313036, -7.505757, -4.901429, -4.026540, -2.123836, 0.510549, 0
-1.651901, -2.515895, -4.225407, -4.405766, -0.206550, 1.009362, -1.232861, 1.017674, -0.950791, 0.037984, -3.403473, 0.395907, -6.307023, 1.254956, 3.185460, -2.477770, 0
-2.855324, -2.537511, 2.462693, 0.405490, -0.948867, -1.508076, 0.514417, -4.226885, -0.886601, 2.696099, -1.546314, -1.200508, 1.336991, 1.669991, -0.108794, -0.161929, 0
-0.596913, -0.684222, -1.837384, 9.240535, -4.103123, -2.208492, 1.186244, -4.822827, 4.863532, 0.294620, 1.086267, 1.104962, -2.985156, -1.846420, -4.136928, 3.100236, 0
-3.336411, -0.457568, 1.118464, -4.183995, -1.987055, -4.054129, 1.832786, -4.224422, -0.941601, 2.857768, -0.579995, -1.282596, -1.437067, -2.046753, 4.686803, 1.691546, 0
-2.355593, -3.285074, -2.727999, -0.022691, 1.180278, -3.663515, 1.121636, 3.525916, -3.612318, -4.649632, -4.354047, -7.370117, -3.957780, 0.146256, -2.017240, -2.476402, 0
4.762681, -4.280889, -1.771728, -4.502687, -4.442230, -0.668787, 1.727574, -5.040289, 0.097386, -0.724476, -0.907456, -4.107364, -2.618951, 2.861354, 1.849456, 1.412992, 0
0.064551, -1.357568, 2.059999, -0.092717, -6.210236, 1.793628, 4.041379, 1.635133, 1.715159, -3.265924, -3.466399, -1.669342, -0.937586, -7.195807, 4.298383, 3.193288, 0
0.349315, -0.731323, -2.868719, 1.511006, 1.076074, 0.036521, 4.370341, -5.222562, 1.040280, 0.842990, 5.593722, 5.098187, 1.473708, -3.002666, 2.990149, 0.072263, 0
0.480517, 3.872275, -1.310407, -0.784664, -2.283359, 0.632905, 3.528005, 3.652907, -3.320354, -2.969532, -4.735712, 4.476621, 0.095864, -0.892570, 2.069871, 2.572492, 0
0.111981, 0.219998, 2.660407, 0.478099, 2.065152, -2.899324, 0.079257, -3.676291, -6.372197, -2.838524, -0.597136, -0.910205, 0.721694, -2.087864, -2.487701, -3.538983, 0
1.413808, -3.545566, -0.918672, 1.853177, -1.086773, 1.088731, 4.070016, -0.463475, 2.548350, -0.646472, 3.170409, -0.757838, -4.262503, -0.925022, -6.938622, -3.759070, 0
-2.264999, -1.742129, -2.193488, -4.757627, 2.821668, -3.157469, -1.919246, 2.334357, -1.921700, -0.602032, 0.994397, -1.825823, -4.327257, -0.128736, -3.613108, -0.650062, 0
-3.449446, 0.511704, -7.535911, -0.366305, -4.501631, -2.556322, -1.062424, -4.316315, -1.438277, -3.696000, -2.845460, 4.818387, -2.852547, -5.628416, 0.643521, 1.688287, 0
