-1.897041, -1.394781, 3.711966, -1.055140, -0.894855, -4.973839, -2.254591, -0.304464, 7.492020, -5.838464, 2.341316, 2.580700, 3.518003, 4.990305, 2.709345, 6.948063, -6.585933, -4.174965, -1.419228, 1.001417, 3.066620, 6.294508, 0.056049, -1.362032, 6.387669, -1.301758, -1.541210, 1.272285, 1.031446, 2.284235, 0.045710, 1.128513, 1
1.768360, 4.895205, 2.125853, 0.737156, 6.649715, 2.895823, -1.364819, -4.359886, 8.497202, -0.858791, 2.208895, -1.956146, -3.540188, 5.542334, -4.318325, 2.928699, -4.043678, -5.831331, 5.706753, 7.848356, 1.663229, 4.330620, 12.104445, 9.378838, 2.198879, 0.982464, -3.559763, 6.154005, 2.367762, 15.511976, 7.318489, 2.341770, 1
2.783266, -1.537825, 0.217018, 6.063122, -3.146313, 6.184891, 2.267145, 0.001095, 3.927576, 3.682087, 0.599417, 1.273951, 5.718357, 0.510031, 2.276510, 0.714106, 2.742767, -2.499350, 0.789066, 4.138294, 0.672077, 4.233004, 5.377659, 13.114725, 12.956579, 1.682194, 0.944206, -2.911894, 6.762550, 0.902266, -3.997091, -7.461222, 1
1.777746, -0.650898, -1.601034, 1.381226, 0.266359, 7.852571, -0.812124, -1.965826, 6.093313, 4.854664, 2.714762, 2.678755, 3.866468, -1.321661, -8.674318, -2.729856, -1.769154, 6.031574, 5.255886, 2.295502, 9.389992, -6.256587, -2.118727, 5.186453, 8.025499, 0.516127, -0.665131, -5.582105, 7.872854, 5.426365, 5.911203, 4.894768, 1
-1.153189, 1.841410, 3.335852, -4.925739, 1.322474, 2.062155, 0.554354, -6.082845, -0.399240, 8.196930, -1.777811, 0.545347, 3.060406, -4.134760, 0.592663, -2.784788, -1.810843, 11.628237, -0.843998, -5.669276, -5.838795, 0.885828, -4.694273, 5.546284, 7.546074, 1.768091, 4.929998, 1.588882, 1.635614, 8.103382, 4.680073, -0.942701, 1
3.561626, 5.534676, 1.421665, 5.511555, -1.619322, 0.797960, -3.659128, 4.134939, 0.068874, 9.069891, 8.910627, -6.471454, -6.639844, 1.528383, 5.191654, -2.874107, -0.755930, -8.077586, -1.403913, 4.102118, 2.669487, -3.819231, 2.005144, -3.307610, 6.847481, -3.912659, -4.330385, -0.227745, -1.181345, 5.253513, 1.141340, -3.653532, 1
0.725029, 1.370739, -2.566536, 5.549496, -5.239817, 1.459663, -5.114871, -2.297558, -1.664211, -6.769469, -4.058985, -5.062877, -1.470705, 0.913153, -8.658210, -4.015793, -2.094559, 1.454618, -4.156094, -6.181830, -1.213642, 3.260136, -4.014820, 6.394249, 2.749149, -0.739590, -10.306942, 2.287388, -2.757551, 1.612547, -1.898991, -2.907806, 1
-4.899614, -2.425766, 5.313173, -2.688404, -1.854998, 5.051327, -7.836955, 6.277763, -1.699240, -4.011398, -0.332308, -0.934780, 0.936140, 2.616076, 0.221245, -0.266594, -4.449253, 2.432274, 6.235170, -1.674757, 1.552416, 5.821770, 7.294107, 2.344488, 1.364958, 0.944405, 0.582872, 8.786037, 2.344185, -4.438099, -2.237852, 0.427982, 1
-2.812744, -0.231983, 5.141689, -0.565176, 0.874987, -8.962525, -2.349058, -1.994534, -7.947132, -6.134862, 0.595232, 1.207561, 1.730839, -3.950455, -0.126814, 5.755781, 9.732630, -3.007893, 2.002733, -5.299664, 4.197968, 1.866604, -0.918144, -1.148270, 3.487932, -1.649019, 1.228432, 0.542793, 8.683315, -5.086013, 5.228941, 2.310253, 1
5.995066, 9.677435, 4.992048, 1.841112, 2.541382, 1.417139, 2.173595, -9.714426, 2.424295, -1.631004, -4.274412, -2.189156, -0.382683, 9.326401, 3.172400, -5.813630, 3.083258, -2.505022, -0.489605, 2.043695, -0.467434, 4.657661, 0.228609, 8.466665, -4.511768, 5.457075, 5.198261, -1.517572, -2.935917, 4.621246, -1.594547, 1.850040, 1
-4.588621, 5.155647, 6.645199, -2.388922, 1.401993, 4.253433, 2.570108, -6.443173, 8.089176, 2.462885, 3.993349, -6.836836, 2.202053, -1.422153, 3.087217, 0.168573, -10.920732, 2.000980, 0.462753, 3.290060, 1.413616, 4.332024, 4.025450, -0.418514, 0.107044, -1.892590, -2.156391, -1.064205, 4.141262, -1.003365, -0.112362, -2.407740, 1
-8.829237, 7.235500, -2.604742, 9.528093, 6.566402, -1.145134, 1.109404, 7.068813, 0.523045, 5.548361, -2.664030, 3.176155, 0.680780, -3.213905, 5.379278, -5.957253, -10.251689, -3.314478, 3.173273, -0.015936, -3.682594, -1.623959, 7.000460, 5.573692, 2.788507, -4.972561, -0.750000, -0.187231, 10.151901, -0.181263, 2.513178, 0.664160, 1
-2.039833, 3.656847, 0.883326, -0.020353, -2.641195, 4.280645, 3.546686, 4.024847, 3.009892, -5.159633, -0.605742, -7.428773, 8.016968, -1.135515, 4.191244, 6.609661, -2.846117, -5.504552, -2.962650, -3.260338, 4.590141, -0.180965, -0.961819, -3.208654, -1.958063, -7.721311, 5.620089, 0.420378, -1.607038, -0.129272, -1.528311, 2.438156, 1
5.163340, 4.740547, -0.290054, -2.559551, -1.566544, 2.292440, 2.769072, 13.459898, -1.442636, -4.628750, 5.585163, -8.512890, 2.121088, 1.794262, -4.007313, 0.897009, -2.621571, 1.972168, 3.497629, 3.796663, -3.338381, 1.975262, 2.047955, 5.592285, 6.098520, -1.848610, 0.653667, 10.329512, 3.449009, -7.489778, 3.019005, -1.487354, 1
4.319595, -0.877380, 4.185038, 2.928303, 6.915361, 1.871893, 3.326363, 3.019857, 3.596806, 4.523094, 7.844088, -4.099728, 0.151003, 1.764189, -0.751698, 2.753809, 6.717388, 1.168892, -1.598816, -4.434298, -1.842691, -6.102546, 1.531057, 5.154085, 1.039206, 3.343388, -2.230240, -5.327505, 1.286674, 2.599482, -7.317981, 1.311460, 1
-5.857513, -4.670433, -3.460075, 7.169786, 13.839716, -1.160706, -3.624275, 4.617769, 7.199074, 1.503832, 13.261560, -3.862917, 0.603535, -2.802753, 6.173998, 5.411385, 9.348303, -1.926702, 2.830658, 3.081928, -6.177613, 6.727224, -4.913891, -3.182215, -11.298622, 3.584824, -2.419355, 3.298481, 5.000559, 1.724272, 7.537231, 8.376459, 1
-8.664429, 2.075092, 0.534969, 3.716087, -6.173125, 2.895336, 1.370285, -1.632587, -5.995557, 2.422501, 1.177046, -5.119697, 6.253185, 0.982515, 7.399151, 1.273188, 3.219484, 5.253147, 0.067272, -3.282167, 0.321154, -0.599970, 2.571932, 4.671282, -3.262068, 7.746256, 1.086313, 3.353413, 1.855770, 3.959127, 3.444052, -1.296741, 1
-3.149794, -2.272263, 3.300615, -5.455069, -0.369629, 1.569309, 4.927206, 1.868088, -0.698843, 0.752682, 3.534294, 7.128920, 3.879087, 3.992708, -0.377630, 6.599052, -3.133738, 3.909632, 1.336422, -2.808344, 7.861713, -1.732918, -3.865946, 5.544546, 12.274302, -2.720013, 1.826103, 4.710726, 7.759258, 6.708170, -0.558084, 3.876051, 1
-5.117517, 4.504053, 10.947199, 2.921770, 8.051966, -5.148524, -8.466074, -4.022858, 3.959814, -2.574968, 5.680948, 2.179026, 10.938654, 3.398731, 0.291954, 1.125412, -7.151961, -1.773125, -2.604216, 8.669724, -0.538183, -1.112942, -1.135096, 1.536186, -0.262186, -2.363138, 1.985777, 4.150679, 2.478251, 2.492031, -6.191046, -1.357977, 1
-6.110535, -7.168892, 16.669519, 0.172064, -7.082290, -2.820452, 1.682159, 4.213984, -2.266479, 2.275198, 0.003458, -3.909067, -2.306686, 6.731781, 2.054363, 3.240103, 0.423605, -2.202898, -2.309555, -1.572353, -5.803586, 1.071981, -4.833319, -0.283121, 5.608093, 9.324110, -6.677021, -1.891119, 0.259928, 1.119535, -1.653408, -7.647527, 1
1.561287, -2.594204, 5.344652, 2.965145, 2.351870, -1.841763, -1.998856, -0.288622, -5.336602, -2.959904, -3.168196, -0.685528, -5.413168, -1.440557, -0.827082, 1.017500, 1.168734, 0.584450, -3.481529, 1.946875, 3.312258, -5.457273, 2.903994, 1.624771, -1.821161, -1.475992, 4.210539, 0.147253, -1.042994, 0.433695, -3.557009, 0.959227, 1
5.191042, 11.409754, 0.790140, -7.819524, 3.276798, 6.629622, 6.796701, -2.771267, -10.564649, -4.245298, 3.967438, 2.764935, -0.629948, 2.670013, -2.943745, -3.820002, -4.856668, 1.614723, 4.829144, -1.769117, 5.631500, 1.223999, 5.640520, 3.811533, 1.942940, 6.839050, 4.992605, -3.169638, 1.596085, 4.040567, 3.921606, -4.433054, 1
7.181532, -2.331806, 2.166899, -7.315755, 2.920933, 3.004282, 0.456919, 7.374891, -0.205481, -4.753475, 2.290419, 2.755642, 8.263401, -4.561571, 7.101658, 7.345160, 3.756083, -0.139738, 4.545511, -1.422903, -4.976578, 0.266663, 1.111082, 5.174339, 4.794331, 1.994198, -1.400543, 3.417313, 5.270929, 8.733000, 4.980600, 5.370184, 1
5.959698, -0.353569, 0.478840, -3.438553, -2.413879, 6.118908, 0.426910, -5.143353, -0.494001, -4.648375, 5.705612, 5.778273, 3.047295, -2.569912, -1.432816, 4.719021, 2.042381, 5.462608, -1.163736, -4.228621, 9.662331, 7.468294, 5.059841, 3.367670, -7.550881, 4.347153, -1.831814, 1.813059, 2.388332, -4.217394, -2.704567, -2.208832, 1
-5.410856, -5.781994, -5.503078, 1.655176, -0.168306, -2.602043, 7.140976, 1.036604, -2.212719, 2.998259, 6.479523, -0.361490, 2.493387, -3.296452, 5.251673, -6.005530, 0.171890, -2.663111, 3.910402, -3.721855, 8.417730, 10.016603, -1.373789, -1.111410, 9.421036, -1.083563, 7.638664, 4.311361, 0.371572, 7.904911, 5.468063, -0.570045, 1
-0.354656, 5.531282, -0.696892, 4.582571, 1.900372, 0.877930, 3.744001, 0.200787, 3.153954, -1.481401, 0.026609, -5.728683, 8.747808, -0.724323, 7.728498, 4.972212, 3.717352, -2.638702, -1.951311, 2.633587, 6.446472, 3.517323, -2.839924, 8.387257, -6.046886, -3.193073, 4.720751, 2.667652, 4.894526, -1.530117, 0.970335, 7.819212, 1
-1.820812, 2.532503, 2.272655, 1.653543, 0.014458, 2.679201, -1.538788, 8.995493, -8.108862, -0.059555, 6.347425, -5.190689, 0.042351, -0.680084, 0.672451, -1.744961, -3.144924, -8.089337, -1.846827, -1.402822, 3.157591, -3.786064, -4.258484, -2.767397, 3.684484, 2.249233, 2.495243, 0.314716, 0.357216, -5.853310, 0.680729, 6.611345, 1
-3.220802, 0.892271, 2.586121, -3.037355, 4.949329, 7.897415, -1.550200, 3.687843, 2.422237, -6.503219, -4.106779, -2.204821, 0.841732, -0.191835, -3.346083, 3.715090, 5.025150, 0.233374, 1.211544, -1.257271, 2.665987, 1.202810, 8.748535, -3.122427, -1.663837, -1.728764, 8.299795, -0.184490, -1.088984, -3.882030, 5.013220, 0.596266, 1
4.077175, -0.583717, -0.296806, 3.490496, 2.376154, 1.744024, 2.454006, -0.972498, 1.648613, 1.482677, -0.494442, -0.905888, 4.230503, 8.574902, 8.082539, -2.242079, 1.177338, -0.382469, -2.260712, 5.962473, -7.099344, 9.175344, -2.341766, 9.662800, 3.812283, -1.198885, -1.960999, -4.498837, 5.541416, -3.222368, 4.242729, 4.147911, 1
-4.373129, -8.903112, -0.047092, 1.570366, 3.733765, -1.982643, 5.908232, 1.835016, 2.096048, 0.146349, 3.039907, 2.853588, 9.891344, -1.609684, -0.287273, -4.699785, 13.329706, 2.493959, -2.742748, 5.206762, 2.789362, 4.796165, 10.054585, -8.601660, -0.248301, 5.465342, 10.874926, -2.042946, -1.423021, 5.736721, 0.176640, 7.477774, 1
10.167685, 4.556450, -3.442013, 7.546427, 7.418676, 1.154865, -4.110529, -2.558924, 9.127621, 2.425245, -6.097845, 10.337585, 2.571571, 3.353973, 0.375162, 2.247869, 5.048367, -1.682753, 0.312223, -6.259729, 4.491442, -1.410477, 7.620832, -0.746975, -2.865372, -4.740671, 4.609030, 4.594456, 1.419071, -1.330931, 10.673271, 2.346291, 1
-1.819408, -1.945297, 0.514246, -6.708827, -1.760868, -6.029035, 0.759142, -1.857857, -4.905361, 6.044924, -0.622879, 6.733700, -1.128212, -1.961842, 3.235548, -1.495438, 8.825291, 0.947577, 1.874691, -6.958447, 7.896490, -2.026081, 3.212833, 4.869011, 2.293163, -2.230770, 0.392628, 0.294231, 6.701817, 4.607662, 5.881018, 7.036919, 1
-2.638130, 7.557384, -4.872864, -4.797977, -0.177059, -2.095119, 4.817184, -2.463230, 10.557810, 0.458147, -2.277641, 0.856527, 0.165546, -4.268345, -7.360330, -0.073151, 4.131870, -0.489187, -0.366440, 5.169436, 3.784164, -9.435989, 0.749294, -0.779490, -3.599670, -1.787106, 5.802048, 2.218752, 5.226086, -0.661098, -0.415581, 0.079502, 1
3.156511, -3.181828, -0.505892, 2.449823, 7.806017, -2.769682, 6.384384, 0.242115, -1.340427, 1.243738, 3.959450, -2.542305, -0.503233, -1.033075, 1.089216, 4.056765, 4.566357, 10.217966, 5.348726, 5.082764, 7.045940, 2.032753, 6.853025, -3.375347, -1.965330, 1.661428, -0.038761, 3.547770, -4.307795, 0.117720, 0.695086, 3.058290, 1
-0.416836, 3.111671, -2.426384, 6.317980, 5.169676, -6.399654, -1.212666, 7.892250, -3.786827, 10.263304, -2.210522, -4.847807, -4.952072, 3.413855, -2.558863, -3.080803, -0.002480, -4.807547, 0.774614, 0.922779, -1.181150, 1.932922, 2.938883, -4.940027, 3.712706, -7.046941, 1.859827, -2.806456, 4.386299, 3.259062, 1.102121, -0.406277, 1
3.848982, -8.513149, -1.326033, 11.524996, -0.894617, 8.098160, 4.199369, 4.520212, 1.499331, -1.089802, 1.694607, 3.232265, 3.429708, 2.543789, -2.376785, 1.011501, 5.096294, 2.037373, -0.540802, -1.852009, 3.758112, -1.826145, -7.290535, -3.381346, 6.211655, -2.351322, 3.720533, 0.014006, 1.902412, 1.828268, -0.478369, -2.707315, 1
-7.984912, 4.464394, -1.064699, -4.189289, 3.655294, -4.648558, -0.791643, -3.684340, 4.732321, 0.038675, -4.030739, 4.012102, -2.091234, -0.381966, 7.241348, 4.172985, -0.416166, 2.877176, 3.313650, 0.993135, 4.453194, -6.044523, 0.282885, -3.454775, -3.350649, 1.854174, -4.051008, 5.939552, -4.320438, -1.160572, -0.479853, -4.449997, 1
-4.528700, -1.246550, -10.088923, 1.723970, -1.592354, -5.441973, 1.150368, -7.855301, -0.812412, 3.036289, -3.415255, -1.589123, 3.078804, 0.742338, 0.712736, 3.662128, 3.124168, -0.452188, 5.684189, -4.607489, -5.578501, -1.157393, 7.738335, -1.811180, 1.924328, -10.008753, -1.262821, -5.010536, -2.437380, -0.510458, 5.895069, 4.354313, 1
-4.455084, -7.205873, 2.236380, -5.250645, -3.831171, 0.802551, -2.440151, 7.051048, 5.411528, -4.873093, 4.648945, 1.162697, 7.317139, -7.596640, -1.994303, -8.296270, -2.802711, 2.305548, -3.550777, -1.389711, -4.295259, 1.234634, 8.501659, 0.693905, 1.993353, 9.931837, 5.355433, -0.007547, 4.323734, -8.228546, 0.163961, -4.329535, 1
3.276899, 4.693537, 4.137178, -2.337652, 3.452888, 5.612549, 1.022142, 5.282347, 9.874367, 1.781282, 4.752029, 7.840395, 3.578587, -5.632495, 7.910076, 3.663433, 6.694704, 1.998051, 1.909462, 0.752522, -0.434559, 7.978836, -4.623999, 0.132393, -4.741062, 2.687263, 2.607569, -0.470781, -3.690193, -3.284428, 3.094645, 3.996960, 1
-4.560143, 4.578465, -1.949844, 4.775585, -2.053780, 4.012583, -1.667391, -10.416282, 3.205435, 4.889629, -0.071213, 5.326450, -3.741316, 3.839033, -4.828287, 3.113317, 0.435568, 4.267683, -2.223103, 1.118706, 9.575947, 6.758104, 2.263762, 6.096193, 7.817894, -3.705271, -0.775135, 4.533337, -5.189600, -5.021463, 8.281073, 1.171253, 1
-4.877090, 7.333897, 3.063044, 3.068277, 4.707447, -3.032555, 8.619930, 2.566017, -3.171711, -4.736115, -2.610456, 17.283403, -1.539953, 6.670603, -1.741669, 1.301247, -7.351968, -2.170675, 1.175365, 4.252478, 4.999929, 6.441898, 7.851555, -4.498871, 9.511269, 7.235197, 1.103590, 1.095222, 1.968203, 5.841028, -2.158339, 0.968573, 1
9.630981, 0.748085, -3.118526, 2.338453, -3.459421, 1.273291, -2.382103, -6.742264, -12.542005, -1.771004, 3.971052, -13.562651, -2.620338, -4.098337, -9.280372, 4.860153, 2.328094, -6.408449, -2.004713, 7.262709, -2.121964, 3.037539, 3.206427, 3.506042, -7.349705, -6.397128, 2.314600, 5.567060, -0.015060, 4.480707, -0.673241, -0.341557, 1
1.840107, 3.389359, 2.654350, 8.676357, -3.541342, 5.458685, 8.440147, 3.051956, 13.149088, 9.255547, 5.350964, 6.821917, 2.441544, 4.919044, 4.711079, -1.470446, -5.167871, 1.965321, -7.290048, -4.418707, 2.751398, 0.815159, -5.108341, 0.486683, 0.531017, 1.658508, 7.772518, -0.559967, -3.564444, -1.476696, 3.853937, 3.027683, 1
-2.712713, 6.378838, 2.717348, 0.052526, -1.135469, 3.431576, -2.477713, 0.987406, 10.197638, -2.488340, -0.805645, -0.953987, 2.555584, -4.856071, 1.679228, 4.503227, -1.053522, -2.561876, 5.319702, -8.188259, 0.937538, -2.292953, 9.410610, 4.575993, 4.699327, -7.839993, 4.891701, -1.012495, 5.037670, 0.163067, -0.525450, -3.829754, 1
-5.945008, -4.128971, 1.028955, 1.474236, 0.054417, 0.105282, 1.922256, -1.079828, -1.146954, 3.205137, -3.251228, 4.506819, 7.661877, 4.269684, -1.738735, -6.195787, 0.315062, -1.140629, 6.722589, -2.371971, -8.470142, -0.090000, -5.145442, -0.408972, 4.613699, 12.929892, -0.004152, 1.207510, -3.788673, -2.703873, 0.864752, -6.008306, 1
-0.707159, 6.124300, -0.106113, 5.442186, -1.434311, 5.071304, 2.226410, 8.844952, 2.890316, 2.752466, 6.151953, -4.939939, -5.691083, -2.273359, 1.872952, 7.267382, 5.816576, 5.760336, 2.787928, 4.567961, 0.868845, 5.987324, 1.275160, 8.132118, 2.580894, 0.550392, -0.549942, 1.163645, 2.835833, 7.762980, -5.183788, 1.157455, 1
-8.829398, 6.325310, -3.676077, 4.991598, 2.003246, -4.237043, 7.031242, 6.083742, 2.635719, -0.026943, -1.994028, 3.998861, 5.446911, -3.646244, -1.424381, 4.841084, -2.832203, -7.361222, 6.530155, -3.473799, -2.501051, -4.491203, -2.552479, -3.431799, -1.662462, 3.609631, 2.314287, -8.092827, -0.598873, 1.841015, 7.341206, -2.126986, 1
-1.936205, 5.146908, 1.407219, 1.913586, 4.913984, -0.206884, 8.120720, -7.308152, 2.013170, -4.052319, 0.367561, -6.151498, 4.856657, -2.642246, 10.143110, 8.808167, -0.104809, 1.165865, -0.619337, 0.898727, -1.753010, -3.978746, -7.543197, -0.819172, 0.643166, 0.422195, 2.905842, -1.617430, 0.547461, 5.256233, -0.812218, -4.528225, 1
-1.233717, -0.193420, 8.527607, 3.338556, 2.942497, 4.339972, 2.979305, -2.405037, 3.008759, -2.387583, 0.050123, 6.021736, -0.863857, -9.699394, -3.699614, 2.851187, -3.276785, -0.807442, 2.630529, 1.115826, 5.307262, 0.387472, 2.414413, -1.381989, -2.054094, -1.182026, 1.356258, 4.575390, 0.653257, -4.963642, -2.502695, -4.743805, 1
0.695402, 3.721491, -3.890753, 0.976137, 1.202410, 4.750046, 2.715851, 9.901514, 1.777628, -3.923973, 3.092567, -1.323879, 1.739908, -0.147682, 7.558044, -5.746423, -0.313683, -0.350462, 2.431437, 11.119322, 4.618788, 0.417845, 2.521708, 1.155554, -0.242653, -1.449057, -1.742947, 3.496572, 2.292049, 12.819441, 1.949299, 0.116871, 1
-4.249718, -1.067181, -2.994301, -1.301456, 0.096668, 3.882971, 0.615059, 2.999605, 2.875149, -5.179200, 0.969414, 2.737152, -3.615639, 2.883842, 0.706429, 6.222403, -0.694662, -14.276370, -1.051445, -2.840448, -0.236755, 2.276022, 3.112560, -0.217117, 0.542908, 0.806459, 3.137115, 13.121374, -1.616484, -9.841413, -0.433012, 2.194756, 1
5.718990, -0.666008, 10.363062, -2.131294, 4.285084, 3.219286, 1.115671, 3.379257, -5.001785, 2.119404, -3.178555, 3.261967, 6.615158, -2.885420, -0.696318, -2.661783, 2.605814, 2.100193, -1.836271, -8.204323, -4.420588, -3.681009, 3.634985, -9.574643, -4.437330, -4.169655, -8.578236, 7.507206, -8.209833, 4.397249, 2.020689, 3.226141, 1
1.764473, 0.061190, 2.057793, -5.571730, 8.002644, 1.179647, 2.432468, -2.859264, -4.394945, -0.432106, 3.555567, -5.482597, 2.438078, 7.769436, -5.195910, -4.795996, 0.015121, 3.208141, 7.669798, 0.476345, -2.020136, 6.295347, -2.383921, -4.886543, 2.399900, 2.819677, 5.167517, -1.491856, 4.056440, -1.708120, 7.682014, 5.362047, 1
7.198746, -0.137634, 6.360100, -2.873878, 7.847136, 6.873976, 1.919638, 3.382053, 3.845407, -2.418125, -1.124582, 4.183064, 4.960205, 1.897264, 6.275055, 6.407646, -6.364631, -1.280499, 3.277611, -4.273809, -2.618063, 3.931637, -9.340121, 7.096611, 5.767118, 6.823839, 6.479164, -1.205957, 4.328234, 0.046999, 3.864815, 9.174294, 1
9.055761, 3.473778, -0.120708, -0.641130, -6.774292, 4.832983, -5.942363, -5.649962, 4.864508, -1.335754, 4.140305, 1.681137, -0.251698, 1.755785, 6.098198, 3.668600, 4.231663, 1.057573, 8.650837, -2.430702, 1.768764, 4.957592, 2.255373, 1.613932, 9.317884, -10.275623, 0.603474, -0.881016, 6.289757, -4.176046, -2.308277, 1.664928, 1
-0.632311, 1.234529, 3.896296, 6.024534, 4.050390, 2.508734, 6.767626, -0.968828, 6.661535, 3.357918, 2.194208, 4.481359, -0.078003, -1.066280, -9.795886, 0.270189, -5.329651, 0.771986, 1.128229, -1.332552, 4.746012, 1.662157, 1.975040, 7.703772, 2.923845, 0.867220, -1.038914, -0.575668, -1.921114, -0.434292, 0.080200, 0.059374, 1
-0.822327, 8.219315, 5.995737, -4.545271, 2.595770, -3.135180, 4.903660, -0.591621, 0.111725, -3.775099, 2.345419, -6.033475, -2.624411, -5.434733, 8.694183, 5.940601, 1.600653, -1.942690, -3.089945, 2.345419, 0.589920, 3.086163, 4.294079, -5.157133, -2.335896, 6.489983, -2.153679, -1.801111, 4.979521, 12.506994, -3.584364, 7.774557, 1
-3.385620, -0.104635, -6.203012, -6.879279, 6.075354, -5.233372, -2.203083, 4.372620, 3.641754, 7.109669, 10.212774, -9.237125, 3.964834, -0.799458, 5.489418, -2.690086, -5.613317, -0.884785, 4.904877, 4.795189, -3.082764, -0.541746, -1.476774, -1.304462, -2.724171, 2.353674, -5.692825, -8.661079, 5.370468, -2.810825, 4.841785, 1.526829, 1
1.662060, 2.454754, 1.480375, -3.363724, 2.464697, 5.195238, -1.623611, -2.652441, 3.852787, -4.750809, 4.216106, -3.403093, -0.741318, -1.949850, -2.067463, 3.849043, -1.647991, 6.076130, 6.005875, 4.454365, 2.104649, 0.483694, 4.303055, 7.845608, -2.001015, 0.753599, 0.364885, 0.946178, 5.569733, 7.078987, -6.233350, 0.923119, 1
5.067751, 4.730751, -4.658953, -3.405380, -4.579145, 4.590599, -1.119993, 2.555389, 5.481524, 0.953304, -2.357744, 7.219513, 0.185011, 9.009817, 6.999002, 0.820740, 4.169971, 3.137104, -2.195347, 6.839132, 1.910904, 1.056160, -7.749990, 1.324064, 1.199890, 5.922037, 4.829414, 1.825077, 2.671749, 13.271368, -4.928347, -5.238526, 1
-3.936005, -1.115582, -6.455913, -2.966753, 4.574202, -1.713120, 6.477169, 0.035793, -0.657911, 3.073040, 2.199810, -0.699409, -4.339544, 1.024206, 5.915928, 2.840672, 1.094908, 5.326874, 0.886242, 1.977169, 1.569098, -3.302153, -4.264463, 4.494677, 0.313858, -8.889101, -4.881428, 4.117149, -1.456064, 6.906319, -0.713001, 7.959328, 1
9.729815, -4.914366, 3.772253, 3.799110, 6.952808, 3.603464, 2.223598, -3.133804, -1.682123, 1.862278, -4.421034, 0.411907, 10.100851, 4.622328, 1.098309, 4.682091, 8.139690, -3.887356, 1.442125, 0.870571, -2.723417, 8.500368, 0.284050, -2.275085, 7.662630, 1.648994, 0.630207, 2.005249, 3.439285, 1.393599, 3.077635, -3.635149, 1
-0.912899, 0.475395, -1.900604, 2.201920, -2.412779, 1.872845, 4.801699, -2.918781, -0.205076, 2.103479, 4.936363, -1.327446, 3.220404, -6.664280, 5.784367, 0.376606, 0.498150, -2.889900, 3.135380, 6.115566, -3.640141, 3.412857, 0.324856, -5.804829, 0.575956, -2.629772, -1.135086, -0.028997, 1.235867, 0.868118, -1.619854, 0.655828, 1
6.577715, 3.985001, 0.741819, 0.644674, 4.094276, -0.859461, -2.758095, -1.312735, -2.056007, 4.185711, -8.672873, 4.815929, -2.511314, 11.360888, 3.109949, 6.623493, 4.636839, -6.463786, 3.246384, 0.099779, 2.772738, -3.093353, -2.775192, 0.840975, 4.110268, -3.527710, 9.016476, 2.857990, 1.912987, -2.880352, -1.084021, 5.680012, 1
2.478516, -4.360376, -3.470274, -3.249805, -1.574501, -2.128553, 0.149963, 0.732849, 2.229511, 2.964804, -2.762875, 3.598701, 0.855268, -0.759499, 0.640032, -1.120289, -1.154835, 1.419950, 1.638649, -1.575600, 6.837252, -1.752094, -1.398003, 4.067490, 1.925224, -3.272200, 1.054817, 3.316692, -2.197609, -7.087212, 2.441822, -2.467649, 1
-0.857294, 3.619194, -2.260967, 6.056311, 2.708559, 0.609413, 8.828306, 4.000523, 1.996393, 3.003838, 6.667034, -0.322189, 10.637182, 1.174587, -6.529825, -2.098692, 1.211636, -3.228006, 4.071135, -4.421753, 3.543194, -0.419371, -3.374729, 0.038288, -2.029776, 3.375793, -2.696459, 2.424013, 5.134926, 3.674751, 5.232002, 2.485014, 1
3.351725, -0.905930, 4.376740, 7.599104, -0.566570, -1.598320, 6.974222, 3.870831, 1.856655, 1.682623, 4.915600, 3.210917, -10.742074, 2.179205, -1.163921, 1.225578, 0.262909, 2.787397, -7.535741, -2.713436, -4.225925, -5.727858, 2.553999, 0.913795, 1.214531, -8.024533, 1.084688, -12.616627, 6.676794, 3.063404, 1.700935, -5.253467, 1
7.335642, 1.537146, 3.721712, 7.133066, -2.205406, 4.612160, -7.509563, 5.768993, 7.996140, 10.086578, -2.668112, 2.243382, 12.994261, -1.469091, 3.282509, -0.083189, 4.983227, 3.538519, 11.148657, 5.732403, -2.110493, 4.877924, 0.286999, -1.664484, 2.620800, 7.791483, 10.249514, 4.020384, 1.344757, 0.286963, 2.249916, 12.058821, 1
4.128355, 5.252182, 7.443439, 7.785166, 3.007509, 2.737278, 1.489449, 0.278069, -5.919426, -5.354571, -2.700775, 0.322081, 1.269083, 2.931749, 0.162804, -1.428974, -1.371437, -2.301977, 7.239330, 9.837149, 8.082592, 4.622885, 0.328541, -3.305391, 2.751751, -7.045806, -3.701239, -5.704961, -3.737217, 2.825699, 5.228237, -3.710735, 1
-1.351463, 1.395813, 1.552168, -0.588089, -3.280819, 0.829811, 9.839375, 3.044792, 14.114523, -0.685728, 2.561275, 12.210909, 5.274559, 1.801134, 9.493412, 3.249203, -1.557943, 4.492807, -3.497143, 4.048767, -2.130329, -0.494715, 4.049046, 11.357035, 3.008400, -0.634989, 2.989906, 10.533491, 1.300144, -0.964714, 1.546085, -9.939884, 1
3.837570, 4.309462, 8.961964, -2.508268, 5.238916, -0.486977, 2.417032, -0.682098, -1.731037, 6.048689, 2.274803, 5.054646, 2.290203, 2.737034, 1.135504, 0.740000, -4.395773, -11.378965, 1.650398, 1.263342, -5.679907, -1.164238, 4.710245, 2.376667, -11.507816, -5.266845, -2.467842, 9.236794, -5.851955, -9.378627, -3.737413, 8.113201, 1
4.878004, 6.360151, 4.161135, -4.473251, 3.511789, -2.315672, -1.998745, 2.226322, 3.975393, -0.813858, 1.792650, 0.660414, 3.220255, 0.961748, 2.730135, 4.064903, -6.113526, -2.233173, -1.745539, 6.703386, 1.223101, 2.743004, -0.793938, 2.136036, -2.215675, -1.169201, 5.906225, 8.509031, 1.124432, 5.852131, -6.115346, -3.816830, 1
10.708904, 0.499722, -1.964497, -4.226490, 12.274557, -2.429592, -0.475094, 2.793999, -0.246677, 2.816193, 3.681162, 1.674849, -6.293879, 0.510929, 2.091038, -9.200324, -3.775812, -5.284434, 7.168320, -4.573025, 5.053303, 1.196417, 2.767136, -8.715798, 1.136026, -2.764259, 1.610464, 4.672558, -1.004919, 3.490450, 4.658142, -13.020860, 1
0.275869, -0.920357, 2.694536, 1.607559, 3.460964, 0.117689, 7.039774, 4.626728, -4.212496, 1.621201, -0.481934, 7.312601, -2.371307, 0.629374, 5.003706, -9.280445, 1.139051, -6.549827, -4.571035, 7.287355, -1.726240, 9.439859, 0.560108, 0.237116, -3.308325, 0.555965, 2.106575, -0.538498, 4.878489, 1.257500, 7.189083, 2.313532, 1
0.219286, -4.782574, 9.278391, 2.245613, -0.946262, 8.740318, -1.075703, -0.462955, 1.904337, 2.127651, 0.590216, 3.875431, -1.514088, 8.463394, 1.619135, -0.479803, -0.332104, -5.770920, -2.113729, -2.229149, 7.449089, 3.520817, -0.245874, -5.917266, 2.840380, -1.960682, 0.018274, 0.764021, 4.399765, 5.741543, 2.666172, 5.527494, 1
9.832369, -3.015604, 0.845207, 9.588087, -5.896207, 3.999805, 9.438066, 5.353592, -2.153393, 5.471634, 0.569468, 2.303278, -3.885159, -0.771593, 4.592798, -4.179567, 5.342255, -2.069370, -4.682522, 6.334362, 4.621977, 0.050617, 1.630964, 2.952515, 1.962702, 1.138250, -0.383596, 0.218307, 4.080826, -2.729248, -2.707001, 12.641100, 1
2.395596, 0.929893, 2.133877, 6.580137, 0.777641, -0.714951, 4.775076, 4.428202, 0.560051, 0.230635, 0.814348, 0.625351, 5.620653, -6.110053, 1.202391, 4.320576, 0.687052, -4.732521, 6.495438, 10.145250, 6.206963, 2.338078, -2.555025, -1.940628, 1.001734, -1.943552, 1.376268, -0.571442, -10.618654, 0.004766, 11.464392, 0.340700, 1
4.532349, -8.306109, 11.480379, 2.465748, -4.780502, 2.988140, 0.436817, 0.856859, 2.268394, 3.416203, 2.312847, 3.758776, -3.210123, -1.563068, -5.884412, -1.670866, -0.673380, -3.590315, 1.119955, -1.626490, -1.495144, 4.417061, 1.397942, -1.872980, -1.169420, -3.514080, 3.471245, -7.281558, 7.577194, 9.768364, -9.295333, 0.900917, 1
0.945433, 6.221167, 6.850826, -3.488184, 7.134212, 2.691235, 2.709164, 1.937067, 2.725346, 7.129946, -3.755617, 4.047888, 8.551638, -11.102087, 1.975796, 2.230997, 2.606091, 6.694242, -1.273201, 0.503841, -2.228580, 2.156284, -4.072062, -5.189909, -4.124771, 0.919580, -7.851069, 1.606672, 2.525047, 5.415096, 0.678892, -3.476046, 1
-2.219639, 0.947502, 3.211258, 0.971485, 3.708487, 6.817509, 2.468916, -7.190228, 4.305120, -2.543139, 0.538633, 2.337303, -4.800301, -2.968466, 4.007837, 2.720423, 6.542873, -2.371078, -5.940892, 4.405600, 6.726938, 1.888630, 0.313557, -0.448919, 2.762020, 2.091019, 1.521095, 0.524494, -2.990570, 9.161762, 4.822931, -2.225973, 1
-3.341318, -2.990265, -3.984695, 0.819679, 0.270134, -4.811132, 5.122200, 4.158163, 4.344078, -0.250841, -2.568914, 5.958065, 3.213751, -2.858297, 3.434444, 8.322470, 1.211878, -2.017111, -7.173223, -0.890118, 2.583178, -4.600439, -4.563086, 0.058809, 3.359314, 1.309568, 4.710983, 1.139084, -2.917337, -10.749034, -0.440384, -0.714714, 1
4.124702, 9.289547, 6.185186, 8.117741, -1.292721, 0.493149, 1.096741, -2.274342, 3.138710, 0.523277, 4.869532, 0.384773, 3.628819, 5.607365, 7.859068, 11.655157, 4.665560, 2.237421, -7.399703, 0.582663, -5.058678, 5.639826, 0.474020, -2.921108, 6.947037, 0.979912, 1.500708, -4.530373, 0.162800, 0.980219, 6.272015, -1.760611, 1
6.694597, -9.678498, -5.525973, -7.308200, 5.382992, 5.430996, -1.405529, -2.139414, 1.139317, -1.659449, 2.002789, -3.828388, -5.581023, -7.539625, -3.073587, -6.188323, 0.672195, 0.005257, 2.488409, -0.285814, 7.377106, -0.978340, 3.829575, 3.560127, 6.560907, 5.597578, -3.589336, 0.320658, 1.029974, 3.692228, -3.791962, -4.284847, 1
8.480188, 3.260874, -1.402485, 10.405014, 5.871902, -3.495937, 3.659639, -7.395745, -3.275045, -0.121059, 1.609667, 4.249170, 3.867884, -0.273001, -1.563862, 3.203447, 5.314039, -1.255411, 4.978073, 1.696007, 7.205641, 4.245312, 2.717766, -2.534542, 9.575863, -2.010077, -2.478670, 4.939541, 2.077885, 2.519571, -5.940368, -4.474154, 1
8.524775, 0.637783, 4.566486, 7.908949, -0.170954, -8.208693, -11.715774, -9.895751, 10.026432, -1.468977, 2.290585, 3.857172, -4.009260, 6.330833, 1.261053, 4.561197, -1.687698, -3.132805, 4.530828, 0.309595, -0.427395, -2.894444, -2.245028, -3.228456, 5.159218, 5.679815, -4.529770, 1.361208, -1.572247, 1.904427, -2.785961, -6.039910, 1
2.275188, 0.099865, -10.557148, 4.616365, -2.645796, 0.807003, 6.619329, 4.615030, 0.694727, 0.782333, 7.278177, 0.017984, 3.998802, 2.669867, 9.909651, 2.215284, -0.968147, 10.280972, 4.619127, -6.005447, 9.855049, 4.982645, 1.156094, 3.298851, 3.709221, -2.320486, 1.504240, -3.979292, -6.131454, 4.649282, 6.459183, -1.891743, 1
-2.504463, 0.610491, 3.900156, 1.434313, 2.664080, -3.992105, -2.999016, 3.694588, -2.348648, -2.871170, -6.225571, 7.552393, -4.442110, -1.326208, -3.249243, -2.088432, -3.281996, 9.366550, -0.315870, -2.263100, 0.805519, 5.138594, 0.029211, 0.622435, 0.469887, -5.251222, 0.656654, -1.631144, 4.233976, -4.899708, 1.348736, -2.116419, 1
1.469599, 3.597107, 6.002993, -6.019410, -0.319391, -3.340174, -1.880468, 13.245237, -5.912618, 3.652910, -3.200182, -3.131166, 0.840733, 3.414585, -2.616236, 1.444548, 0.439842, 0.324015, -1.023779, 4.928055, 5.313555, -2.845510, 3.759468, 2.428509, -0.669548, -2.998262, -3.739424, 0.597731, -2.263058, 0.390100, -1.823586, 7.593744, 1
-5.269867, 6.246162, 1.066126, 8.193037, -3.441578, 1.104757, -5.455394, 8.730097, -1.576876, -0.163345, 1.385340, -7.228716, -2.838575, 4.414246, 0.859262, -2.519585, -0.731647, -1.392639, 3.096386, 3.385742, -8.729565, -0.520885, 5.158020, 8.839169, -4.603157, 4.713682, 0.993071, 6.056238, 2.795616, -0.106792, 3.921467, 1.847441, 1
0.433941, 2.338083, 2.593264, -0.075680, 5.610432, 4.927380, 5.883387, 4.276413, 6.196259, 5.592796, 0.257862, 6.996351, -0.809641, -1.285572, -1.252989, -9.715072, -4.774035, -0.973640, -1.882462, 1.736073, 5.315866, -0.301250, 0.674517, 8.005899, 3.352732, 3.047371, 2.501013, -7.234852, -4.775803, 0.832466, 0.883213, -3.864471, 1
0.230692, 2.046181, 5.068611, 4.928490, -1.821430, -8.267920, 3.796625, 2.628426, -4.198307, -0.899019, -6.000403, -5.997442, 3.500242, 4.289932, 1.199883, 4.339764, -3.886581, 1.249817, -1.888641, 8.772449, 11.984919, 4.656397, 7.543974, -5.559648, -0.168142, 1.461128, -5.770583, -3.762291, 0.041538, -2.836617, 3.614058, -3.235899, 1
-0.066950, 4.410810, -7.566310, -1.492596, -2.692450, 3.111130, -7.569611, -7.667414, 0.656042, -1.211748, 4.182600, 5.774212, -3.365820, -0.176199, 1.601509, 4.501480, 5.646887, 1.143599, -2.004305, 7.470783, 5.656935, -3.817968, 1.428919, -1.963331, 0.299660, -2.098463, 1.134380, 4.525127, -1.779802, 6.169397, 2.787086, -0.129290, 1
4.311232, 8.177183, 4.426720, 0.454893, -8.838817, 7.941378, 3.543232, 1.343889, -1.475212, 5.642756, -10.982222, 0.338957, 2.506737, 1.540588, 1.337692, 6.074961, -4.011623, -1.288553, -1.078266, 7.688410, 1.721428, -1.171694, 2.097095, -2.470989, 12.980505, 0.195425, 0.498018, -1.268070, -0.005907, 3.022432, 1.525156, 6.362253, 1
7.664289, -7.201789, 1.793139, 2.000183, 0.464912, -5.181128, -2.962124, -0.404821, 1.483860, 8.619661, -8.677926, -0.979773, 3.259493, -3.073782, 1.607225, 2.400030, 4.412146, 5.940233, -3.811514, -8.856397, -3.126278, 6.769684, -3.917208, -1.915371, 3.779324, 5.570101, -1.630449, 7.875595, 6.682638, -4.559814, -0.257938, -1.449598, 1
8.117538, -6.535209, 10.783955, -5.563597, 1.467268, 2.499771, -0.087204, -0.092207, 2.967173, 1.198610, 0.596958, -3.810308, 2.723841, -5.806566, 0.865908, -1.594814, 0.611153, 4.463181, 6.552721, 6.363760, -5.158642, -2.419867, -4.904253, 2.144079, 4.053213, -3.612646, -1.475786, 0.977732, -2.466093, -5.415837, 1.849754, 1.817755, 1
-0.149931, -0.275795, 4.462730, 2.639233, -4.003290, 1.186443, -5.011005, 0.970154, -0.327066, -0.038319, 2.152353, 5.968887, 1.258202, 1.880678, 4.171249, -3.398193, 2.521902, -2.857998, 6.617605, 5.630196, -1.305658, 9.211473, 7.323215, -6.047708, 0.695297, -5.217529, -1.305813, -2.820852, 4.017265, 4.583380, -2.872644, 0.245653, 1
-6.658401, -3.673815, 8.293659, 7.452465, -2.936602, 7.262018, -3.260561, 3.516544, -3.694172, -3.020037, -3.022076, 5.614777, -7.294455, 3.012585, 7.673527, -1.586866, -2.729183, -2.794228, -3.122557, 1.400499, 7.648884, 3.824804, -1.972454, 1.783424, -1.179176, -4.079845, -0.328218, 6.801313, 2.364141, 4.050377, 5.842659, -2.023056, 1
-6.428525, 2.045929, -1.003813, -5.081346, 2.234116, -2.781559, 1.602530, 0.313839, 5.409781, -2.628384, -0.288284, -1.432398, -0.294317, -3.505266, -6.742813, -5.028854, 5.004301, 1.368668, 0.111059, 0.763380, 2.291086, -1.166660, -3.361647, 0.670822, 2.604557, 3.567299, 9.495255, -2.370092, -5.158376, -3.094959, 1.946974, -2.542139, 1
1.758457, 8.007629, 0.769747, -7.351562, -2.685530, -1.240850, 10.331274, 6.361946, -3.079489, 1.423897, 4.450151, 2.888922, 3.650574, 1.965141, 13.625292, -0.046762, 1.417433, -6.131104, -0.218342, -2.807047, 9.730762, -2.498739, 8.050768, 7.291870, 4.458467, 1.681965, 2.725651, -0.371727, 9.815908, 1.190332, -1.649366, 4.785040, 1
0.861065, -5.642563, 5.863567, 2.547651, 0.693218, 2.323019, -2.525011, 2.380169, 5.458673, 2.681543, 5.452040, 8.361212, 1.291576, 0.763653, -1.953760, -2.668962, 2.016762, 6.949604, 2.213785, -4.368750, -2.083591, -4.591402, -2.619890, 2.390068, 0.380247, 3.047377, 3.555630, 0.924805, -5.738371, 5.308153, 0.504778, 2.845127, 1
3.308046, -1.210346, -6.943344, -2.151510, -2.821835, -0.124979, 3.170141, -0.410519, -2.809635, 2.765575, 0.831490, 4.009783, -0.830105, 1.893480, -7.334439, 2.408730, 5.859041, 0.222651, 8.867264, 2.131557, 8.065140, -2.002502, -6.273200, -1.567944, -4.297279, 1.569048, 2.368177, -6.147167, 2.188023, 2.005600, -7.489047, -0.369097, 1
0.526766, -10.187889, 4.198433, 10.198294, 5.591906, 6.943506, 0.313004, 5.025196, -2.351721, 7.901827, 1.783642, 1.220936, -0.404194, 2.801912, 0.976675, 0.779867, -1.353081, 0.595263, -1.932182, -1.935751, -0.697264, 5.611841, 6.389040, -2.292744, 7.123596, 8.337996, 3.792385, 4.929504, 0.393772, 2.753035, -2.331047, 3.604931, 1
-4.663954, -3.111763, 4.129557, 1.077229, 2.573715, 6.327427, 1.065599, -3.606730, 2.309818, 3.380482, -0.500299, 2.797585, 6.891237, -1.146341, 7.085396, 6.500540, 6.761047, 3.468260, -0.874092, -2.477150, 1.331945, -1.329874, -2.734425, 10.772053, -2.397215, 0.558901, 5.835243, 1.443068, -3.047899, -2.221195, -2.482141, 6.951065, 1
1.513449, 2.709414, -1.910831, -2.605549, -2.883772, -1.826923, 2.543257, 1.833899, -2.688768, 2.732960, -0.354134, 2.096786, -0.590088, 1.482155, 3.063511, 7.096441, -0.723476, -4.057426, 4.616526, 3.973930, 4.251038, -1.979263, -5.161307, 0.402775, 0.784454, -1.014345, 6.248377, -1.435196, -0.735212, 2.367729, -1.436010, -1.203569, 1
4.971495, -0.613903, 3.963833, 11.128126, -0.970509, 3.878214, -1.553082, 0.478857, -9.383942, 0.260427, 5.583590, -0.064234, 5.493902, -3.554371, 2.063005, -6.182963, 0.119881, 3.796017, -5.395265, 0.040928, 0.349779, 3.540878, 2.620155, -2.084982, -5.958498, -5.773924, 2.078529, 8.579136, 6.850225, 1.746798, 4.534752, -3.898928, 1
-1.365753, 5.780756, 1.591734, 0.394083, 0.371357, -3.480886, 2.303972, -5.221194, -4.191727, -2.032909, 3.871195, -0.327732, -6.645499, 7.312223, -0.902958, 0.920998, -4.623301, 9.426016, 3.166378, -1.300549, -0.042227, -0.024853, 2.895824, -3.438206, 1.318518, -2.484966, 0.497046, 3.824360, 1.037945, 0.515099, 9.399750, -0.699007, 1
-0.630705, 3.195757, 1.946426, 3.048368, 3.875443, 3.061323, -1.531961, 13.687220, -3.336309, 1.693501, 5.445816, -0.467247, 3.578482, 0.310839, 1.079853, 5.826471, 7.546358, -0.525976, 1.429600, 6.362461, 5.641762, 6.739319, 1.931557, -8.605557, -7.291747, -6.719209, 1.357807, 7.191891, 1.138807, 3.992554, 1.857061, 3.572615, 1
-2.643229, 2.140244, -0.771812, 2.087416, -0.184629, -0.149866, -0.907154, 7.931385, 6.132339, 2.498423, 4.748774, 4.692272, 6.752007, -8.337178, -3.149948, 0.793163, 8.912100, 7.808079, 2.924507, -0.135771, 8.554174, 0.773123, 8.185421, 2.346741, -2.834997, -5.513995, -7.572914, -0.293043, 4.853069, -3.197536, -7.840682, 2.406364, 1
1.645451, -2.276749, -4.410378, 4.719584, -4.533316, 2.902802, -1.923815, 1.953152, 3.670092, 1.663311, -1.945139, 8.189016, -10.324962, 1.633980, 3.940941, -0.731817, -1.021463, -1.545696, 1.850214, 5.008299, -4.920422, 11.464323, 5.023186, -5.886977, -7.309511, 0.274261, 4.142731, 3.799370, 0.835934, -1.601765, -0.941513, -2.112129, 1
-2.581326, -0.918781, -2.064129, 5.905544, -0.337006, 0.022213, 0.450420, -2.392231, 3.344707, -4.395739, 7.095474, 3.595430, -2.863770, -4.053026, -6.061471, 2.447287, -0.036724, 5.207882, 2.646860, -6.353603, -7.186003, 0.038900, 0.687691, -3.221056, -0.765543, 1.242653, -2.975788, 5.105978, -0.238638, -1.647280, -1.542156, 3.612255, 1
6.267580, 8.284081, -4.503738, -2.845589, 5.663342, 1.797131, 3.628374, -2.036245, 4.032721, 3.214912, -0.764723, 0.728376, 2.217981, 3.257444, 7.426802, 2.897947, 13.586599, 4.988823, -0.465874, 5.581285, -1.740595, 3.425108, -0.056299, -4.345453, -4.827295, -0.169014, -0.844780, 1.696466, 0.218803, 1.014717, 2.144686, -1.555197, 1
4.475208, -3.285343, -3.101789, 5.102304, -2.707861, 1.882042, -8.015875, 0.911407, -4.028765, 2.082041, -3.116301, 6.394156, 0.399948, 3.884552, 4.213123, -1.818716, 5.245771, 7.215790, -0.459574, 2.667336, 10.086073, 10.213306, 7.213560, 5.357882, 7.731405, 1.313074, 5.294149, 2.775751, 4.143717, -0.455112, -4.216198, 10.678631, 1
1.485399, 4.034618, -1.182394, 5.606239, 3.197153, 6.045485, 3.207935, -2.629847, -0.867500, -3.070200, 2.028906, -0.337267, -0.205685, 3.547138, -6.563062, -0.772747, -2.969931, -2.538225, 1.322521, 0.213991, 2.899330, 0.877195, -0.700903, 2.720139, 1.845095, 3.864309, -9.045325, 6.735600, 2.753502, 3.479372, 1.816425, 2.445864, 1
-0.403296, 0.654371, 2.760744, 0.595627, 3.296326, -5.550592, -3.294535, 1.210026, -0.323534, -0.737402, -5.592867, -0.388262, 7.341536, 2.328960, -1.360836, -5.188451, -2.081812, -3.340885, -1.261118, -1.961346, 8.826866, 5.088858, 6.581644, -8.884926, -1.763872, 1.461433, 4.136213, -4.590677, 4.372015, 3.962814, 2.551653, -2.629475, 1
7.491701, 3.267015, -4.274857, 1.686081, 6.430832, -1.064991, 9.400080, 4.001598, 4.001688, 7.796839, 0.838007, 7.329733, 2.753729, 2.288141, 0.518820, -3.817104, 4.591661, 11.604860, 1.415295, 0.082104, -7.835725, -0.431536, -9.213690, -0.274769, 2.722790, -13.092499, 2.878162, -0.778614, 9.142769, 4.570753, -6.389565, 1.125820, 1
-11.732649, 0.888449, -0.463963, -1.159225, 9.254023, 4.651505, 3.791262, 1.149389, 7.304651, -0.382620, -1.264297, 2.649603, -0.204432, 2.930193, 2.153650, -1.973333, 1.564917, -1.114162, -2.541878, -4.789766, 7.145996, 3.356264, 2.486948, 5.340549, -11.800798, 9.030666, 2.727472, 7.526154, 8.088209, -0.954689, -3.897924, 0.169510, 1
1.667086, 2.803152, 2.597897, 5.043482, 5.468557, -6.458529, -1.021873, 0.580698, -3.099556, -1.835907, 7.470831, -2.033953, 4.224874, -3.335207, -1.171034, 3.927946, 5.953442, -3.161039, 5.763577, 1.347651, 9.762812, -3.230543, 6.397884, -0.065226, -0.043989, 4.051733, 7.725834, 6.140987, -3.784588, 4.370785, 1.816067, 8.462130, 1
-5.911204, 2.080252, -1.939884, 1.295582, -4.539062, 0.348068, 3.550095, 0.817205, 0.366890, -2.083298, -5.099554, -8.200531, -4.517454, -3.280172, -0.589344, 3.136238, 0.078074, -1.143799, -3.561413, -3.816481, 2.122108, 3.841667, 0.670685, 3.853424, 1.069592, 2.467932, -2.399023, 2.974112, -6.505264, 4.188992, 6.919134, -1.089882, 1
-1.623823, -1.174368, 5.896990, 2.987663, 1.072313, 0.281473, 3.141708, -3.563505, 1.160370, 6.227074, 0.227396, 0.716438, 4.305006, 4.775938, 2.260355, 2.185211, 1.570049, 1.446579, -0.184240, 15.482302, -3.388477, -0.709066, 4.091816, -4.406294, 9.292288, 2.830870, 3.950428, 3.976866, -1.807434, -0.197018, -3.436285, 6.798609, 1
-2.304184, 1.767117, 3.995962, -3.502850, -0.395905, -3.319189, 5.006165, -3.560020, 1.082588, 6.455709, 1.593977, 0.600349, 0.381895, -0.480331, 9.042355, 4.806423, -0.917097, -2.231583, -1.443760, 2.382124, 4.083380, -2.766779, 4.000446, 7.400614, -2.694376, -4.161358, -3.743340, -8.008706, -3.182932, 2.621052, -0.438593, -1.087948, 1
9.149662, -3.639877, -0.091387, -3.953548, -3.868050, 1.468407, 4.857372, -4.713831, 2.551939, 1.389650, 1.130878, -3.394476, -1.289541, 6.460779, 5.029741, 4.412485, 2.505505, 0.494324, 5.327492, 2.283094, -6.368385, 4.950787, 8.129585, 4.726643, 4.839815, -2.204500, -2.488014, 0.053408, 1.088266, -7.762194, 8.493044, 6.930204, 1
2.908220, 1.379967, -1.642767, 4.551100, 3.936012, 2.465862, 8.594810, -4.971603, 3.885393, 3.606382, 10.324932, 9.624140, 4.498354, -1.832199, 6.642925, 2.516409, 3.093769, 7.890438, 0.561020, 1.304531, -0.814943, 3.309277, 7.403566, 7.580206, -2.281477, -1.785339, -4.283094, 8.745113, 2.549788, 1.151930, 5.341454, 6.052267, 1
2.572578, 2.725338, 6.176600, 3.090347, 5.334780, -1.686050, 2.526299, -2.784845, -6.597434, -1.600065, 1.569736, 1.126991, 3.434843, -0.538471, -1.103928, -2.590664, 4.413639, -2.599972, 1.115017, 5.035004, 0.877285, 3.953913, 8.170086, 1.758760, 6.018126, 1.499964, 6.897850, 1.342468, -3.613874, 1.106035, -7.398479, -2.901915, 1
-0.788979, -0.049528, -0.687847, -4.314087, 6.404655, -2.051121, -0.300009, 5.715492, -0.303480, 1.562813, 3.820505, -0.167889, -3.705452, 2.232153, -2.695492, 1.494888, -2.464039, 3.137875, -8.243173, 1.896181, -3.952053, -1.200972, 0.911720, -3.689976, 0.380184, -2.812719, -1.609875, 9.228443, -1.619896, -5.545568, 3.324291, 4.801811, 1
-5.042938, -7.549720, -0.548159, -0.792967, -6.713497, 2.883877, -3.040144, -2.603344, 0.226648, 0.446167, -2.518663, -5.303822, 0.911715, -3.642803, -1.891024, 3.454866, -5.323549, -2.289749, 6.211084, -2.711687, 3.504036, -0.667316, -3.212921, -6.121449, -5.345049, 4.744577, -0.364954, 0.309231, -2.479967, 1.604677, -5.064581, 4.390179, 0
-1.671350, 1.383694, 6.769320, 6.318439, -7.610724, -0.807129, 1.686014, -4.014826, -1.765209, -8.829318, 1.380840, 4.288452, 0.607504, 0.611437, -4.099167, -4.275461, -2.550102, 7.806059, -3.715498, 1.161245, 1.574821, -7.113811, -10.172527, 1.040888, 2.817137, -0.166607, 2.364475, 12.511175, -6.933674, -3.221970, -7.493155, 2.234087, 0
-0.466509, -0.662912, -5.984602, 5.315962, 2.163996, 5.541937, -10.065089, -0.589151, -4.792185, 8.928282, 4.638695, 0.485271, -0.994743, -5.931561, -3.741066, -2.705931, 0.076056, -5.297955, 0.310675, -0.837193, -1.729073, -3.708101, 0.244898, -2.718073, -1.801619, 1.237793, -2.789005, 10.002382, 0.897421, 2.054613, -4.878275, 7.868181, 0
5.552481, 1.584993, 1.883450, 2.194670, -2.213778, 5.414053, -5.607954, -5.318727, -5.600746, -3.336447, -1.525223, -4.564501, 2.176830, -5.303373, 1.621403, 1.852600, 1.579481, -5.155094, -2.593727, -4.417618, -1.403730, -6.882986, -4.169746, -0.229963, 3.559843, 5.443001, 2.053587, -11.127371, 5.191162, -3.664360, -6.361515, 0.472208, 0
1.696241, 4.737907, -9.645344, -0.780766, -4.427811, 1.119379, 1.953539, 1.120993, -4.479813, -1.451834, -3.931568, -4.208561, 4.785753, 2.550432, -7.215313, 3.049328, 0.291121, -5.930683, 1.056900, -0.266806, -0.997141, -5.049719, -2.659142, -1.714144, -5.142527, 0.389299, -0.995295, 5.154219, 3.162205, 3.160172, -0.786291, 4.488258, 0
0.905453, -0.305061, -7.950914, -2.684275, 6.057123, -3.250135, -1.905613, -6.469391, -4.939451, 0.070408, -3.104422, -4.617208, -2.198067, -6.345844, 1.988228, -5.910233, 6.819077, -9.913183, -2.835392, -3.937864, -6.981779, -8.332785, -6.563509, 3.792675, -3.582853, -7.719837, 0.537500, -0.736177, -1.093777, -1.287025, -3.866375, 3.650274, 0
-2.716085, 2.671034, -1.126112, -1.283241, -1.305834, 0.669249, -8.764436, -4.414608, 0.639395, -4.172606, 9.564756, -0.387873, -0.031151, -2.161615, -8.278749, -0.510496, -2.641815, -5.135376, -8.087682, -3.816483, 6.725033, -0.004150, -0.564369, 9.470648, 0.549028, -5.270859, -2.214239, 8.787388, -1.097204, 1.239700, 2.077446, -4.163626, 0
-4.866083, -2.441584, 3.065126, 2.563747, -2.825283, 5.000448, -4.769855, -7.158477, -6.931807, -0.633188, -0.890846, 2.319958, -11.322611, 0.777140, -1.712193, 2.578892, -3.260323, 0.068575, -9.428678, -0.412687, 3.068985, 1.667822, 7.352898, -5.574181, 2.163094, -0.710733, -3.259039, 2.072634, -4.859301, 3.320978, -5.610518, 2.918827, 0
-4.946438, -7.581629, 0.507109, -2.984423, 9.856470, 7.456856, 2.394691, 7.278265, 1.336887, 1.608027, 1.809221, 1.529289, 3.323168, -1.793911, -2.417694, 3.978184, 2.470095, 2.633816, -5.639900, 2.274239, -4.788437, 6.465866, -0.064871, 1.443913, -1.155155, -2.498789, 5.255020, 3.230188, 5.159494, 1.099024, -2.150906, -4.119993, 0
3.609779, 1.728861, 0.070276, 3.527880, 5.864262, 0.891188, -8.159743, -4.360039, -6.225401, -0.389296, -4.122107, -2.815536, 0.939159, -3.155439, -0.107449, -2.829416, -4.611649, 0.563322, 1.603638, -4.546841, -4.389168, -8.947884, 5.563339, -2.991541, 0.339062, 1.615475, -0.502071, 1.363964, -0.413258, 0.677130, 0.226873, -3.797640, 0
0.211769, -7.114074, 12.257013, 1.651085, 0.925467, -1.966576, -2.873852, -6.970566, -6.024874, 2.926882, -2.889746, -0.520937, -3.208485, -14.155675, -2.148546, 4.545837, 3.377392, -2.292788, -6.083422, 6.637085, 5.853859, 8.912474, 0.252144, -1.152498, -9.149989, -3.328903, 0.187508, -3.075472, 0.581902, -1.645430, 5.576752, -1.267136, 0
-6.158184, -0.329697, -2.821905, -5.537897, -3.089460, 4.016256, -1.885740, -7.755448, -6.644535, -0.551128, -4.966995, -5.912628, 0.291262, -6.350712, 1.803402, -2.484697, 0.370314, -0.356714, 2.341011, -4.699829, -0.527309, 1.332670, -0.527937, -1.100510, 3.163095, 4.685013, -8.170502, -15.005779, 3.694750, 3.328667, -1.804165, 0.916140, 0
-10.425391, -5.985485, -0.239317, 0.002146, -8.616508, -11.653252, -2.144348, -2.272041, -2.695354, -0.615877, -2.649254, 1.504057, 5.977100, -3.856577, 4.967205, 9.199442, 3.644541, -1.077848, -6.695223, 3.355593, -4.408834, 1.022297, 1.880270, -4.027500, 8.740620, 2.129696, 0.199863, -5.687998, -4.267035, 4.002472, -2.412664, -1.075033, 0
0.313425, -4.948997, -5.809572, 0.494453, 3.799417, -0.893270, -5.273178, 0.633020, -0.263754, -6.013922, 8.548187, 3.012762, -4.048939, 5.315889, 6.397579, -3.947783, -2.790600, 1.252104, -2.227589, -1.085016, 0.338877, -4.371649, -0.599590, 0.794430, -7.038321, -1.591812, 3.008522, 5.560186, -3.086845, 0.028616, -2.457632, -4.375519, 0
-0.821381, -0.124681, -2.712336, -3.621965, -0.530830, 2.946211, -4.300938, 1.285913, 10.155283, 4.299902, 2.951565, -5.321274, -2.217443, -3.019869, -6.229515, 0.465307, 2.184847, 5.762548, -4.435316, 0.244432, 1.901608, 10.571119, -3.025873, -1.683691, 7.035919, -7.436956, -1.008415, 0.401892, 8.003990, -2.033333, 1.809683, 0.608686, 0
-4.777845, 1.384972, -3.892944, -2.114809, -2.038902, -4.910583, 5.507681, 1.046114, -1.247482, 8.758558, -5.373703, -5.189466, -3.148092, 3.717669, -4.566891, 1.931950, -1.488197, -2.342524, 1.715061, -4.281225, -7.635416, -2.742815, -0.275555, 1.383167, -4.968506, -0.294186, -11.068463, 4.666754, -1.222980, 7.738327, 1.523779, -5.548723, 0
-5.290102, 0.908390, -0.974987, -7.374718, -2.190496, -2.203203, -2.240898, -6.702612, 4.562420, -0.458353, 6.213179, -4.618988, -7.813569, 3.448273, -2.992462, -0.860783, -0.789427, -3.634241, -0.752539, 2.537075, -6.363899, -1.426378, -3.547649, -7.092658, -2.086334, 3.148485, -3.293932, -4.792448, 3.127569, -13.807590, 1.441538, 2.837200, 0
2.407339, 1.208891, -1.356510, -0.785957, 0.570677, 0.390062, 1.361673, -11.056277, -3.379938, -5.263453, 0.637234, -3.280462, -3.768780, -7.602835, -4.011436, -3.451469, -9.072200, -1.503490, 0.346123, -3.969645, -2.308233, 2.122576, -1.558527, -5.525921, -7.972070, -1.152180, 4.766779, -5.289072, -0.862789, 0.811495, -7.601336, 3.457680, 0
3.041100, -0.674688, -8.327643, -2.135670, -5.566370, 1.225481, -1.751509, -6.506887, -2.025057, -2.028599, -2.442806, -7.248920, 1.281193, -4.991318, 0.900063, -5.657108, 0.561882, -2.016111, 2.431190, -3.919397, -0.223577, 2.737843, -0.763449, 3.123583, 5.290157, 2.348093, 2.623466, 1.711905, -2.501703, -3.679102, 1.365417, -0.069609, 0
1.743015, -2.851696, -3.308523, -2.668085, -5.836443, 5.840055, -3.679808, -3.016556, 0.171188, -0.867035, 5.452894, 9.024893, 3.361584, 5.336962, -1.583351, -3.036594, -2.676270, -2.231413, -6.259909, -3.230747, 6.259951, -1.159548, 1.522961, 9.251978, -1.861307, -2.025753, -8.072473, -6.850975, 0.347822, 5.675735, 0.536215, -2.103125, 0
-2.788429, 4.300318, -2.207878, 5.512756, 0.002369, -1.366016, 1.151697, 0.052408, 4.545046, 3.417465, -7.029097, 0.687479, -3.996086, -0.502083, -5.936100, -1.767038, -11.459384, 0.784155, -8.018779, -1.366343, 7.267054, -6.768383, -6.120113, -5.722342, -11.698033, 3.983866, 2.826353, 5.144815, -2.079233, 0.186626, -0.197313, -2.031322, 0
-3.755806, 1.599590, 1.684883, 8.425518, 4.112268, -9.461462, -3.882261, 1.670296, -2.998411, -1.057404, 7.866955, -3.126104, 1.083391, -3.554653, 2.116856, -6.238016, -4.332453, -3.221466, 0.588108, -5.299273, 5.092737, 3.626593, 3.061005, -0.872993, 2.132881, 2.903561, 2.518097, -0.341089, -0.815056, 4.200710, 1.089458, 7.221655, 0
-2.886074, -6.023611, -10.710636, 1.073004, -3.090694, -2.455963, -1.993923, 0.287985, 2.512430, 0.322048, 4.575317, 0.649744, 0.382755, -4.411438, -3.833225, 1.363298, 1.533951, -1.099169, -4.364908, -8.844278, 2.066303, -2.199375, -4.739092, -0.205723, -5.490770, -3.918509, -4.607817, 7.738077, -10.503116, -2.765179, 1.334013, 1.087694, 0
0.664843, -1.470688, 5.013325, -4.844952, -5.304207, -0.743975, -9.025903, -1.371824, -1.896816, -5.842552, 4.948681, -0.554958, -5.571716, 3.721674, 2.040600, 4.293604, -1.012402, -1.612030, -5.151855, -3.936258, -2.213800, 4.689253, -8.033037, 4.666052, 4.938423, 1.519384, -0.470928, 0.799875, -11.192233, -7.001539, -8.438622, -2.531832, 0
-4.003162, -6.599846, 6.027134, -11.355580, -2.533876, -0.545240, -6.674620, 0.859804, 2.350924, -0.473347, -3.156828, -5.240398, 1.154697, 2.805490, 2.971531, 3.196581, 2.042671, -2.290411, -3.083067, -0.776552, -4.143106, -2.984274, -0.448034, -3.002701, -4.378319, 1.770601, -1.934235, 0.495106, -4.441456, 2.716661, 8.170527, -2.591398, 0
2.455650, -4.058889, 7.227152, -1.687853, -8.335489, 9.575499, 3.117085, 0.979818, -2.438456, -3.313074, -5.792252, 3.021595, 0.000252, -0.955717, 3.359861, 0.284512, -0.957754, -0.024649, -6.706781, -5.066305, -5.439886, -1.618490, 0.166286, -5.275755, 2.824316, -3.538790, -5.154078, -5.632946, 2.276596, -7.211262, 0.616894, -1.039845, 0
-1.581415, -3.607737, 0.904305, -5.986124, -1.064253, 1.083578, -1.768322, -2.741905, 0.806412, -0.659666, -14.939664, -0.145412, 4.150179, -0.521473, -1.506968, 1.048021, -7.644122, -3.960968, 0.275337, 6.647755, -4.482027, 0.217266, -1.349558, -5.109146, -7.823088, 4.856823, -5.759562, -2.923092, -3.588673, -1.052441, 4.580450, -5.171623, 0
-4.701954, 3.159451, -2.456564, 4.155752, -2.310499, -5.136011, 4.064613, 2.952322, 3.079695, 3.252811, -0.902157, -3.037699, -4.814686, -4.283991, 8.350693, -1.807522, -1.338388, -2.813051, -1.621326, -4.836639, 1.501839, 4.786821, 12.853498, -4.852140, -1.386183, -7.966846, -4.081163, -1.113329, -2.148649, -1.687189, -6.960966, 8.554977, 0
7.011999, -3.182913, 6.589951, 3.499733, -6.369360, 0.997683, 4.361269, 1.556406, -4.703831, -9.187513, -1.486544, -2.265009, 4.986515, 7.328737, 0.206860, 1.144258, -3.980976, -12.793755, -12.815473, 0.559542, -3.309975, -0.834148, 0.103270, 5.786472, 4.323179, 6.544697, -1.305038, -4.054590, 1.002331, 2.252115, 5.184803, -5.613956, 0
-0.719765, 6.694563, -6.323959, 5.934610, -0.585428, 4.932993, -0.792007, -2.757124, -1.993515, 3.133461, -1.571522, 9.223082, -0.295900, 2.053509, -5.583702, -1.078577, -0.500546, 3.174372, -3.349205, 3.752512, 2.651142, -3.050022, -8.396346, -1.784164, -0.883280, -4.550091, 2.437956, -4.569981, -12.632267, -1.132927, 5.458540, -2.308714, 0
-1.774223, 0.965597, 4.087927, 0.935400, -1.053934, -3.243441, -10.625746, -8.854922, 1.277000, 1.171459, -1.006056, -2.559921, 1.359959, -1.585749, -6.531853, -0.628229, -3.352676, -2.561150, -3.530466, 8.715408, 1.805351, 7.585123, -5.285378, 1.957886, -0.811537, -4.198671, -0.467981, -1.434126, 2.799229, -1.313248, 0.972015, 0.467480, 0
6.554867, 3.247751, 7.234560, -0.697880, -1.339401, -2.803621, 5.980062, 6.679146, -0.029694, 2.641668, 5.634153, -2.098572, -8.607599, -2.687208, -2.340893, -8.893950, -2.727125, 1.213842, -0.722383, -0.432745, 0.388229, -5.730707, -0.983929, 2.868681, 0.060919, 3.311514, 8.441517, -4.895657, 5.161861, -0.225716, 1.712526, -2.695841, 0
10.005999, -2.373678, 6.360884, -1.406389, -0.750427, -6.793308, -3.147417, 2.464987, -3.425621, -3.285946, 1.896168, -2.934593, 3.429605, -1.737263, 1.123190, 1.123863, 2.366585, -0.097343, 1.999788, -2.582170, 8.559481, 2.189213, 4.049789, -2.413040, 1.506889, 1.530209, 1.358906, -0.996284, 3.522188, -8.244328, -5.527611, -2.779951, 0
-1.523832, -5.039595, -0.149559, -6.708551, -6.213524, -1.231367, 8.821270, 2.549088, -7.985000, -2.471254, 5.696905, -4.690771, -5.220909, -2.837727, -6.571821, -2.399366, 3.138992, 5.112772, -10.410236, -4.574530, 5.272373, 2.010641, -3.402224, -10.009428, -2.608130, -2.993587, -3.011784, 2.575411, -12.040843, -5.852304, -5.844404, 1.749819, 0
4.345190, -1.546383, -9.188766, 6.722277, -1.471788, 6.525930, -2.805481, -0.128670, -0.718304, -4.339560, -7.509190, -0.121197, -2.202417, -7.017107, 0.862070, -5.119694, -4.910608, -4.654303, 1.883221, -4.202770, 4.798128, 5.511219, 4.332758, -6.374605, 2.671429, 0.590008, -0.547121, -1.840834, 4.739084, 6.248947, -1.683786, -1.095530, 0
7.981602, -0.357929, -2.155632, -3.043768, -4.230642, -0.671160, -1.932163, 6.620443, 3.989777, 5.827925, 2.259689, -5.920626, -4.610559, -3.310116, -2.342358, -2.909071, 2.167223, -7.347547, 4.361456, 1.797035, -4.293480, -0.046467, -6.348669, -0.116171, -0.514751, 2.574797, 6.782164, -4.036095, -3.290552, 2.297176, -3.533789, 4.829145, 0
3.336800, -4.359133, 2.449192, -5.968630, -1.170042, -3.766176, 5.582674, -1.614801, 10.143808, -0.799561, 1.560133, 9.518614, 5.257732, 5.874180, -1.901508, -4.572632, 1.358267, 0.502693, 0.840332, 4.574436, 1.187761, -6.881987, 1.174347, -6.170013, 7.340311, -1.573622, 1.157454, -6.698372, -0.655420, -4.786661, 0.223495, -0.068541, 0
-0.942194, 5.613054, 0.052176, 7.418812, -6.931137, 0.519640, 2.411913, -2.683723, -3.561815, 1.343451, -7.462940, 6.571730, 1.473701, 0.414982, -0.772110, -4.256664, 5.515484, -3.964602, -4.253851, 1.769207, 1.947443, 0.310175, -4.246840, 0.441467, -2.086496, 0.397076, -3.802208, 0.400648, 3.663700, -4.310169, 3.253803, -7.792066, 0
2.084450, -7.616446, 2.285547, 1.084372, -14.344452, 1.671314, 5.347372, -2.488108, -3.791386, -7.484268, -3.418486, 1.787346, 0.298437, -14.126008, -4.694754, -7.479259, 3.410267, 3.494671, 0.563129, -2.335180, 1.879345, -4.769325, -5.536154, -0.292595, -4.698935, 4.859764, -1.226286, 4.719173, -1.031984, -4.554489, -3.100960, -8.488371, 0
7.227020, 3.794661, -0.177723, -3.464567, 1.255831, 6.284988, -1.310194, -8.728638, -2.084208, -3.319519, 5.778412, 0.820368, -4.281317, -6.880497, 6.772497, -5.142401, -3.937860, 1.450392, -5.535769, 1.831919, -3.253176, -0.578863, 3.363249, 1.519068, 4.806293, 6.336599, -0.136469, -3.603834, 5.627085, 13.712702, -3.629454, 4.741753, 0
-9.930789, 4.371595, -9.207192, -1.863413, -7.100364, 11.110151, -8.754395, -3.228579, -1.196379, 1.923975, -8.170353, 3.864408, 2.780535, -1.102421, -7.751230, 3.732607, -1.701691, -5.809805, 7.522367, -5.181057, -10.351944, 3.337809, -4.910818, -3.224350, 0.632032, 6.882872, -3.353868, -0.518219, 0.163498, 0.200890, -10.848911, 0.228992, 0
6.874115, -0.862602, 4.250885, 3.103752, -1.793501, 2.841072, -0.077662, 4.879978, 0.925734, -1.927336, 1.341995, -9.413909, -0.220537, 5.267479, -1.227375, 4.496603, -1.564585, -7.492413, 1.790329, 1.671097, -5.317898, 1.449995, -0.181826, -4.700008, 4.851101, -1.735607, 2.498104, 3.370218, -6.837858, 0.411182, 1.609177, 0.860321, 0
-9.017274, -2.558294, -1.227901, -5.845680, -6.582491, -6.761702, -5.709717, -4.448481, 6.465485, -6.487322, -3.966269, -2.257320, -5.425694, 2.881237, -5.280571, 3.995844, -5.279148, -1.370874, -8.298683, 1.784988, -7.852313, -1.622828, -4.991055, -5.132341, -2.359995, 3.999626, -6.345356, -3.069359, 1.391897, -0.494656, 2.363573, 2.433197, 0
-3.122860, -8.277154, 5.109800, 2.298159, -5.704369, 3.170765, -3.091095, -4.626909, -4.880749, -5.361574, -3.937588, 0.426584, -2.338898, -0.581844, 7.714151, 4.046783, -3.875908, -0.996572, 1.278774, -2.459879, -7.837360, -10.213704, 2.284254, 0.191584, 4.580606, -6.006781, -8.740182, -0.269741, 0.161974, 3.238728, -4.590343, -1.257595, 0
1.707121, 0.352583, -0.822535, 3.958057, -3.022631, 3.427593, 2.621920, -0.049881, -1.607466, -6.997272, 3.550379, 5.951622, -5.749987, 4.462284, -7.074570, 4.750896, 0.951225, -2.475111, -8.728203, 3.244015, -2.008183, -0.155870, -1.588747, -3.938711, 0.858288, 2.271259, -4.721401, 3.856709, 5.914221, 0.815790, -1.802988, 0.690691, 0
5.328358, 7.309811, -8.342430, -1.819563, -3.142126, -0.927465, 2.049818, 4.967827, -0.826950, 1.442087, 1.974733, 2.402739, 1.304480, -2.459400, 1.644342, -1.532911, 7.002518, -0.011395, 3.191681, 1.513575, -4.948893, 4.593063, -0.602676, -0.321186, 2.600401, 4.732313, -2.031033, -4.595785, -6.619879, 1.863121, 2.529488, -3.785179, 0
-2.813265, -0.011272, -0.820124, -7.700769, 0.502470, 3.160173, -4.788254, -0.088535, 0.658581, -2.230688, -0.094540, -3.724398, 2.963114, 4.227167, 5.545771, 1.192879, -1.626997, 0.241787, -3.235777, -3.179043, 0.526796, -7.239490, 1.065601, -4.480963, 1.783543, -2.899149, -1.873066, 7.021959, 3.625599, -5.412746, 6.680561, -7.568748, 0
1.578064, 6.141829, -3.356949, -0.195251, 5.130276, -7.345056, 5.775520, -5.961945, -3.881483, -0.661266, -1.539478, 1.876665, -0.361563, 3.806778, -1.207653, 1.263411, 3.381178, 4.700798, -7.803082, 2.622921, 1.741106, -0.038933, 3.792950, 2.876287, 0.059280, -8.979577, -3.896908, -0.131693, 12.651815, -4.437210, -5.665573, 0.707563, 0
0.607960, -3.250076, -2.265127, -1.489416, 5.687405, -7.754827, -0.733877, 1.387774, 1.487364, 0.517450, -6.319969, -7.004543, -4.050673, -1.589106, -2.779894, -0.056427, 3.292072, 4.208187, -11.883099, -3.947615, 1.788177, -5.265629, -3.979574, -6.395649, -2.352880, -7.194096, 7.367981, -0.262745, -2.370605, 0.556715, 5.054596, 1.718935, 0
-3.083975, 7.907675, 1.698900, -5.433615, -5.489004, -1.218849, -11.299803, 2.437098, 0.178547, -1.454576, -3.700590, -3.952139, -1.496012, -5.654350, -1.384995, -5.403887, -4.810572, -6.325766, 0.837254, 3.410475, -4.286346, -7.037390, 0.105679, 1.080933, -0.599047, 0.061224, 6.946432, 3.649139, -0.184404, -6.831758, -2.750175, 3.772165, 0
-2.251675, -6.137112, 6.855934, -8.801361, -1.667711, -10.245369, 4.928385, 8.986818, -2.712009, -0.580965, 0.340969, 1.252964, -2.364847, -3.222414, -3.993774, 2.253252, -5.833553, -1.628056, 9.326075, 0.845045, -3.973431, -2.021460, -6.750059, 3.499475, 1.869732, 1.390564, -3.477066, -1.789139, -3.402973, 3.232216, -1.855577, -2.774191, 0
-2.079727, -8.447498, 2.502674, 5.764235, -9.086630, 3.128204, 2.884047, -5.603241, -3.496737, 7.239218, -3.436981, -9.583986, -2.628016, -1.220816, -7.496375, 1.437265, -0.468966, 3.801208, 4.006170, 3.207329, -7.503846, -4.318085, 2.548462, 1.884909, -2.665098, 3.397404, -0.520092, 1.708902, 0.257477, -8.466346, -6.002495, 5.817387, 0
5.883106, 3.515900, -2.515396, 5.059948, 3.848299, -2.171047, -2.813469, -0.223459, 4.023619, -2.175985, -1.089642, 3.141819, -3.591124, -3.404041, -2.063976, 1.415508, 4.641043, 0.314877, -8.823030, 5.112337, -11.184038, 4.225414, 2.308462, -6.907326, 3.995302, -3.145369, -3.520840, -0.580715, -3.826775, -7.752618, -3.168768, -5.431421, 0
-0.805771, -6.606628, -9.534799, -2.884066, -2.919794, -2.505653, 3.863735, -5.179539, 4.122679, 3.458347, 3.396564, -1.079983, -1.553587, -0.210434, -5.632553, -5.228611, 3.559711, 2.615831, -4.264984, 2.587877, -13.047613, -0.989243, -4.583706, -8.190970, -8.104207, 5.062057, -0.229158, 3.141384, 0.175629, -4.363037, 7.837990, -2.862026, 0
-1.731094, 0.069519, 1.883381, 4.427458, -3.701492, 3.005217, -4.148348, 6.465094, -0.552309, 5.745693, 2.520945, -4.285494, -3.558962, 1.728569, 7.212311, -1.986576, -1.364775, -3.910725, 4.321228, -5.340433, 1.909452, -5.294077, -1.918671, 1.874058, -6.578646, -0.798857, 0.665569, 0.729567, -2.924757, 4.557163, -3.025965, -4.618536, 0
4.461405, 0.514265, 6.129089, -4.820635, -0.586893, 0.081192, 7.940832, 4.291563, 1.866791, -5.871651, -0.768642, -1.465509, -4.872469, -5.464176, -6.649441, 3.039150, -2.679642, 0.843424, -4.305580, 4.036808, -4.979685, -3.475876, -4.750235, 3.182602, 3.787525, -1.804495, 0.072626, -2.975042, 2.445702, 1.276255, -1.609980, 5.543034, 0
1.175953, -0.952101, -10.570749, -12.230167, -6.600355, -0.731989, 5.055017, -0.659468, 4.715689, 1.429859, -5.633884, -3.124851, -4.479462, 3.173586, -3.435221, -0.677830, -0.362354, -4.528742, 2.991093, -4.017111, -3.851341, 1.001526, -0.093491, -4.003607, -1.876055, 2.772062, 4.883268, -5.893133, -1.314327, -0.815889, 0.797754, 0.581066, 0
0.432100, -8.695657, -4.496971, -7.858852, -4.130142, -8.609482, -3.967377, -4.164806, -0.202803, 0.045679, -4.091101, -1.188833, -10.055138, -8.661602, -1.439125, 3.789595, 2.048046, 6.798523, -2.277740, 3.904036, -6.812885, -0.847725, 7.637701, -3.942860, 8.616570, 3.300112, -4.573721, 6.051271, -1.000702, 7.701252, 1.293234, -2.335930, 0
0.785448, -1.427038, 4.945992, -3.919104, -5.916067, -0.418167, 2.349689, -0.992393, 6.533014, 3.453846, 3.112955, -2.290655, -6.497681, -2.507261, -1.269026, -1.425299, -0.428398, -6.386148, -0.852295, 4.017273, -2.599817, -4.742041, -4.575165, 2.409340, -9.305138, -0.778076, -7.020929, -4.767603, 0.112696, -4.893793, 7.407923, 4.726364, 0
2.137472, -1.855953, -4.398426, 0.629438, -11.855685, 0.910908, -0.842176, -4.937271, -2.322065, 1.084618, -6.235767, -0.176020, 3.747196, 1.949917, 0.566959, -9.882778, -6.933247, 1.881887, -11.441336, 1.241047, -1.920351, -5.753315, 2.543139, -3.737715, -12.204836, -1.968199, 6.821516, -7.630791, 8.350513, 0.003017, 7.322611, -0.507118, 0
-2.784128, -4.370937, -2.486362, -3.326931, 0.289013, -5.927530, 3.039740, 5.220303, 0.662983, 2.119789, 7.949190, -5.967279, -1.779711, -3.163431, -8.207678, -6.460308, 0.563162, 1.206192, 1.020472, 3.459627, -1.824999, 0.194798, -6.049257, -0.308178, 2.161242, 2.708450, -6.184641, -4.063812, 13.166170, -1.153551, -0.615120, -2.201677, 0
4.564743, 1.355516, 6.158274, -5.224855, -4.376087, -0.824808, -1.564875, -8.014243, 3.243460, 1.930813, -1.328993, 4.198528, -7.172440, -2.684620, -6.170750, 3.976528, 1.305288, -6.059488, -3.962105, -3.047285, -5.327417, 6.294512, -3.951456, 0.999525, 5.010218, -0.913361, -2.702888, -5.171646, -6.517958, -3.593088, 5.261820, -2.167887, 0
-1.794664, 6.475286, 2.114363, -1.330633, -5.992329, -2.679398, 2.000841, -11.660080, -4.768835, -3.774805, 5.010206, 5.436060, 3.089354, 1.665039, -0.966213, -0.435270, 0.087982, -0.621296, -3.412380, 2.036448, -2.576046, 1.381701, 0.592863, -4.199017, -5.644718, 2.917542, 3.208233, -8.493402, 0.232132, -0.731283, 0.972042, -8.526121, 0
-2.101101, -2.184990, -3.723112, -6.846209, -1.457920, 6.910643, -0.967457, 4.464844, -0.951832, 0.161963, -7.524008, 4.454262, -7.002514, 6.542528, -1.328648, 0.235052, -4.708906, -4.670454, 4.928505, -2.202816, -6.912024, -8.670992, -8.143216, -4.803312, -0.071547, -1.665136, 1.172718, 4.597630, -2.809580, 7.558876, 6.463413, -2.166647, 0
-5.800726, 0.488352, -3.057556, -0.645872, -2.869675, -4.079834, -13.253413, 4.290167, -5.626469, 4.256805, -9.518932, -2.550072, -3.186268, -8.906500, -0.375092, -3.383961, -1.921919, -4.066288, -8.202086, -1.275721, -2.738659, 3.189114, 4.396023, 3.818926, -8.965229, -3.383137, 0.244631, 3.294254, -4.862640, 6.108786, 8.305458, 5.207376, 0
2.265123, -4.260548, 0.058933, -2.616884, -2.568979, -1.592279, 4.186016, -0.711777, -2.430676, 5.020752, -1.902382, -4.185600, -8.043266, -4.639658, -0.725782, -2.518444, 4.678169, 2.045893, 4.403126, 4.227791, -2.798807, -3.454849, -11.795493, 0.186029, 0.708466, -1.635063, -0.722197, -7.863474, 0.368898, -0.370373, -4.042641, 7.146015, 0
-2.033129, -1.150682, 3.333578, -4.898994, -1.610289, -3.706223, -2.316071, -2.318520, -4.893864, -9.909725, -5.731632, -3.340778, -4.957621, -3.321314, 2.674095, -4.532307, -10.052519, -1.212669, -4.320789, 0.510588, -1.358437, -1.353523, -10.942737, -2.618711, -0.936941, -0.214386, 1.322329, -1.429003, -9.802689, 3.847363, 2.829067, -2.938829, 0
-2.851566, -10.572681, -6.193388, -3.481905, 5.590567, 0.474792, -1.547670, 4.527468, -3.906336, -3.001015, -0.898741, -5.842299, -3.322683, -0.153982, -6.270054, -2.106936, -7.615054, 9.699427, 5.330101, 4.798183, 6.167803, 2.991224, -1.310162, -4.412704, -4.314672, 0.358709, 1.712284, -2.989788, 4.685583, 2.647102, -6.334259, 0.504421, 0
-0.578070, -7.499289, 4.102837, 2.414555, -1.596933, -1.155533, 3.690620, -5.437731, -7.036156, -0.609753, -5.337202, -6.900568, 0.619936, 4.347141, 2.139275, 0.705252, 0.594437, -1.554499, -6.206467, -7.315214, -0.596540, 5.654102, -8.005551, -4.988775, -1.841972, 1.763823, -5.728985, -0.546934, -2.968296, -0.761652, -3.987947, 2.329784, 0
-5.017473, -0.770922, -2.263641, 8.252321, 2.909023, -9.947130, -1.047148, 0.256237, -6.984303, -1.569216, -3.210451, -8.072095, -4.305822, -1.775660, 7.101431, -5.325888, -3.447227, -0.674812, -2.463591, 1.040895, 2.402397, 2.872780, 2.949621, -1.698456, -9.047568, -1.138067, 7.977655, -6.585201, -5.485619, -2.914282, -2.626509, -3.606762, 0
2.877087, 2.643131, -5.560307, 4.656279, 3.466854, -1.531080, -2.615154, 4.832285, -0.185532, -0.959621, -5.549911, -3.927828, -5.272161, -1.395718, -1.307735, -2.108452, 2.583891, -4.862959, 6.134102, 2.712126, -4.878050, -0.540173, -6.629391, -8.373334, -5.697100, -5.488518, 2.010691, -2.094473, 5.200109, -6.150457, 1.576969, -7.488694, 0
6.114017, 4.032370, -6.834728, 0.473898, -0.216867, -0.295036, -1.506994, 0.261467, -5.454409, -1.930267, 2.663347, -3.414299, -3.720181, 3.374844, -1.957441, -2.115477, 4.459869, 7.439432, -3.024633, -3.195612, -0.333815, -4.838936, 1.645565, -12.551438, -4.014301, -3.855783, -2.527218, 1.572943, -5.641056, -0.645668, -4.629198, 4.622980, 0
1.063620, -6.076506, -4.891176, -7.722029, -0.033213, -7.839405, -6.985197, -5.329021, -0.460415, -1.563997, -15.706662, 2.673977, -7.515462, 0.607426, -5.100079, 0.731279, -0.235247, -2.704176, -3.841976, -7.392287, 2.882847, -1.079010, 12.102644, 5.052143, 0.370043, -3.058416, -2.731766, -4.064400, 3.845505, -7.591781, 4.305681, -5.011171, 0
-0.995289, -3.197039, -1.996141, -4.384802, -1.154236, 2.375761, 2.973070, -5.748775, 2.073080, 3.835472, -0.608723, -11.987119, -1.066071, 2.938217, -1.950150, -2.463409, -3.777294, -6.720587, 4.205740, -4.985407, -5.540102, 5.474962, -12.821919, 1.902145, -1.079939, -4.249191, -8.688017, -3.663706, -3.746569, -1.562336, 3.559196, 6.766674, 0
-4.585789, 5.103069, -4.914879, -3.454641, 16.458563, -6.445459, 3.986019, 5.158062, -1.452511, 0.074560, -7.795879, 0.584927, -2.306055, -7.224277, 7.258789, 2.157740, -6.744047, -4.169310, 2.412178, -0.881603, -3.524940, -7.526007, -6.127081, -1.412186, -10.183930, 7.727612, -0.023836, -1.522137, -10.046316, -2.851828, 2.017056, 0.154819, 0
2.319279, 6.691008, 7.677975, -0.202969, 0.056025, -3.091133, -3.200048, -2.783970, -3.539040, 0.671776, 3.230577, -2.979462, -2.275612, -4.596684, -2.459459, -1.487255, -2.502028, -5.401800, 1.942303, -3.320793, 4.228775, 4.565496, 2.356916, 3.753437, -3.644379, -5.525593, -3.615726, -1.848816, -6.058825, -3.159168, 0.325426, -7.298900, 0
0.501020, 3.145819, 1.973135, -4.039762, -2.012695, 3.721397, -5.692657, 1.316372, 0.760643, 3.315897, -3.222160, 4.952023, 0.870974, 0.456121, 5.710352, 0.515202, -3.505341, -7.830472, -6.531010, -5.680420, 1.332794, -6.249649, 5.158838, -8.255348, 5.281305, 4.551292, 3.301857, -0.544041, 6.489899, 0.495188, -2.517723, 2.078972, 0
-2.997135, -3.808744, 4.479671, 3.003908, -3.020365, -4.905483, -3.813755, -2.191376, -1.104691, -1.035952, -5.815928, 4.619947, 4.642822, -0.231153, -2.696133, -3.634014, 6.687572, -8.553635, -3.204624, -0.275469, 2.922089, -0.289408, -1.421597, -2.697660, -3.945288, 0.227539, -8.698874, -1.756632, -7.606254, -3.413832, 1.555670, -5.108320, 0
-4.931864, -0.825672, -1.273369, -1.873003, -3.733967, 1.954823, -9.668860, -4.691212, -3.090746, -2.032887, 3.350761, 0.834087, 0.204313, -6.558342, 2.156450, -5.318821, 1.157557, -3.185402, -8.834681, 1.131067, -6.552853, -5.667299, 2.041861, -2.206617, 2.085058, -5.956047, -4.993093, 2.255308, -10.457858, 7.459112, -3.511547, -3.291641, 0
-4.346621, -3.596193, 4.539783, 8.521170, 0.229015, -12.939917, 5.364414, 0.259424, -6.216053, -1.882771, -4.909775, -0.175938, 1.206303, -5.305319, -4.836535, -8.947423, 3.191988, 0.811577, 3.486605, 1.754093, 0.040903, -1.919512, -5.788639, -2.112906, -1.052643, 4.585760, -5.680124, 2.797428, 0.336561, 0.568861, -7.256639, 5.702183, 0
-7.792416, -2.155085, -5.452862, -3.542856, -1.974270, -1.154198, -0.875393, -0.898548, 0.275406, 6.156120, -0.772495, 1.625158, 1.950695, -6.364977, -0.952051, -0.676775, -1.599840, -0.895880, -5.243698, -6.457788, -4.726694, 9.286257, -0.938330, 2.955315, 3.983721, -8.969015, 7.756941, -0.872112, -5.086712, -1.466173, -4.317785, 1.579704, 0
-1.198877, -3.415886, 13.656397, 0.689306, -2.131174, 6.589733, 10.913469, 1.920712, 2.728863, 4.295195, 6.608095, 1.916658, -2.615835, 0.296051, 1.961525, -2.183321, -0.603163, 6.907005, 2.119638, -5.106829, -0.477142, -4.290079, -2.004261, -6.207478, 0.905777, -3.402544, -8.485324, -5.607143, 5.452290, 0.340576, -4.077055, 0.359976, 0
-1.919735, -0.254969, -9.431928, 0.511953, -1.065147, -5.191879, -3.009352, -4.803949, 5.831343, 5.306311, 1.522984, -4.032335, -9.072389, 1.054214, 2.651361, -4.281918, -3.725126, -0.468716, 4.011988, 3.393167, 2.235283, -4.140211, -4.554213, 1.821541, 4.988447, 0.534718, 6.238895, 0.814972, -3.742836, -7.162388, -7.151072, 3.535225, 0
2.089592, -1.050146, -3.623615, -3.503355, 11.488737, -7.897461, -2.366072, -2.724434, -3.859785, 6.044874, 3.697433, 6.349834, -6.659853, -1.901091, -1.558842, 7.473663, 2.707928, -3.798506, -0.207521, 3.341238, -2.467009, 1.165230, -1.922720, 6.471134, -0.572289, -10.349180, -2.364046, -2.826550, -0.516462, -1.891344, 1.582056, -0.364895, 0
-0.477650, -1.418674, -4.112114, -3.325554, -0.724264, -7.344897, -0.025814, 8.225079, -0.375486, 1.871981, -1.777060, -1.232796, 1.392389, 2.936232, 3.200054, -3.923296, -4.489273, 3.342688, -1.444208, -1.692558, 1.745382, -5.570114, -2.300838, 5.140633, 1.450476, 2.238771, 4.700636, -7.124638, -1.253521, -8.463602, 3.952240, 0.279694, 0
-2.740444, -4.509390, -1.501396, -0.689415, 7.692392, -4.887171, -3.804113, -2.727713, 0.572683, 5.010714, -1.302477, -2.195126, -11.299646, -1.496227, -1.462027, -2.844139, -9.797320, 3.446280, -8.579453, -3.664320, 5.000429, -3.576042, 3.000429, -4.424458, -7.903790, 1.815094, -5.570974, -2.489479, -6.310871, -0.446175, -1.763584, -0.859558, 0
0.459517, -2.773710, 1.865742, 3.829578, -3.134747, 0.960306, -8.575338, 8.379389, -0.764870, 0.369854, -2.718565, 3.145275, -3.609756, 1.604982, -0.211231, -5.188747, -5.405800, -0.247522, -2.271830, 1.132467, 0.880856, -0.757879, -1.491096, 1.817579, -0.693275, 0.418982, 1.204115, -0.160131, -5.065094, -4.989567, -4.049437, -2.673225, 0
-0.535809, -6.888887, -1.827101, 0.682508, 5.463154, 0.777964, -6.384827, -1.814724, -0.090437, 4.671873, 0.150154, -6.858372, -5.266565, 8.447252, -3.294918, 3.538244, -10.405326, 4.194616, 2.058014, 2.390293, -4.590361, 1.769499, -5.276531, 1.765806, -1.289291, 5.703884, -3.965130, 0.822878, -1.653109, 0.742777, 4.250349, -1.138332, 0
-1.446367, 1.621395, 2.540909, 1.548906, -4.053827, 2.680883, -0.222107, -3.930874, 1.998093, 0.530706, 6.407566, -0.721493, -4.691334, 2.311937, -1.715300, -0.022509, 0.716389, -0.697460, 4.745461, -7.084455, 0.543295, 5.453554, -3.708097, -3.017572, 0.098396, -1.276136, 1.160467, 7.519688, -1.408180, -2.588425, 1.275990, 6.937876, 0
-3.056192, -1.833878, -8.082740, -4.596243, 2.783365, -1.188929, -0.907711, -1.524935, -0.850994, -3.036829, 1.430834, 5.172194, -0.093899, 0.513844, -8.547924, -0.659323, 4.467102, 3.216011, -0.219576, 1.621655, -5.007904, 5.603867, 1.202677, -3.857853, -4.887251, -3.128578, 6.431496, -4.711040, -4.581188, -0.455130, -7.776595, 0.289721, 0
-1.601421, 1.042150, -3.082500, -0.066813, 3.271349, 3.572414, 2.199455, 0.908735, 2.273411, -6.513962, 0.814241, -6.020988, -5.225990, -2.863796, -3.935312, 6.509018, 3.241100, -0.416019, 1.573475, 3.739046, -3.733088, 1.326744, 8.117863, 0.158087, -2.273672, 1.929979, 7.368551, 0.524311, 1.332220, 5.043316, -3.386789, -1.760553, 0
-2.228085, -0.254169, -4.294058, -3.580660, 3.410007, 0.968859, -1.761063, 0.750788, 3.966209, 0.901924, 4.655891, 7.553091, 5.404268, 2.967024, 4.690863, 3.904816, -2.234343, 8.790291, 3.889538, -1.457767, 5.924021, 5.340603, 2.044567, -4.203125, 0.611280, 0.671524, -3.469814, 1.693527, 0.857815, 1.191216, 1.655842, -9.926683, 0
0.985165, 5.707430, -8.211396, 6.546881, 7.280500, 6.184401, 0.546242, 2.704906, 2.697758, -0.093357, -0.814177, -3.764034, 1.593801, 5.576218, -5.572109, -6.727863, -0.818569, 0.315195, -1.107471, 0.455420, -5.064112, -2.464270, 0.033836, 5.502398, 5.248819, -3.838486, -3.556112, -1.614185, 1.228210, -3.648808, -5.085888, -6.598864, 0
-5.636360, -4.041780, -6.315573, 4.793510, 1.647093, -0.924503, -4.538023, -7.331594, -8.524084, -8.425156, 2.935778, -7.574611, -0.248970, -0.060184, -8.774457, -3.789518, 4.818102, -1.148758, 7.005816, -4.563034, -4.041176, -8.908032, 4.917612, -3.409670, -7.471919, -2.367432, -5.312021, -0.036406, -0.460073, -16.068724, -0.447140, -4.265455, 0
4.852581, 3.970894, -6.134457, 1.408941, -1.286589, -1.540096, 5.810286, -7.371406, 1.446001, -0.180204, -8.427758, -4.863441, -0.224129, -0.094137, 0.857809, -2.879375, 4.970766, 6.294687, -2.360960, -2.550035, -7.294025, -2.705624, 2.740957, 0.037884, 3.123356, 0.321966, 2.412798, 0.064276, 7.807858, -2.876604, -1.456547, 5.591932, 0
4.225126, -4.736496, -8.322216, 1.287735, 4.137775, 3.144659, -3.995850, -9.753930, 3.689848, 1.490725, -2.551147, -3.697130, -2.871819, -1.613977, -2.118080, -5.072897, -5.153965, -2.802109, -3.605545, 4.633448, -1.108530, 0.555832, 2.286963, -7.332640, 1.194757, -9.787334, -7.661403, -1.594891, -3.246351, -8.145015, 2.651735, -1.458424, 0
-1.491806, -4.750696, -0.052742, 0.642063, 1.059072, -2.761272, 3.518700, -1.727238, -6.613056, -0.121155, 0.991009, 1.323465, -17.351936, -0.954643, -1.606565, -4.108999, -5.138433, -2.941257, 6.130373, -5.135366, -5.398323, 0.160158, 0.459129, 3.100328, -2.147654, 1.440207, 1.387108, -6.390509, 10.237844, -1.945183, -8.844973, 1.069391, 0
-0.544582, -3.594624, 0.636703, 10.801233, -0.668112, 2.689312, 0.196770, 3.350288, 4.638056, -2.636749, -3.406904, 4.120197, 5.762569, -4.969408, -2.152327, 1.899254, 1.760071, -12.583456, 3.138269, -5.060432, -5.537439, -1.246094, 3.150185, 3.564987, -3.796864, -8.341972, -4.175817, -3.154158, -3.777853, 1.413162, 2.358610, 8.893871, 0
-9.441875, -0.755655, 6.383347, 3.183743, -8.233377, -9.724913, -3.178490, -5.935532, -3.096451, -3.014704, 1.223907, 5.531677, -1.743668, -5.616587, -0.540390, -2.961304, -3.499027, -9.779903, 7.038877, -1.299850, -1.246046, -3.176781, -1.070461, -3.157793, -1.758595, -3.497896, 4.949738, 1.335859, -1.021286, -6.806665, -1.465374, 2.994286, 0
-4.736963, 4.979288, 1.809235, -6.554291, 4.799362, -0.082943, -1.316803, 3.623104, -5.508429, 1.317881, 0.908422, -5.278717, 3.796764, -1.597040, -2.525522, 7.180212, 6.282814, -5.787844, 1.893835, 3.157047, -4.215511, -4.321148, 0.586197, 2.802814, 2.352104, -4.958895, 0.259645, 10.004946, -3.512682, -1.518898, 1.540127, 1.811401, 0
1.125639, -3.412207, -5.509275, 4.844028, -0.604776, -2.301800, 0.655693, 4.204422, 6.230185, -4.128437, -8.831103, -4.249704, 2.966490, -7.830493, -1.894972, -0.369598, 5.499413, -4.516487, -5.730602, 8.251528, 3.526382, -6.113325, -1.905930, 3.143122, 0.610758, -2.265932, 5.318085, -1.583969, 0.932381, -2.431772, -3.306051, -2.017286, 0
0.214817, -5.462843, 5.331179, -0.120737, -2.753092, -1.648243, 1.317289, 3.271242, 0.176247, -4.505829, -3.353535, -1.294012, 0.302366, 4.147009, -1.622391, -3.746962, 1.202635, 8.108028, 4.371305, 4.120007, -6.206974, -7.433076, 1.031036, -7.027161, -0.380394, 0.912580, -8.774590, 3.331524, -0.185356, 1.096546, 0.144606, -3.059368, 0
-8.205580, -6.337255, 0.786129, -2.050219, 1.800327, 0.041908, 6.043331, -2.894590, 2.348732, -3.402254, 0.039883, -2.627981, -6.243776, 2.572578, -5.421091, -1.678434, -7.381746, 2.952604, -6.580294, 6.716152, 2.908770, 2.031099, -7.642689, -10.515623, -7.963264, 7.545963, -4.848885, -5.241661, 0.125797, -6.898180, -5.878559, -2.295168, 0
-1.183159, -4.766964, 7.386518, 0.563835, 2.661587, -3.816008, -2.235331, -4.264721, -1.090450, -4.816063, 5.283701, -11.036853, 2.930138, -6.648258, -1.711987, 3.457546, -5.031162, 4.142775, -1.369938, 2.254782, -1.292952, -6.936798, -3.484842, 3.246546, 0.544699, -7.230774, -4.081450, 0.286444, 6.102316, 6.443417, 1.170391, -10.229207, 0
-4.044565, -4.587778, -0.789742, -2.869478, 2.343731, 2.125036, -1.942169, -1.460592, 0.279482, 4.428192, -1.690235, -0.704752, -6.366215, -6.412100, -7.569032, 7.509975, -8.533070, -7.711486, 4.382120, 2.190945, -5.094381, -2.049719, -0.941689, -5.114468, 1.324736, -2.219364, -7.409137, -2.468582, -4.975458, -6.783394, -3.858366, -1.679413, 0
-2.621506, -3.693005, -2.376766, -6.662733, -0.328968, 8.000084, 1.210516, -0.668648, -6.419735, -0.650333, 0.410154, 2.045353, 1.161825, 5.257463, 3.714560, 3.677774, 1.867613, 0.236246, -0.594156, 4.752640, -3.384008, 3.418764, 2.155998, 2.390362, -2.725653, 0.478737, -0.572912, 0.197762, -3.973755, -1.201353, 3.300787, -1.225090, 0
3.202061, 0.031317, 4.794832, -5.300060, -10.852855, 1.326395, 0.462568, -2.154263, 2.119061, 4.675634, -0.849598, 0.061049, -3.775143, 2.469130, 1.846544, 0.416969, -3.959478, 0.533070, 7.155905, -0.807455, 5.387529, -3.311932, -2.360807, -2.939337, -9.225217, 2.018129, 8.888184, -3.003441, 0.721359, -5.479559, 0.913164, 5.703194, 0
-3.823626, 1.725216, -0.933691, -4.601013, -8.422167, -9.159433, -1.354263, -4.250879, -0.727335, -2.384640, -0.267487, -2.278103, -1.106874, -3.758867, -2.010345, -2.485283, -7.877133, 7.353313, -3.064550, -3.864622, 1.846767, -1.180309, -1.012062, -5.210781, 1.411348, 0.672943, 0.868263, -1.858397, -1.146395, -3.108568, 1.424845, 6.658382, 0
-3.105080, -1.427397, -5.149323, 1.633730, 0.469784, 2.135166, 2.950941, 0.338709, 3.817640, -4.116110, 1.872355, 0.887407, 1.172440, -2.535879, -0.392120, -5.104555, 4.295866, 1.316374, -6.055050, -5.844616, -5.795410, -0.819155, 3.802584, 16.978460, -1.090170, -2.524258, -4.104280, -2.363020, 0.942833, -3.775873, -2.212997, 2.643162, 0
-9.166079, -10.625929, -3.311060, -5.194355, -6.947628, -0.062176, -1.349594, 2.427862, -1.921579, -0.786201, -4.399551, 12.954241, -1.936581, 1.051929, -8.501113, 3.684607, -0.907459, -4.136671, -2.410503, -1.994450, -0.076239, 0.320145, 4.018589, -8.357567, 1.013508, -2.952114, -8.383787, 1.788895, -0.111269, -7.234370, -1.212769, -0.219824, 0
-13.524693, -2.997555, -5.810284, 6.113588, 0.000822, -0.677538, -0.876297, 2.328594, 1.827372, -3.860664, 5.159410, 3.457251, -13.308819, -13.088961, -9.266909, 5.314455, 0.608135, -4.797810, 0.219685, -1.146038, 4.260103, 5.681984, -3.567774, -5.487259, 6.662895, 4.879486, -0.555906, 9.496176, -4.178469, 3.970236, 1.052731, -1.087112, 0
0.493919, -1.676188, 1.983007, 0.939188, 9.524855, 1.614723, 0.958714, 2.698986, -2.329367, -3.925280, -3.152655, -4.733501, 3.563026, 1.119747, -2.761833, 0.136395, -4.021723, -16.849560, -6.291254, -2.919210, -6.331516, -1.166666, 6.703457, 8.920233, -1.403154, 1.184944, 1.849630, 6.231411, -4.875572, -6.653881, -1.696093, -0.093454, 0
-2.757759, 0.298395, -3.315922, -0.573196, -0.371750, -0.880192, -2.757990, 0.785643, -0.438372, -1.881954, 5.481874, -6.806873, 1.363335, -4.819397, -2.769678, 2.906042, -0.349760, -5.690435, 1.190836, -4.820129, 2.957979, -5.874086, -1.481489, 11.400805, -0.049139, -2.510916, 3.518469, -1.026690, 8.021629, 2.375103, -6.871122, 3.409533, 0
-3.047537, -3.677448, -2.894051, -8.886581, 0.339235, 4.601803, 2.396976, 4.427855, -7.848967, 7.483387, -0.751583, -5.771814, -9.148347, 11.462824, -10.412997, 2.659946, -0.188049, -3.968615, -6.876072, -6.653608, 0.767511, -0.300106, 5.491959, 0.541887, 3.148054, -10.157641, 1.935902, -9.646283, -1.813028, -3.042385, 2.262186, 1.427895, 0
-2.552490, -2.869953, -1.722111, 7.959154, -6.402420, -6.672876, -2.901865, -4.796408, -7.620646, 6.998770, 1.570215, 1.917503, -0.426525, 3.761555, -0.753283, -6.053570, -1.843464, -7.611666, -2.137693, -1.679501, -1.029602, -1.693056, -0.801596, -6.149027, -5.139009, -6.208965, 2.201910, 3.439222, -4.237549, 3.368919, 4.187777, 3.702953, 0
-3.016989, -4.158413, -2.386711, 6.030176, -6.862156, -4.994247, -4.818180, -6.077543, -4.147243, -5.378017, 0.119539, -2.884321, -8.125845, 1.851282, 0.154783, 5.158556, 2.759785, 3.419827, -7.451973, -8.021427, -0.592405, -3.391140, -1.594229, -9.661919, 0.761206, -6.545134, 4.854801, 3.219063, 4.717533, 2.228729, 2.481882, -4.375841, 0
4.874668, -4.528919, -8.607588, -5.256948, -2.530296, 7.773355, 6.137737, 1.810982, -4.320686, -6.516754, -3.204166, -1.912243, -5.538252, -0.931976, -8.822246, 2.950140, 2.424486, -0.079128, -2.346127, -9.864972, -1.425043, -1.279108, 0.428894, 1.713110, -1.313475, 8.507162, -3.508474, 6.856766, 5.099562, 1.871265, -1.363430, -11.000280, 0
2.715704, -0.018406, 3.611973, -1.981930, 8.057791, -2.090870, -5.728325, -0.683218, -8.882138, -5.701574, -3.622793, -2.104612, 0.502897, 4.243361, -0.610426, 7.416170, -2.886335, 1.608364, -2.380465, -2.487347, -8.837337, -1.875025, 7.834610, 0.094973, -9.789584, 3.650305, 5.089756, -4.508827, -5.383417, -3.261318, -4.061064, 3.487457, 0
6.474625, -0.706299, 0.545469, 1.380625, -0.022585, -5.509230, -2.176224, -1.084265, 0.557238, -2.139727, -11.694959, -7.447551, -1.176968, -1.791588, -4.792658, -6.276543, 0.988842, -5.916876, 4.740896, -7.001055, 4.231009, 2.127836, -3.943895, 1.785553, -0.415459, -2.144262, -0.796000, -1.517117, -9.793702, 3.863451, -4.191637, 2.666590, 0
3.981085, -0.653687, 2.621210, 4.081560, -0.609301, -7.565723, -3.712988, 0.309603, -0.456896, -2.641134, -3.565117, -3.273190, 5.752331, 6.424261, 3.699453, 2.456858, -1.409346, 6.076990, -1.222223, -0.426647, 1.737190, -7.591514, 0.989004, -1.598213, -8.256530, 1.134163, 5.026535, 8.753361, 1.251606, -0.525633, 1.067162, 4.948095, 0
0.383505, -9.000108, -4.973686, 3.250515, 1.115135, 0.741964, 1.638710, -7.254492, -4.528103, -5.428331, -6.416586, 1.940016, -6.253403, 1.840200, -0.111967, -1.739548, 3.600201, -6.401335, -3.054813, -0.147968, 1.213608, 7.862017, 3.672245, -9.675169, 7.716085, -1.325762, -9.012609, 8.548639, -6.743549, 5.604311, 5.616749, -3.001760, 0
-0.560055, 9.112852, -8.664413, -2.766851, 2.613598, -5.371042, 5.157146, 2.894022, -2.365343, -2.403875, -3.135902, 4.718971, 5.684063, -2.082390, -3.426052, -7.616938, -2.332071, 3.150351, -2.073893, -1.400522, -3.958673, -5.764614, -7.950981, 7.118229, -1.669193, -2.024311, -3.095615, 0.039206, -3.473957, -2.377575, -2.897034, -6.323776, 0
-5.031996, -1.698280, -0.589342, 0.976807, -3.033112, -6.733210, 2.456038, -3.548145, -7.947299, -1.930365, 2.457634, 2.346718, 3.749117, -0.947014, -0.682425, -4.022650, -1.976208, 2.177273, -9.097562, 1.408642, -4.663254, -5.777500, -2.689375, 1.099579, -3.148550, -5.111849, -2.263075, 0.989578, -0.577641, -5.847641, 1.802784, -1.105139, 0
-9.638102, 11.811476, -8.090967, -1.187540, -7.352843, -2.883080, -1.048313, -4.064934, -0.532740, -0.412161, -1.734003, 3.497610, -2.540852, -2.593452, -1.727434, -2.424829, -4.322813, -2.426373, -2.980253, 7.123442, 3.342571, 1.700983, -2.711483, 5.855234, 1.436939, -6.396379, 2.698515, 5.170000, 3.857910, 0.017038, -2.098297, 1.375368, 0
4.717306, -0.457184, -8.768250, -6.758686, -0.015041, -3.590607, -0.424204, -0.465698, 3.292055, 2.885845, -4.642170, 1.244947, -5.076628, -3.829576, 2.263659, -6.316561, -4.455021, -7.199901, 6.186522, -0.028561, -6.977718, 8.142447, 2.044855, 4.785259, -6.866600, -3.802471, -0.184496, 2.188040, 6.720394, -6.542828, -5.149845, 2.362518, 0
