1.307587, -0.167976, 0.851566, 0.791439, 0.627650, 0.342577, 0.667881, -0.647377, 0.081643, 0.735815, -0.402024, -0.166402, 1.309255, 0.193354, -0.449199, 0.109902, -1.664057, -0.614448, 0.627576, 0.014757, -0.047634, 0.255470, -1.074117, 1.741260, 0.207615, -1.498133, 1.556358, 1.210644, -0.393052, -0.168814, 0.148488, 0.049399, 1
0.076543, 0.268999, 0.299134, -0.786901, 0.958223, -0.801153, 0.394583, -0.422557, 0.474062, 1.609226, 0.194327, 0.404930, 0.683379, 0.149596, -0.982878, 2.305134, 0.525576, 0.666324, -0.384880, -0.575623, -1.003396, -0.027501, 0.205368, 0.773726, -0.961016, 0.806606, 0.304263, -0.561471, 1.258628, 0.657054, -0.608450, 0.212578, 1
1.916210, -0.579701, 0.249870, -0.920628, -0.358105, -0.039339, 1.009603, 0.373536, 0.666371, 0.791167, -0.235965, -0.149367, -0.023281, -0.130785, 0.082131, 1.095534, -0.876963, -0.394130, 0.028272, 0.890828, 0.752063, 0.035839, -0.637536, 0.817307, 0.465799, 0.167834, 0.203635, 0.646517, -0.429735, 0.534482, 2.411635, 1.264619, 1
0.617342, -0.011765, 0.097652, -0.394493, -0.117171, -0.395217, -1.112529, 0.367210, -0.513284, -0.087011, -0.166789, 0.176859, 1.076652, -1.266368, -0.604847, -0.438780, 0.199283, -0.982948, -0.194902, 1.373383, 0.630863, 1.066259, 0.898396, 0.303174, 0.062703, -0.020699, -0.504393, -0.436658, -1.344712, -0.270201, -1.159107, 0.810179, 1
0.678193, 0.574490, 0.020312, -0.620705, -1.413818, -0.335082, 1.011481, -0.888588, -0.621550, -0.445016, 0.609294, 0.141462, -0.002276, 1.702739, 0.107247, 0.162206, -1.461012, -0.049635, 0.109586, 1.364725, 0.083648, 0.668681, -0.283727, 0.795130, -0.253858, 1.100397, 0.779184, -0.517275, 0.639231, -0.581096, -0.406519, 0.282335, 1
3.263822, 1.125923, 2.365876, 1.241517, 0.879759, 0.959953, -0.734992, -0.848104, 0.464662, 0.048695, 0.130441, -0.442229, 0.087052, -0.233671, -0.003997, -1.417624, -0.121747, -0.633172, -0.169200, 0.916228, 0.326214, 0.686277, -0.274592, -0.821771, -0.192596, 0.119986, 1.286300, -1.029815, 0.710296, 0.549472, -0.084423, 1.340102, 1
1.742766, -0.069677, -0.145613, 0.651640, -1.629721, 0.415910, -0.198021, 2.238508, 2.020884, -0.663198, 0.178066, -1.125704, -1.127458, -0.817507, -0.020245, -0.372341, -0.408391, -0.503239, -0.468746, -0.027475, -0.593361, 0.581344, 0.108526, -0.420265, -0.924220, -0.268796, -0.913702, 0.097730, 0.627047, -0.555590, 0.459296, 0.071927, 1
1.574680, -0.021314, -0.153113, -0.138103, 0.316921, 0.335584, -0.380889, -0.736004, -0.030929, 0.495351, 0.725970, -0.281575, 1.017339, 1.024413, -0.165088, -0.518428, 0.339834, -0.522348, 0.399546, 0.371622, -1.219550, -1.941844, 0.551935, 0.948673, -1.657472, -0.165934, 1.075175, 0.311490, 0.593415, -0.332334, -0.616129, 0.283721, 1
1.368473, 0.688159, -0.229808, 0.840632, -0.655783, 0.999223, 0.103452, 0.623692, -0.427361, 1.594087, 0.837640, -0.536628, -0.408783, 0.628000, 1.669176, -0.268600, -0.543214, 0.538240, 1.044070, -0.862455, 0.665118, -0.437036, 0.578712, -0.275814, -1.262164, -0.315028, -0.248861, 0.014096, 0.952596, -0.418783, -0.300262, -0.502535, 1
0.511572, -0.231092, 0.185091, 0.309241, -1.128374, -0.330462, 0.257781, -0.923390, -0.071033, -0.936729, 0.937595, 0.497595, -0.924608, 0.680408, 0.871871, -1.137170, 0.067004, 1.053640, 0.173656, 0.695549, -0.514438, 0.710529, 0.393144, -0.378625, -0.483912, 0.389628, 0.502108, -1.044089, 0.140759, -0.531306, 0.676684, 1.493222, 1
3.017969, 0.120517, 0.464273, 0.423474, 0.765415, 0.162770, -1.241354, -0.148676, 0.144373, -1.164600, -1.475772, -0.965559, 0.666410, -1.112488, 1.238490, -0.354508, 1.389045, -0.657796, -0.333177, -0.212195, -0.299612, 0.949056, 1.708184, 0.199032, 1.314008, 1.877727, 0.086793, 0.651095, 0.147878, 0.114207, -0.340406, 0.607239, 1
2.253333, -0.209064, -0.733892, -1.367855, 0.157861, 0.146299, -0.260169, 1.260875, -0.598215, -0.635828, -0.518527, 1.365772, 0.347151, 0.793144, -0.211546, 0.296244, 1.088430, -0.802462, 0.948687, 0.074280, 0.029931, 0.398218, 0.897222, 0.265184, 1.074114, 0.169797, -0.351917, 0.045897, -0.045170, 0.728024, 0.242800, 0.051525, 1
1.471853, 0.140956, 1.497625, 0.756218, -0.614685, -1.321554, -0.638106, 0.140603, -0.818854, 0.144705, 0.527292, 0.818843, 0.300146, 0.306597, 0.413184, 0.002013, 0.464566, -0.060275, 0.629078, -0.553615, -1.401086, 0.487677, 0.076958, 0.249002, 0.081748, -0.809048, 0.212624, -0.728132, -0.618038, 0.262779, 0.268972, 1.135587, 1
-0.279838, -1.218457, 0.506760, 0.420945, -0.579562, 0.032630, 0.890740, -0.962321, -0.770370, 1.116450, 1.196359, -0.757493, 0.743780, -0.414564, -0.816382, 0.339735, -0.070626, 0.387675, 1.519230, -0.599860, 0.957104, 0.367173, 0.017561, -0.386101, 0.104543, -0.274669, 0.918583, 0.827359, 0.358756, 0.904619, 0.622772, -0.106768, 1
0.696239, -0.036975, 0.067088, 0.851145, 0.341775, 1.461037, -0.239494, -0.608532, -0.663306, 0.807400, 0.770242, 0.377196, -0.077308, 1.463899, -0.669944, -1.074469, 0.623885, 0.506767, 0.979804, -1.219761, 0.394788, -1.283571, -0.172168, -0.528486, -0.327319, -1.269769, 0.353499, 0.314045, 1.035448, -1.114938, -0.282962, 1.047500, 1
-0.080071, -0.739428, -0.590433, -0.262172, -1.263473, 0.284999, -0.529168, -0.771064, -1.612772, -0.381824, -0.427303, -1.232556, -0.252115, -0.164874, -1.085513, 0.329047, 0.146759, 0.008401, 1.203378, 0.693119, 0.302541, -0.219089, -0.133801, -1.180435, 0.014371, -0.571189, -0.192740, 0.811064, -0.424338, -0.291219, -0.062448, -0.934214, 1
1.495587, -2.225218, -0.242359, 0.291536, -1.465662, 0.739015, 0.513653, 0.303982, -0.247234, -0.715374, -1.284272, 0.972687, -0.140047, 0.487650, -1.008628, -0.046952, -1.000934, -0.725926, 0.369473, -0.358157, 0.183231, 1.300812, 0.207371, -0.373708, -0.400209, -0.389733, -0.464963, 0.137690, -0.567024, 0.411812, 1.327782, -0.566033, 1
2.042378, 0.062187, -0.803185, -0.894687, -0.209449, -0.053040, -0.417768, 0.554492, 0.985753, 0.281211, -1.280304, -1.105992, -0.239213, 1.211959, 0.507076, -0.964992, -0.955501, -2.489746, -0.183817, 0.729911, -0.059488, 0.304618, 0.031817, -0.650530, -0.733226, -0.003109, -0.733838, -0.318865, -0.022321, -1.905115, -0.380185, 0.796272, 1
1.648650, 0.570415, -0.668391, -0.420995, 0.072948, -0.902704, 0.231734, -0.019312, -0.138508, 0.575737, -1.377580, -0.409738, -0.946856, -0.801238, -0.967408, 0.293818, -0.402493, -0.062973, 0.176271, -0.389892, 0.763334, 0.244241, 0.443145, -0.708934, -0.602488, 0.371866, 0.218005, 0.247391, 0.174888, -1.055479, 0.423070, 0.605931, 1
1.402389, 1.146073, -0.428063, 0.353872, -0.878463, 0.214431, 0.638072, 0.076514, 0.562129, -0.266971, 0.366681, 0.102209, -0.042322, 0.024898, -0.361008, -0.118050, -1.652542, 0.564635, 0.915647, -0.227914, -0.821773, 1.558366, -0.115984, 0.161893, -0.007536, -0.537623, 0.320020, 0.039722, 1.585673, 0.339179, 1.594270, 0.199365, 1
0.124017, -0.495698, 0.856850, 1.413250, 0.164243, 0.824452, 0.050738, 0.604029, -0.941115, -1.505715, -1.328998, 1.041294, 1.073663, -0.215154, 0.711635, 0.360898, 0.202125, -0.412264, -1.129627, -0.715345, 0.356755, -0.248697, 1.226679, 0.423587, 2.447972, -0.182277, 0.394096, 0.203424, 0.335903, -0.260314, 0.160712, 0.678814, 1
0.917807, -0.531274, 0.399154, -0.812490, -0.571990, 0.617182, 0.238978, 0.496514, 0.167210, -0.077687, -0.164881, 0.870201, 0.292269, -0.441722, 0.237056, 0.855031, 0.252635, 0.018010, -1.486516, 0.448282, 0.113614, -0.387360, 0.357019, -0.389150, -0.479520, -0.768445, -0.791777, -0.037340, 0.456322, -0.411488, 0.314142, 0.749666, 1
0.560330, 0.027894, 0.671884, -0.524886, -0.028832, 1.120440, 0.566014, -0.560132, -0.988676, -0.514203, 0.100802, 1.609056, -0.497977, 1.382997, -0.168391, -1.014520, 1.119571, -1.135483, 0.183444, -1.312582, 1.660825, 1.994198, 0.657894, -0.177472, 0.622307, 0.937360, -0.513833, 0.341772, -0.186923, -0.229024, 0.367996, -0.495638, 1
0.954789, -0.756942, 0.316900, -0.927621, -0.035076, 0.904471, 0.251076, -0.608400, -0.840635, -0.113778, -1.045596, -0.799993, -0.067127, -0.135733, -0.373986, -0.010167, 0.738759, -0.805105, -1.421715, 0.278929, -0.717013, -1.024180, 0.202348, -0.223658, -0.368263, -0.307002, -0.427604, -0.329923, 0.093446, -0.030119, -1.543479, -0.297286, 1
0.141388, 0.559634, 0.248126, -0.765186, 0.142959, 1.320193, -1.023668, -0.537544, -1.036184, -0.956796, -1.895142, 0.123084, 0.336851, 0.272979, 1.187484, -0.451386, 1.698679, 0.214698, -0.696308, 0.147356, 0.282372, -0.151247, -1.881420, -0.701777, 0.886513, -0.996632, 0.209854, 1.168791, -0.993701, 0.890878, -0.838273, -0.225275, 1
0.790093, 1.386813, 1.409473, 1.271090, -0.734376, 1.286770, -0.663105, -0.632994, 1.180454, -1.735369, -0.644728, -0.408677, -0.571609, 1.639166, 0.122291, 1.188046, -0.517789, -0.013752, -0.205604, 0.175419, -0.501637, 0.376875, 1.855801, -0.152474, 0.777607, -1.486621, -1.082940, 0.668602, -0.112598, -0.479851, 0.435007, -0.226049, 1
0.299690, -0.350657, 0.237217, 0.426131, -0.556048, -0.224725, -0.177118, 0.647295, -0.157236, -0.209027, 0.276126, 0.231131, 2.161361, 0.604841, 0.033766, 1.162813, -1.406733, -0.291164, -0.396139, 0.544051, -1.516047, -0.667334, -0.860653, 0.202229, -0.419631, -0.262524, 0.620166, 0.887432, 0.776488, 0.943217, 1.055124, -0.550380, 1
0.124371, -0.417527, -1.008948, 1.260696, 1.157931, -1.238207, 1.183588, 0.187538, 0.184168, -0.098367, 0.045260, 1.400638, -0.351973, -1.475858, -0.397326, 0.039960, -0.701356, 0.039801, 0.642772, 0.349098, 0.855210, -0.067244, -1.527475, 1.227760, 0.005134, 0.893992, -0.079999, 0.174194, -0.584878, 0.176361, -0.564737, 0.587587, 1
2.914206, -1.352181, 0.095471, 1.805403, -0.012084, 0.942346, -0.058344, -1.099437, -0.655177, -1.124633, -0.188118, -0.260328, -0.595103, -0.669069, 1.298776, 0.001849, -0.934948, 0.751652, 0.863990, 0.117233, -0.161005, 0.651846, -0.467095, 1.477721, -0.509778, 0.930083, -0.510465, -0.267359, -0.421705, -0.489980, 0.776063, -1.246875, 1
1.220788, -0.384947, -0.643669, 0.016435, -0.486773, -0.102793, -0.221679, 0.252214, 0.357278, 1.270411, -0.240876, -0.078645, -1.044798, -0.263963, -0.939209, -0.094194, -0.138013, -0.817319, 0.623742, -0.331597, -1.201908, 0.345881, -1.197172, -1.472536, 0.190705, 0.388685, -0.674446, 0.119134, -0.442447, 0.237249, -0.251154, -1.825502, 1
1.290842, 0.850710, 1.727928, -1.841542, 0.291185, 0.364280, -0.672128, -0.928971, -1.089347, -1.552179, 0.767724, -0.272479, -1.087961, -1.513254, 0.412085, 0.165647, 0.575024, 0.564689, -0.727782, -1.037252, -0.935115, 1.527514, 0.705481, -0.026292, 0.661544, 1.924873, -0.212607, -0.305775, -1.044052, -0.145614, 0.744315, 0.337141, 1
1.695329, 1.567871, 0.425484, 0.823614, -0.062311, -0.156438, 0.436083, -0.684001, 1.044846, -1.296942, -0.361539, -0.018148, -0.550754, 0.350398, -0.405276, 0.829058, -0.158206, 0.003904, -1.304627, -0.805812, 0.952996, 1.083559, 0.421716, 1.075350, -0.215029, -0.984122, 0.680926, -1.074122, 1.169351, 0.350430, -0.667903, 0.665074, 1
1.496614, -1.022616, -0.229257, 0.421422, -0.059440, -0.459398, 0.926064, 0.716112, -0.142885, 0.944205, -0.361244, -0.177948, -1.052053, -0.968281, 0.998156, 0.959136, -1.290960, -0.923991, -0.308375, 0.376623, 1.066924, -0.563303, 0.315915, 0.686476, -0.155833, 0.698552, 0.317184, -1.049104, 1.098840, 0.610483, 0.543008, -0.416904, 1
0.266077, -0.363182, -0.686142, 0.259195, -0.118109, 0.546791, 0.079503, -0.608755, 0.646887, 0.239572, 0.023419, -0.671778, -0.635763, 0.629090, 1.334404, -1.021557, 0.406678, 1.048391, -0.054039, -0.252870, -0.448286, -0.331320, 0.772838, 0.652235, 0.159847, 0.553679, -0.332534, -0.086334, 0.527806, 0.400281, 0.555855, 0.008095, 1
1.791466, 0.421528, 0.267606, 0.573850, -0.526960, 1.187403, 0.064664, 0.215389, 2.028113, 0.930479, 0.312005, 0.489265, 0.454732, -0.817141, -1.111568, -0.596251, 0.455291, -1.280066, 1.833916, -0.521506, -0.189506, 0.932847, 0.625490, -0.417528, -0.445372, 1.039798, -0.061536, -0.087425, -0.330638, -0.958347, 0.227050, -0.036353, 1
1.809963, -0.107648, 0.124566, 0.474601, 0.617031, -0.287758, -0.613753, 0.124840, 0.932577, -0.025679, -0.310883, -0.375957, -1.655006, -0.391165, -1.034902, 0.843798, -0.602443, 0.818834, 0.046672, 1.285516, -0.769430, 1.090772, -0.105649, -0.250932, 0.138485, -0.698428, -1.053413, -0.380349, -0.711919, -0.541724, 0.837141, 0.649652, 1
2.373207, -0.127830, -0.413620, -0.073348, -0.249101, -0.221831, 0.189016, 0.522629, -1.006710, 0.767890, 0.975413, -0.381469, 0.341969, 0.523748, 0.252215, 0.763317, 0.410326, 0.488217, 0.141078, -0.312526, -1.133812, -0.890628, 0.125698, 0.110376, 0.510586, 0.735755, 0.820546, 0.473091, -0.275963, 0.498695, 0.401783, 0.810626, 1
2.678373, 0.602031, -1.120430, 0.299512, -0.743984, -0.244320, 0.202598, -0.082934, 0.478941, -0.728056, -0.490743, 0.801923, 0.865086, -0.269351, 0.463016, 0.622720, -0.188761, 1.313621, 0.908246, 0.051755, 0.287661, -0.526452, 0.571881, 1.554384, 0.491611, 0.705366, -1.162167, 0.889315, -0.880666, 1.484099, -0.016736, 0.558754, 1
0.672322, -0.333905, -0.780962, -0.579887, -0.467723, 0.554782, 0.387566, -1.362628, 1.390524, -0.337592, -0.266106, -0.137479, -0.046153, 0.680460, 0.119311, -0.618861, -0.451740, -1.104990, -1.169145, 0.887792, -0.043701, -0.936735, -0.313700, -0.946876, -0.716405, 0.293417, -0.675162, -0.588307, -0.153871, 1.635659, 1.109525, -0.855379, 1
1.503290, 0.741186, -0.759545, -0.508564, -0.211361, 0.612226, -0.852124, -1.096271, -0.095070, -0.036896, -0.455518, -0.508317, -0.676909, -0.035790, 1.393621, -1.075679, -0.223601, 1.056603, 1.239786, 0.464975, -0.725096, 0.614613, -0.313724, 0.605402, 0.484246, 0.578595, -0.072701, -0.065459, -0.856381, -0.666241, 0.044483, 0.697195, 1
0.718886, -1.040433, -1.406354, -0.627612, 0.234201, 0.277324, 0.290468, 0.042768, -0.282340, 0.753839, 0.612474, 0.651884, -0.693859, -0.653494, 0.447523, 0.990107, 0.126250, -0.434811, -0.617031, -0.222313, -0.840686, 0.719226, 0.201545, 0.418977, -1.231408, -1.092523, 0.291526, 0.550029, 0.077133, -0.280525, -0.501707, 0.532328, 1
1.979169, 0.925445, -1.367028, 0.769822, -0.505216, -2.325047, 0.197051, -0.467435, 1.091852, -0.994632, 0.688741, -0.522039, 0.484650, 1.396304, 1.316219, 0.298064, 0.337771, -0.298506, 2.119608, 1.225287, 1.456829, 1.766642, -0.349347, 0.026366, -0.124022, -0.105339, -0.872216, -0.788544, -0.928268, -1.203170, 0.716825, 0.504160, 1
0.911017, -1.327490, -0.477247, -0.583793, 0.319175, -0.565026, 0.453194, 0.010901, 0.289701, -0.055398, 0.383529, -0.090951, -0.560811, 0.622755, -0.725655, 0.290667, 1.543679, -0.647230, -0.052507, 0.243810, 0.814667, -0.478373, 0.198943, -0.263257, 1.111290, -0.411471, -1.489057, 0.626256, 1.409360, 0.178635, -0.995177, -0.610180, 1
1.834951, 0.096069, -0.828102, -0.840852, 0.240490, -1.428337, 0.212017, 0.145524, -0.274508, 1.146985, -0.854331, -0.286592, -0.318089, 0.386561, 1.089729, 0.729060, 0.558540, -0.477526, -0.054373, -0.183158, -0.584360, 0.545733, 0.370489, -0.053149, 1.195793, 0.345577, -0.104245, -1.570321, 1.116188, -0.903917, 0.990840, -0.454489, 1
0.276691, -0.152183, -0.920316, 0.983347, 0.672991, 0.826847, 0.552438, -0.596857, 0.170931, -0.964621, 1.934504, 0.277647, -1.013580, -0.380462, 0.277686, 0.528455, -1.917052, 1.444963, -0.653477, -0.248157, 3.001323, 0.143055, -0.148032, 0.379107, 0.889276, 0.548586, 1.054796, 0.363955, 0.005720, 1.297351, -0.454001, -0.443950, 1
0.545222, -0.623317, -0.337573, -0.029473, 0.483887, -0.616461, -0.570397, 0.645019, -0.496853, -0.118160, -0.334052, -0.235103, 0.288646, 1.192129, 0.066228, 0.368963, 0.377130, 0.779763, 0.355663, 1.244429, 0.097975, 0.617667, -0.052339, -1.027839, 0.095799, 0.330305, 0.596994, 1.237804, 0.764311, 0.551750, -0.369123, -0.782170, 1
0.500257, 0.605858, 0.578161, -0.234199, -0.032203, -0.208879, 1.108350, 0.519352, -0.329168, 0.881643, -0.268237, 1.382025, -0.103707, 0.835943, -0.795886, 0.363807, -0.673858, 0.425230, 0.474710, 0.907044, 0.209000, 0.115638, 1.105628, -0.398892, -1.070779, -2.435264, -1.479393, 0.882119, 0.006416, 0.643306, 1.633394, 0.005233, 1
1.538157, -0.055704, 0.403986, 0.159875, 0.408782, 0.237634, 0.153815, -0.523328, -1.270900, 0.992661, -0.113502, 1.397504, 0.085151, -0.582135, -0.417425, -0.121098, 0.722616, -0.258491, -1.120569, -0.177952, -0.326543, 0.097148, 0.568545, 0.825493, 0.291639, 0.358877, -1.682336, 1.089885, 0.637904, -0.034482, -0.732483, -0.135656, 1
2.501923, 0.046904, -0.213597, -1.150599, -0.106814, 1.259318, -0.859103, -0.316472, -0.595904, -0.587725, -1.412915, -0.440742, 2.014713, 0.518272, 1.373204, 0.061301, 0.594950, 0.936636, -0.550260, 1.291788, -1.251251, -0.680979, 0.061673, -0.606035, 1.192450, -0.303779, -0.965738, 0.212613, -0.166426, -0.808274, -0.099221, 0.290581, 1
0.658540, 1.203068, -0.969454, -0.296990, 0.465935, -0.981168, -0.118843, -1.024233, 0.874530, -0.685977, -0.391699, 1.348869, 0.643815, -0.567355, 0.066644, -0.341711, -0.024889, 0.847653, 0.773488, 0.599363, -0.454904, 0.628618, -0.565311, 1.006792, 0.221099, 0.268921, -0.050574, 0.759897, -0.365468, 1.313275, -0.330256, -1.038702, 1
1.337924, -0.008886, 0.046033, -1.189613, -0.769310, 0.988896, 0.136982, 0.643652, 0.486938, 1.490217, -0.440876, -0.151496, 0.672065, 0.283958, 0.419128, -0.219985, 0.022292, -0.423816, 0.307251, 0.326650, 1.420261, -0.061340, 1.582629, 0.583608, 0.808614, -0.701630, -0.619748, -0.325026, -0.309167, 0.557911, -0.249243, 0.488195, 1
1.449285, 0.259720, 0.271038, 0.174693, -0.623967, -1.260756, -1.060292, -0.646825, 1.038593, -0.495162, -0.629544, -1.781582, 0.664379, -0.793517, 0.198497, 0.846322, 1.940878, -0.259416, -0.135590, -0.407344, 0.171658, -0.911688, 0.587645, -0.302933, 0.230214, -1.776805, 0.074692, -0.104950, 0.086446, 0.213578, 1.006362, -0.180995, 1
0.537750, -0.418405, -1.956474, -1.271106, -0.465916, 0.827241, -0.400616, 0.285363, 0.452379, 1.246234, 0.578117, -0.328384, 0.211630, -0.542614, -1.067919, 0.422256, 1.215023, -0.258332, 0.612828, 0.244880, -0.375414, -1.055404, 0.573946, 0.397435, 1.089449, 0.473672, 0.587671, 0.063735, -1.787138, -0.124453, -0.417602, -0.179861, 1
1.189224, 1.011322, 0.408670, 0.731582, 0.740044, 0.137767, -0.393993, -0.411596, 1.031019, -0.328330, 0.478159, -0.576186, -0.066732, -0.338077, 0.838972, 0.800487, 0.017384, -0.712749, 0.643007, -1.101714, 0.334162, -0.818547, -0.815769, -0.831847, 0.225024, 0.334386, 0.985860, 0.042796, 1.243715, 0.379447, 1.074610, -0.309574, 1
-0.583205, 1.943212, -0.101054, -1.107773, -0.025187, -0.276314, -0.874076, -0.369889, 0.740821, -1.050623, 0.877980, -0.292381, 1.266626, 0.220619, -0.373544, 0.270647, 1.154842, 0.966760, -0.380134, 0.669498, -0.015750, 1.317966, 0.630874, -0.866092, -0.593036, -0.640254, -0.386621, -0.368544, 0.833718, -0.268095, -0.826269, 1.607338, 1
0.981619, -0.939717, 1.326699, 0.076155, -0.690433, 0.782747, -0.154017, 0.414260, 0.094026, -0.022626, 0.549185, -1.014378, 0.675637, -0.031532, -0.702384, -0.781694, 0.326678, 0.870395, -0.110081, 0.895726, 0.555579, -0.271954, -0.577924, 0.013710, -0.339245, 0.288768, 0.923058, -0.642781, 0.265934, 0.505240, -0.051037, 0.832697, 1
0.175871, 0.138311, 0.065260, 0.121459, -0.771896, -0.761877, 0.792942, -0.171410, 0.641097, -0.360991, 0.906296, 0.198640, -0.672789, -0.131633, -0.615577, -0.966701, 0.337759, -0.508893, 0.731047, 0.384921, 1.292812, 1.083277, -0.811764, 0.539357, -0.471683, -0.466077, -0.293088, -0.269778, 0.670733, -0.814725, -0.119333, -0.352531, 1
1.512546, -0.194066, 0.324302, -0.998241, -0.949787, 0.969984, 0.490204, 1.125427, -0.322398, 0.535038, -0.823026, 0.377825, 1.670666, 0.589679, -1.136028, -0.686344, -0.920476, 0.177238, -0.729540, 1.507911, -0.392865, 0.607618, -0.626516, 0.752715, 1.126347, 0.348067, -0.251555, -0.509799, -0.072849, 1.403477, 1.290028, 0.387557, 1
0.643936, -1.299702, 0.232645, 0.616373, -0.307117, 0.217961, -1.115080, 0.612638, 1.281343, 0.671925, -1.321201, -1.104349, 1.261967, -0.309123, -0.008342, 0.544107, 0.354657, -0.096996, 0.090045, -0.814746, 0.160224, 0.954503, -0.068744, -0.307629, -0.877364, 0.119461, 0.862787, 0.092458, 0.329615, -0.627660, 0.702867, 0.069535, 1
1.074431, 0.930405, -1.818594, -0.386016, 0.234904, 1.466629, -0.149996, -0.051344, -0.002197, 0.435198, -1.063175, 1.079360, -0.608183, -0.622700, 0.888528, 0.495077, -1.671337, -1.070617, -0.475223, -1.064382, -0.149590, 0.174358, -0.832074, -0.132339, -0.236105, -0.221141, -0.288788, -0.775066, -0.277042, 0.293065, 1.700500, 0.166095, 1
0.256955, -0.381694, -0.335710, -0.158507, -0.075377, 0.720459, -1.966662, -0.657739, 1.215396, 0.079425, 0.969878, -0.439641, -0.014381, -0.608248, 1.661692, -1.134475, -0.208845, 1.024851, -0.102694, -1.035913, -1.741931, -0.020739, -0.364444, -1.026934, -1.714563, 1.050948, 1.045275, 0.837841, -0.664285, -0.053076, -0.373516, -0.995563, 1
1.290244, 0.567075, -1.266306, -0.728646, -0.523901, 0.027263, 0.237965, 0.040261, 1.281742, 0.185291, -0.404669, 0.640728, 0.286348, -0.439953, -0.000545, -0.114877, -0.587570, -0.741476, 0.428890, 0.573828, -0.488298, 0.316872, 0.288394, -0.312840, 0.291648, 0.597406, 1.400746, -0.164042, 0.111196, -0.091207, -1.148239, -1.673299, 1
1.624397, 0.950103, 0.596955, -1.128699, 0.903485, 0.083876, 1.457486, 0.012540, -0.442515, 1.336338, 0.253568, -0.370176, 0.300717, -0.818943, 0.240025, 0.044145, -0.311773, 0.025260, -1.207573, 0.024004, 0.216845, -0.683742, 0.580044, -1.316110, 0.075497, -0.785869, -0.531452, -1.566714, 0.424587, 0.702484, 1.696936, -0.572572, 1
1.013632, -1.217688, -0.233429, -0.778560, 0.566707, -1.446386, -0.732430, -1.595521, 0.760992, 1.424979, 0.585372, 0.075185, -0.350291, 0.533230, 0.607357, -0.809520, 0.632839, 0.773597, -0.802562, 0.309194, 1.128881, -0.828386, -0.212183, -0.155822, -0.816527, 0.077847, 0.774370, 0.285918, 1.259213, 0.191143, 0.528343, 1.141748, 1
1.060608, 0.283856, -0.606790, 0.318594, -0.923114, -0.644348, 0.085972, 0.077329, -0.882744, 0.441542, 1.320194, 0.115434, -1.255343, -0.508262, -0.993244, -0.429634, -1.140184, -0.894836, 0.686532, 0.579789, 0.921542, -0.478184, -0.472581, -0.032913, 0.432740, 0.944980, -0.021836, 0.421770, 1.517990, -0.499181, 2.034972, -0.989023, 1
-0.494067, -1.277730, -0.606993, -1.253993, 0.068795, 0.280713, -0.640816, -0.743172, -1.274638, 0.865820, -0.490518, 0.552005, 0.034854, 0.328306, 0.959065, -0.575600, 1.411440, 1.655219, 0.601660, 0.587562, -1.100417, 0.901206, 0.017628, -0.003845, -0.318635, -0.683889, 0.362407, -1.144135, -1.357721, -0.212675, -1.912513, -0.998127, 1
2.930703, 0.038735, 0.210758, 0.881755, 0.414246, -0.546411, -0.128759, -0.427882, -0.974899, -0.080875, 0.934824, -0.134272, 0.754391, 0.215653, -1.094998, 0.374547, -0.847982, 0.110252, -0.024996, -0.748410, -0.404032, 0.250973, -1.884697, -0.355257, -0.483109, 1.103022, 0.206043, -0.225098, -0.161605, -0.237549, -0.948883, -0.011139, 1
0.240345, 0.075612, -1.234656, 0.014272, -0.481274, -0.959443, 0.294207, 0.066915, -0.886209, -0.311823, -0.200775, 0.554228, -0.630771, 0.318268, -0.249044, 0.004794, -0.208937, 0.160088, 0.878206, -0.396535, 0.147658, -0.259989, -1.235507, 0.158306, 1.054503, 0.114774, 0.938453, 0.350523, 0.078235, 1.277667, -0.145787, 1.096590, 1
0.912051, 0.990471, 0.129642, -0.173301, -1.153617, 1.470114, 0.065912, -1.388037, -1.641939, -0.688641, 1.080320, 0.287084, -0.895617, -0.600392, -0.851191, -1.605050, -0.018050, 0.219897, -0.290134, 1.304643, 0.947046, 0.864594, 0.652021, -0.632897, -0.418727, -0.742833, -0.105753, 0.312386, 0.071062, 0.388982, 0.270470, -0.590038, 1
0.543094, -0.264292, -0.348722, -0.090459, -0.149865, -0.146567, -1.401614, 1.769991, -0.583009, 1.354036, 0.052546, 0.534956, -1.165741, 1.489635, -0.610025, -1.184279, 1.645988, 0.817998, -0.022140, -0.242099, -0.782842, -0.274636, -3.158066, -0.458584, -0.835237, -0.309260, 1.231803, 0.782970, -0.606475, -0.883584, 0.032957, -1.079408, 1
-0.466936, -0.411009, -0.340172, 0.492198, 0.688302, -0.137876, 0.116019, 0.242242, -0.542139, -0.569225, 1.070895, -0.043650, -0.811260, 0.049448, -1.290332, -0.643794, 0.448329, 0.091177, -0.829554, -0.340258, 0.009702, 0.164288, -0.488153, -1.662537, 0.635831, -0.805000, -0.298685, 0.788391, -0.025151, 0.093972, -1.337503, 0.708169, 1
1.937262, -0.247360, 0.153395, 0.289769, -0.610583, 0.344729, -0.181921, -0.226858, 0.547902, -0.779470, 1.291712, 0.006357, -0.064970, 0.192033, -1.116297, -0.346220, 0.300153, -0.832500, 0.776384, 0.235019, -0.367338, 0.240348, 0.861932, 0.122754, 0.478953, -0.307455, -0.127595, -0.638220, -0.379742, 0.334361, 0.798058, -0.358774, 1
1.468333, -0.108995, 0.684037, -0.352266, -0.009226, -0.989983, 0.130128, 2.482134, -0.240560, -0.449925, -0.678473, 0.016078, 0.104626, -0.390895, -1.201111, 0.377161, 0.270102, -0.666204, 0.741109, 0.381385, -0.732865, -0.010055, -0.391337, -1.426145, -0.782417, -0.161060, 0.141002, -0.293419, 0.501143, 0.217662, -0.552733, 0.126203, 1
1.983227, 0.013921, -0.186775, -0.739621, -0.476676, -0.252785, 0.693094, -0.525086, 0.356716, -0.429249, -0.795235, -0.966707, 0.646912, 0.355554, -1.788333, 0.256536, 0.730611, -0.214804, 0.271182, -0.177264, 1.228141, -0.907347, -2.167308, -0.335758, 0.755894, 1.027788, 0.495447, 1.373503, 0.545971, -1.201731, -2.340828, -0.365429, 1
0.677627, 0.764505, 1.054922, -0.781457, -0.262980, 1.020320, 1.530713, 0.352810, 0.563903, -0.019914, -1.457425, 0.187368, 0.031945, 0.064666, 1.880534, 1.201261, -0.688322, -1.016645, -0.388962, -0.460793, 0.374639, 0.738482, 0.538483, -0.179755, 1.441836, -0.296563, -0.619082, 0.344722, 0.119803, 0.178399, 0.530966, -0.852938, 1
-1.187247, 0.303564, -0.034905, 0.697168, -0.743317, -0.161517, -0.382100, 0.614169, -0.950013, -0.221130, -0.693837, 1.238007, -1.930998, 0.048552, -0.136379, 0.223003, 0.183769, 0.653387, -1.644123, 0.828888, -0.892059, 0.312116, 1.507218, 1.731070, -0.827102, 1.516665, 0.286254, 0.227853, 0.152860, 0.135691, 0.857873, -1.062062, 1
0.694780, 0.602374, -0.679976, -0.587671, -0.380283, 1.122989, -0.558886, 0.142433, 0.690326, -1.620030, -0.346657, 0.351554, -0.139531, 1.666654, 0.113722, 1.308395, 1.010052, -0.054161, -0.176272, -0.476851, -0.952684, -0.356595, -0.019232, -0.743556, 0.459104, 0.420601, 0.253882, -0.003319, 0.981752, 0.555889, -0.283733, -0.130054, 1
1.283304, -0.468595, 0.807417, 0.317388, -0.495326, 0.513341, -0.752666, 1.868867, 0.968423, 1.276796, 0.233236, -0.268749, -0.864901, -1.531249, 1.055349, 1.560399, 0.879309, -1.436841, 0.884649, 0.519245, 0.184500, -0.813262, -0.511908, 0.218841, 0.225227, -1.426746, -0.571370, 1.665028, 0.488822, -0.187167, -0.188283, 0.051381, 1
1.091467, -1.563643, -0.594165, 0.663839, 1.450288, -0.102490, 0.483058, -0.120370, -0.296427, -0.192779, 1.816654, 1.074201, 1.730153, -0.299956, -2.244332, 0.551107, 0.204046, -0.101408, 0.373306, 0.932044, 0.662092, -1.168959, 0.116180, -0.338195, -0.687451, -0.581996, -0.095620, 0.243644, -0.063571, -0.057957, 0.024707, 0.430403, 1
0.693488, 0.281147, -1.739456, 0.734109, 0.575474, -0.592031, 0.025424, -0.348233, 0.419715, -0.985719, -0.256607, -1.288047, 1.371744, -0.272218, -0.429361, -1.120783, 1.673972, 0.355964, 0.393350, 0.003217, -0.627921, 1.542315, -0.137188, -0.380539, 0.039160, -0.043588, 1.718099, 0.064576, -0.699854, -1.035100, 0.236251, 0.803138, 1
0.342849, -0.429686, 1.116452, 2.127024, -0.730273, 0.459888, 0.432284, 0.728903, 0.483206, 0.070930, -0.628296, -0.861449, 0.479592, 0.001708, 0.473419, -0.511474, -0.244424, 0.650617, 0.171315, 0.915797, 0.434913, 0.347220, 1.258552, 0.192749, -0.160538, 0.136283, 0.374202, -0.455008, 1.677029, 0.311743, -0.855703, 0.569840, 1
0.220045, -0.749387, -0.605087, 0.181638, 0.902129, 0.903853, 0.373710, -0.271859, 1.221166, 1.475859, -0.002931, -0.173904, -0.188954, 1.851024, -0.990208, -0.303333, -0.564362, 1.064201, -1.414351, -0.459551, 1.015161, -0.012170, 0.965391, -1.823524, -0.065319, -0.165806, -0.641929, 0.541930, -0.369267, 0.511101, 0.443327, 0.665060, 1
-0.357652, -1.195518, -0.246905, 0.130788, 0.727941, 0.481364, -0.444183, 0.423184, 1.030162, 0.494868, 0.747614, 1.962742, 0.842559, 0.140999, -0.706691, -2.175569, 0.165153, -0.351662, -0.253545, 0.621813, 0.246902, -0.215009, 0.702143, -0.092990, 0.446111, 0.270447, -0.246876, 0.047737, 1.240538, -1.270508, -0.490111, 0.405474, 1
2.495614, -0.274628, -0.113933, -0.757940, 0.801458, 0.491520, -0.719711, 0.751466, -0.288451, 0.569889, -0.546402, 1.029989, 0.552165, 1.161604, 0.230027, -0.222770, 1.047295, -0.626942, -1.445793, -0.198742, -0.038333, -1.461548, 0.514688, 0.615989, 0.180470, 0.853637, 0.370499, -0.784148, -0.348794, -1.169176, 0.350126, 0.108206, 1
0.014527, -1.062080, -1.473953, -0.407932, 0.335583, 1.052676, 0.207043, -0.566879, 0.461456, -0.589775, -0.201807, -0.095552, -0.110275, -0.433593, -0.855739, -0.128024, -0.256876, 0.958487, -0.796480, 1.908384, 0.666601, -0.465234, -1.221463, -0.087285, 0.792948, -0.045106, 0.003817, 0.504283, 0.098774, -0.847306, -0.394652, 0.083933, 1
2.649802, -0.050175, -1.280601, -1.531412, -0.522234, -1.116327, -1.123876, -0.096989, -0.423433, 0.532988, -0.590033, 0.113740, 0.286593, 0.150739, -0.145096, -0.886057, -0.052514, 0.498405, -0.585952, 1.395421, -0.459098, -0.955087, -1.055061, -0.027796, -0.622278, -0.432833, -0.393166, -0.484279, 0.349604, 1.108782, 0.216111, 0.095063, 1
0.050845, 0.745066, -0.046518, -0.129659, -0.767851, 1.018009, -0.882897, 0.697311, 1.308872, -0.936116, 1.425531, 0.096830, 0.240755, -1.338481, 0.970384, -0.415213, -1.108505, -0.805076, -1.888288, 0.657779, 0.905541, -0.270869, 0.485702, 0.645812, 0.660841, 0.266006, -0.860658, -0.522441, -1.949342, 0.262151, -0.781176, -0.073109, 1
1.145815, -0.873156, -0.253549, 0.894395, -0.762570, -0.331529, 0.666185, -0.220122, -0.915068, 1.001968, -1.163100, -0.343821, 0.711683, 0.395096, -0.107255, 0.188526, -0.774869, -0.641801, -0.597291, -0.747863, -0.624468, -1.627809, -0.451988, 0.063900, -0.550703, 0.134094, -0.527798, -0.363338, 1.020895, -0.162846, -0.121432, -0.046473, 1
0.225438, -0.085593, -0.012407, 0.852070, 1.033047, -0.057687, -0.032178, 0.023638, 0.308298, 1.070830, -0.151255, 0.005654, 2.063228, -0.429153, 0.460489, 0.439691, -1.824782, -0.345986, 0.528824, -1.197628, -1.826423, 0.356794, -0.658907, 0.268777, -0.095825, 0.970774, 0.562532, 0.312035, -1.104609, -0.385617, -1.037861, -0.060941, 1
1.219683, 1.843259, -0.119652, 0.452155, 0.571071, -0.264594, 0.004248, 0.100431, 0.582120, -0.626281, -0.446529, -0.043938, 1.115291, -0.813671, -0.522462, -0.723849, -0.343935, -1.261134, 0.744992, 0.688991, 0.075383, -0.390214, 0.771536, 0.039523, -1.199599, 0.496467, -0.108395, -0.531918, 0.322848, 0.389387, -0.169565, -1.263336, 1
0.626838, 0.816543, 0.858015, -1.204426, -0.483420, -0.041447, -0.052789, 0.798157, -1.164781, -0.446053, -1.137219, 0.613925, 0.399089, -0.002722, 0.766441, 0.860868, -1.142127, -1.526482, -1.302611, -1.909402, -0.165320, 0.559782, -0.228699, -0.140852, -0.233624, -0.513086, 0.772303, 0.647066, -0.476542, 0.420578, 0.699183, -0.510775, 1
0.861321, -1.092056, -0.312223, 0.113328, 1.187747, 0.410280, -0.721648, -0.326963, 0.236858, 0.132169, -1.177357, 0.235594, -0.853152, 0.687114, 2.261816, -1.393086, -0.315465, 0.484585, 0.173895, -0.495902, 0.325336, -0.228389, 0.928624, 0.288062, 0.534663, -1.323724, -0.040447, 0.225856, -0.127180, 0.675051, -0.999792, -0.147402, 1
2.787164, 1.407366, -0.692303, -0.262700, -0.371681, -0.505145, -1.380517, -0.203592, 0.530967, 1.139247, -0.785478, 0.279835, 0.173057, 1.132189, 2.049524, 0.345235, -0.200128, 0.396528, 0.384288, -0.211473, 0.885741, -1.555758, 0.502819, 0.224932, 0.757394, 0.479291, 0.187114, 0.072498, 0.424029, -0.723393, 0.207862, -0.420464, 1
1.599718, -0.508954, -0.561632, -0.583106, 0.284071, 0.326898, 0.768195, -0.964835, -0.043593, -0.903259, 0.053003, -0.064130, 0.708730, 0.429656, -0.430821, 0.952897, -0.636786, 1.392886, 0.369282, -0.325495, -0.742080, 0.071333, 1.249427, -0.049465, -0.290278, 0.501786, -0.942044, -0.042287, 0.418558, 0.273414, -0.360263, -1.166843, 1
0.120099, -0.183881, 0.774578, 0.471765, -1.108429, -0.316102, -0.041279, 0.273610, 0.492458, 0.335587, -0.310596, -0.695209, 0.188668, 0.521815, -0.941069, -0.262625, -0.436381, -0.087811, 0.065567, -0.181102, -0.800950, -1.781709, -0.071321, 0.226568, -0.357773, 0.585819, -0.885811, 0.511468, 0.575829, -0.436544, -0.202761, -0.381980, 1
0.192777, -0.614307, 0.496520, 0.275098, 0.129452, -1.007888, 0.605035, 0.073051, -0.755256, -0.499472, 0.536066, 0.149420, 0.796210, -0.002458, 0.978784, 0.704215, -0.426026, 0.060179, 0.766071, -0.922910, -0.804442, -0.886679, -0.882673, -0.541967, -1.114596, 2.397524, 0.134649, -0.325594, -0.813386, -0.165356, 0.791788, 0.427449, 1
1.037948, -1.057041, -0.741376, 0.718479, -0.744989, 0.604445, 0.311314, 1.625965, -0.361691, 0.626333, -0.784707, -0.257184, 0.368654, -0.606489, 0.523897, -0.342250, -0.745173, -0.832026, 1.236479, 0.959766, -0.054908, 0.438909, 0.092936, 0.225430, 0.271178, -0.361428, -0.909005, -0.136061, -0.492719, -0.223130, 0.364188, -0.444286, 1
2.211358, -1.682199, -0.632407, 1.798007, 0.393703, 1.184632, -0.785371, -0.688677, 0.515521, 0.498146, 0.001130, 0.851370, 1.442294, 0.850646, 1.052208, 0.457618, 0.134480, -0.589667, -0.756559, 0.675092, 0.873225, -0.474112, -0.100489, -0.172566, -0.739918, 0.196452, -0.517328, -0.700706, 0.761910, -0.318160, 0.102154, -1.271765, 1
0.076787, 0.382856, 0.425269, 0.250266, 0.301563, -0.142237, -1.204227, 0.336022, 1.066983, 0.723675, 0.509420, -0.247324, -0.014045, 1.026196, -0.985039, -0.293089, 0.681734, 0.044897, -0.712001, 0.184399, -0.002832, -0.238452, 1.354676, -0.664048, -0.567991, -1.167063, 0.034944, -0.164725, 0.706503, 0.335858, 0.361906, 0.419932, 1
2.617118, 0.398582, 0.638907, 0.103868, 0.375763, 0.323110, -0.179259, -0.856515, -0.040329, -0.663867, 0.507409, 0.005094, -0.510035, -1.618717, -0.803706, -0.267226, -0.575278, -0.802974, -0.077599, 0.879056, -0.763423, -1.055724, -1.077024, 1.029852, -1.701433, -0.545036, 0.587374, -0.787355, -0.512599, -2.312060, 1.856142, 0.851202, 1
-0.388182, -0.159147, -0.265864, -1.141997, 0.041283, 1.336439, -0.042845, 0.156379, -0.839577, 0.296802, -0.446912, -0.016831, 1.021273, 0.208229, -0.097223, -1.622555, -0.609114, -1.028308, -1.269979, -0.273933, 0.387666, 0.181288, -1.383661, -0.375720, 0.795244, -0.906272, 0.552603, -1.095441, 0.117468, 0.039990, -0.913945, -0.299799, 1
1.366072, 0.246775, 0.318073, -0.315131, 1.490719, -0.012986, 0.671614, -0.786211, -0.490044, 0.633394, 0.276438, 1.312517, -1.810566, -1.054822, -0.909362, -0.440874, 0.373712, 0.485524, -1.097039, 1.096421, -0.532036, 1.052297, 0.658515, -0.529979, -0.449044, 0.373677, 1.418662, -1.423135, 0.881567, 0.155515, 0.151971, -0.529153, 1
0.652891, 0.055199, 0.412655, -0.284581, 1.133979, 1.372916, 0.293054, 1.155522, -1.393648, 0.787479, -0.205178, 1.374637, 1.038844, 0.144806, -0.304282, -0.088617, 0.028917, -1.168832, 0.807671, -0.184853, -0.045316, 0.395520, -0.195327, 0.095956, -0.122127, 0.048811, 0.024730, -0.059474, 0.030175, 1.243528, 0.246717, 0.562990, 1
-0.019515, -0.057177, -0.203664, -0.494603, -1.872346, -0.349307, 0.218262, 0.045085, -0.470796, -0.373547, -0.244106, -0.306062, -0.527908, -1.411520, -0.964192, -0.393658, 0.176446, -0.930786, -0.271834, 0.577805, 0.074737, -0.517645, 0.614422, -0.423920, 0.351760, 0.853972, -0.386485, 0.094090, -0.557924, -0.385324, 0.396360, -0.792768, 1
1.672252, 0.547972, -0.043948, 1.683359, 0.344124, -1.480338, -0.265204, -0.734411, -0.207464, -0.179129, 0.337055, -0.251858, -0.239140, 0.506817, 0.127543, 0.341941, -0.576210, -0.787982, -0.095022, 0.256926, 0.790241, -0.312785, 0.100417, -0.333047, -0.260423, 0.845457, 0.745990, -0.231700, 0.973674, -0.424037, 0.251860, 0.273201, 1
0.925662, -1.502048, 0.474716, -0.727956, 0.056999, -0.523507, 0.141162, 0.061584, 0.825370, -0.037551, -0.057368, 1.487905, -1.533173, -0.490954, -0.001307, 0.554796, -0.090382, 0.687320, 1.213381, -0.800933, -0.613457, -1.861909, -0.325969, -1.402338, 0.179966, 0.963544, 0.977188, 0.400601, -0.047407, 0.177379, 1.098028, 0.172246, 1
0.411242, -0.568926, 0.369465, 1.284091, 0.536800, -1.567191, -0.062019, 0.501860, -0.762191, -0.299975, 1.228708, 0.653970, -0.529387, -0.904623, 0.342468, 0.852627, -0.807547, -0.292307, -0.197451, -0.036990, 0.925277, -0.338806, 1.407891, 0.929791, -1.008139, -0.405831, 0.443057, 0.892538, 0.490999, 0.481927, -0.685572, -0.597882, 1
-0.286885, 0.251992, -0.224263, 0.066617, -1.387746, -0.378333, -0.258851, 0.195779, -0.583931, 0.351252, 0.325637, 0.029475, -0.100540, -0.351159, -0.575502, -0.289134, -0.378380, 0.275753, -0.831197, -1.492622, -0.037495, -0.251629, -0.121573, -0.807021, -1.033296, 0.014451, 0.312138, 0.541189, -0.679522, -0.387385, 0.347517, 0.210835, 1
2.139932, -0.189614, 0.315415, 0.204916, 0.742726, -0.480565, 0.458808, 0.216322, 0.313486, 0.382732, -0.083648, -2.074074, -1.229718, -0.823066, -0.221943, -0.149293, -0.553337, -0.617323, -0.218713, 0.349849, -0.217243, 1.050352, -0.786002, -0.037572, 0.016860, -0.244036, -1.227885, 1.396465, 0.072083, -0.717390, 0.824261, 0.087532, 1
1.420851, -0.032096, -0.361139, 0.683646, -0.552280, 0.311906, -0.024973, -0.715022, 0.211773, -0.062582, -0.551043, -0.604638, -0.433903, -0.800970, 0.113675, -0.776153, -1.026918, -0.849555, -0.249331, 0.219095, -1.362339, 0.197368, 1.310556, 0.721736, -0.264473, 1.558498, -0.468762, 0.760021, -1.387206, -0.071351, 0.147756, -1.117675, 1
-0.767135, -1.540305, -1.373960, -0.629023, -0.099086, -0.062846, 0.076150, -0.520067, -0.059308, -0.228688, -0.498920, 0.066379, 0.017079, -1.284199, 0.359939, -1.922940, 0.620901, 0.316098, -0.022737, 0.944875, 0.145613, 0.608903, 0.728394, 1.223181, 0.165884, -0.773916, -0.109909, 0.425514, 0.171683, 1.253954, -0.652663, -0.546876, 1
-0.745906, -0.729081, 1.116449, 0.200538, -1.151965, 1.903605, -0.144883, -0.305472, -0.002801, 0.437045, 1.368076, 0.212445, 0.087351, 0.678721, -0.188366, -0.158562, -0.082801, 0.200474, 0.017667, -0.296344, -0.121641, 1.158876, -0.199915, 0.317363, -0.990918, 0.608589, -1.626618, -0.144114, 0.663450, 0.129364, -0.644965, -0.190747, 1
0.031731, -0.814431, -0.869233, 0.765832, -0.936204, 0.719754, 0.003113, -0.815470, -0.770818, -0.134851, 0.342460, -0.682206, -0.286647, -0.340739, 0.019756, -0.784200, -0.000789, -1.249759, -0.880430, 0.139987, -0.218654, 0.927686, -1.341444, 1.213771, 0.390473, 0.185502, -0.406333, 1.220051, 0.333549, -1.230314, 0.965493, 1.231195, 1
1.267814, -0.229939, -0.256940, 0.644574, -0.844596, -1.211042, 0.816409, -0.576620, -0.764642, 0.487008, -0.662701, -0.520860, -0.001365, 0.115362, 1.075910, -0.131104, 0.769892, -0.633115, 0.855526, 0.584000, 0.308537, 0.405481, 0.004430, 1.148405, 0.800932, 0.112272, 0.122269, 1.049835, 0.181215, -1.282533, 0.686542, 0.457951, 1
1.456469, 0.894931, -0.464123, -0.930533, -0.193093, 0.638362, 0.667959, 0.284909, -0.225259, 1.336514, 1.200609, -1.086275, 0.366908, -1.249674, -0.503981, -0.822991, 1.106199, -0.246587, -0.415790, 1.215899, -0.651878, 0.837124, -0.076394, -0.476613, 0.516692, 0.551777, -0.303527, 0.149895, 0.993450, 1.083430, 2.476434, 0.555810, 1
0.365866, 0.650383, -0.199864, 1.527212, -0.636470, -0.742172, 0.098820, -1.231153, 1.290893, 1.633615, -0.619045, -0.027609, 0.462587, 1.542720, -0.565591, 1.113265, -0.811174, 0.533369, 0.605952, 0.121162, -0.017941, -0.951978, -0.282387, -0.375205, 1.396051, 0.437166, -0.952433, 0.052564, 0.653036, 1.050594, -0.969065, -0.688386, 1
1.372998, -0.406498, 1.768752, -0.557964, -0.842819, 0.954388, 0.032257, -0.247671, -0.263799, -0.405220, -0.508178, 0.197832, -0.474367, -0.744811, -1.002372, -0.667680, 1.418565, 1.005019, -2.148652, 0.234033, -1.019298, -0.028789, -1.269536, 0.939234, 0.619070, -0.525071, 0.237574, -0.206799, -0.944440, -0.843851, -0.866728, -0.337519, 1
0.441462, -0.106236, 0.614400, 0.899232, 0.039941, -0.308892, -1.120588, 0.449881, -0.082672, -1.297903, -0.319682, 0.430143, -0.286183, -1.174500, -0.569161, 0.995473, -0.297958, 0.151939, 0.809947, 1.992601, -0.004637, 0.689545, 0.481004, 0.106857, 0.615576, -0.098594, 0.628228, -0.159223, -0.143666, 0.170588, 0.193111, -0.630361, 1
0.539027, 0.476334, 1.246817, 1.249145, -0.514873, -1.352580, -1.023388, 0.441307, -0.029428, -0.507656, -1.442710, 0.384534, -0.346452, -0.107013, 0.261483, 1.613757, -0.436787, 0.080406, 0.560895, -1.621351, -0.271147, -0.504992, -0.099951, 0.390677, 1.119092, 0.661179, -1.480591, -0.745154, 0.329760, 0.212243, 0.309944, 0.263808, 1
0.542804, 0.931394, 0.482747, -0.607073, -0.789452, -0.318586, -0.305567, -0.601565, 1.417348, 1.604995, -0.834545, 1.479397, 2.078517, 0.817556, 0.852112, 0.129411, -0.243238, 1.009432, 0.000838, -0.949230, 0.090789, -1.965709, 0.809649, -0.643242, -1.932339, 0.863210, 1.666718, -0.400352, 1.674394, 0.012423, -0.353202, 0.016104, 1
0.467924, 0.203593, -0.269868, -0.881920, -0.101754, 0.038629, -1.096708, -0.189516, -1.864961, -1.887017, 0.657448, 0.183286, -0.015655, 0.547133, -0.182797, 0.437624, 1.068380, -0.318330, 1.095731, -0.931549, 1.019067, -0.757759, -1.389347, 2.056064, 0.673568, -0.267971, -0.675144, -0.190186, 0.385265, -0.123980, -1.071867, -0.952336, 1
0.692846, 0.089118, 0.375310, 0.880828, 0.953159, -0.428305, 1.455265, -0.332846, 0.381121, -0.773795, -0.702908, -0.066939, 0.010529, -0.018014, -0.008638, -0.279871, 0.873684, 0.366333, -0.699016, 0.362575, 0.230347, -0.374178, -0.141142, -1.588257, -1.370456, 0.745315, 0.598215, -1.158931, 0.276202, -0.373001, -0.620902, -0.618688, 1
1.360401, 0.171551, 0.353259, -0.579533, 0.457664, 0.235490, 1.697176, -0.640447, -0.391906, -1.698902, -0.581941, 0.796618, 0.190418, -1.426800, -1.847023, -0.131112, 0.452465, 0.511194, 0.701356, -0.124271, 0.298016, -0.001038, -0.793100, -1.235370, -1.184254, 0.309152, 1.187235, 0.511037, 0.268551, -0.546534, -0.551239, 1.036625, 1
-0.552019, -0.032390, 1.027864, 0.321637, -0.631992, 1.051836, 0.350692, 0.811033, 1.207659, -0.144778, 0.439194, -0.167703, -0.276348, -0.346634, -0.191079, 0.084446, -2.278102, -1.188312, -0.447451, 1.097792, -0.981861, 1.327444, -0.288599, 0.422563, 0.349529, 0.291792, 0.888769, 0.398252, 1.336133, 0.890720, 0.928531, -0.785193, 1
1.231146, -0.237727, 0.333341, 0.018158, -0.289258, -0.075654, -0.228335, -0.010690, -0.074906, -0.171196, -0.646520, 0.130949, -0.611079, 1.416370, 2.656441, 0.615495, -0.961303, 0.643192, -2.578788, 0.061237, -1.652544, 0.694628, 0.513252, 1.032615, -0.158704, 0.318136, -0.630488, 0.072767, -0.560130, 1.072892, -1.012483, -0.511277, 1
-0.111732, -0.356697, -0.272682, -0.488472, -0.277759, 0.675545, 1.262498, -0.511478, -1.333626, -0.657670, 0.077493, 0.822433, 0.156081, -0.242661, 0.755002, 0.295864, -1.756688, 1.022046, -0.248700, -0.237438, -0.518024, -0.056401, -0.738783, -1.160000, 0.593054, -0.012371, -0.100803, -0.759310, -1.426171, -0.253187, -0.190681, 0.085604, 0
-1.293441, 1.296077, 1.260187, -0.394205, 0.219895, -1.674982, 0.306370, -0.789860, 1.150698, -0.885919, -0.143957, 0.290558, -0.039522, -1.257279, 0.518068, -0.289044, 0.438397, -0.255926, 1.095619, -0.441748, -0.678661, 0.560677, -1.283010, -0.900000, -0.081834, 0.754117, -0.970145, 1.263654, -0.584809, 0.371361, -0.136378, 0.275590, 0
-1.017777, -0.924594, -0.736537, -0.426489, 1.625417, -0.319071, 0.299809, 0.035457, 0.071504, 0.540694, -1.034632, -0.393502, -0.460968, -1.012578, 0.482303, -0.699756, 0.519958, -0.493288, -0.508976, -0.557840, -0.028136, -0.220471, -1.604381, 0.080300, -0.152979, 0.739651, 1.291340, -0.359788, -0.226391, -0.604272, -0.781006, 0.382812, 0
-0.573438, 0.099740, -0.089386, 0.908446, -0.088343, -0.119731, -1.008659, -0.393221, 0.664448, -0.171960, 0.253119, 1.041323, 0.340956, -1.241872, 0.448101, 0.343792, -0.468049, -0.200589, -0.056605, 0.918407, -0.962800, 0.260017, -0.126598, 0.495585, -0.380085, -0.313186, -1.004432, 0.463889, 0.019754, -1.255334, 0.179816, -0.125752, 0
-0.729746, -0.189151, -1.388695, 0.845751, 1.661825, -0.084468, 0.080144, -0.229581, 0.463350, -0.544039, -0.152468, -0.175025, 0.237500, 0.019549, -0.126024, 0.233433, -1.420236, 0.362322, -0.608879, 1.440207, -0.998172, 1.054894, -0.118215, -0.023149, -0.146261, 0.297073, 0.282771, 0.039216, 0.004515, -0.523865, 0.048990, -0.052786, 0
-1.615517, -0.243860, 0.665904, -0.869316, -0.059678, 0.607107, 0.664718, -0.687248, 1.829275, -1.272802, 0.164363, -0.294327, 1.282682, -0.237880, 0.092077, -0.490176, -0.323361, -0.308023, 0.201677, 0.835759, -0.162925, -1.144325, -0.070810, -0.409649, 1.194085, 0.008940, -0.062420, -0.861677, -1.094877, -0.509252, 1.054009, 0.280030, 0
-2.389504, -0.227352, 0.870393, 0.880390, 0.146252, -0.747339, 0.494725, -0.329115, 1.193340, -0.533954, -0.177374, -0.292713, 0.246468, 0.381880, -0.013162, -0.175640, -0.783296, 0.276447, 0.252959, -0.593314, -0.408424, 0.194104, 0.240954, -0.130707, -0.027310, 0.368900, -0.108326, 0.200651, -0.528696, 0.670983, 1.015625, -0.529834, 0
-0.404391, -0.429786, -0.150075, 1.473599, -1.129441, -0.112743, 0.640094, -0.898549, 0.184753, 0.302931, -1.033231, -0.762158, -0.200543, 1.639948, 0.979159, 0.099001, -0.490062, 0.060153, 0.533441, 0.622988, -0.297429, 0.811328, 0.560639, 0.465544, -0.259536, 0.012331, -1.066712, 0.947748, -0.724901, 0.299346, -0.833761, -0.535423, 0
-1.291582, -0.140326, 0.462468, 0.599263, -0.930081, -0.005036, 0.957566, 0.227268, 0.096174, -0.541604, -0.519730, 0.101406, -0.078476, -0.415627, -0.120406, -0.379147, 0.490271, -0.215018, -0.074013, 0.464131, 0.466745, -0.233262, 0.640660, 0.168317, 0.452551, -0.630755, 0.911864, -1.229537, 0.915929, -0.241991, 1.116463, 0.141066, 0
-1.499127, -0.593883, 0.698238, 0.245524, 0.267645, -0.167008, 0.874585, 0.345294, 0.163253, 0.008236, -0.113211, 0.964023, -0.725427, 0.430453, 1.470218, -0.462952, -0.292825, 0.083868, 1.200548, -0.968622, -0.052067, 0.795525, -0.165788, -0.272146, -0.339230, 0.672233, 1.094027, -1.192563, 0.396190, 1.050636, -0.547791, 1.041520, 0
-1.549641, 0.728509, -0.097718, -0.418708, -0.038518, 0.336213, -0.677253, 1.009584, 0.407416, 1.155712, -0.312006, 1.025829, 0.761799, 0.114863, -0.987208, -0.255280, -0.432913, -0.129625, 0.941609, -1.066469, 0.682473, 0.104978, -0.327338, 0.276656, 0.635280, -0.394346, 0.245376, 0.130510, 0.736251, -0.533746, -0.582916, -0.410491, 0
-0.747872, -1.290854, -1.127778, 0.068906, -1.047418, 0.843457, -0.626147, 0.444100, 0.989007, -0.575142, -0.762844, -0.413525, -0.458416, 0.137004, 0.315922, -0.411210, -0.836102, -0.371978, -0.014384, 0.697883, -0.632043, -0.295083, 1.227570, -0.198501, -0.034162, 0.641379, 0.729233, 0.197835, -0.496877, 0.824626, 1.704651, -0.888051, 0
-0.079123, -0.466722, 0.008792, -1.147187, 0.117577, 0.872446, -0.625007, 0.315150, -0.167503, -0.704001, -0.245353, -0.177238, 0.602834, -0.919582, 0.271151, -0.674044, 0.427045, 0.566620, -0.111590, 0.708590, -0.553402, -0.588247, -0.718767, 0.428941, 0.219343, 1.088483, 0.842660, 0.152610, -1.424060, 0.029892, -0.646872, 0.480216, 0
-0.966769, 0.156881, 0.655360, 0.036224, 1.291279, 1.569690, -0.288334, 0.389482, 0.240472, 1.025209, 0.695855, -1.629998, -0.889950, 0.116320, -0.323835, -0.054957, -1.658117, -1.031654, -1.156841, 0.081026, -0.476685, 0.967722, 0.436776, -0.172039, 0.678698, -0.342888, -1.276885, 0.269859, 0.038937, -0.303511, 1.313284, 1.165771, 0
-1.599008, -1.293951, -0.165206, 0.287754, -1.398343, -1.169777, 0.445619, 0.576161, -0.084148, 0.516135, 0.507247, -0.860137, 0.704399, 0.078768, 0.131351, 0.920813, -0.843745, 0.115681, 0.114740, 1.084827, 0.217935, -0.675556, -0.395540, -0.033307, 1.377461, 0.107286, -1.000568, 0.959162, -0.134095, 0.187607, 1.328639, -0.009524, 0
-0.685263, -0.881625, -1.231025, -1.163824, 0.995707, 0.597403, 0.532455, 1.461066, 0.219148, -0.411922, -0.054640, -0.506034, 0.070452, 1.189851, -1.929073, 1.132484, 0.608394, -1.421869, -1.788831, -0.485889, 0.650684, 0.721974, -0.273584, -0.329777, 0.173539, -0.394509, 0.958809, -0.171428, -0.940560, 0.463359, 0.142913, 1.367469, 0
-1.538547, 0.692141, -1.006500, 0.633798, -0.354953, 0.517166, 0.081984, -0.712908, 0.374849, 1.002476, 0.498470, -0.921360, -0.133138, 0.923711, -0.718058, 1.301037, 0.584395, -1.165152, -0.760352, 0.161233, 0.351634, 0.744193, 0.756589, 0.874168, 1.279900, 0.905384, -0.303817, -1.292381, -0.246739, 0.547405, 0.051255, -0.036094, 0
-1.681735, -0.792037, -0.647656, 0.996250, 0.661523, -0.134508, 0.123603, -0.029792, 0.584108, -0.297688, 0.748907, 0.844213, 0.186067, -0.087931, 1.046696, -0.402564, -0.146091, 1.042510, -0.410062, 0.108141, -0.572841, 1.007182, 0.233763, -0.663466, -0.307747, 1.338943, -0.069466, 0.761170, 0.889642, 0.790014, -1.237021, 0.396662, 0
-1.427917, 0.131430, 0.216691, 0.165183, 1.217583, -0.539149, -1.008716, -0.307349, -0.639669, -0.705720, -1.061680, 0.437199, -0.321721, -0.174608, 0.692716, -0.126351, -1.239331, 0.370561, 0.540265, 0.272901, 0.667465, -0.262753, -0.229182, 0.205248, -0.159422, -0.141495, -0.045141, 1.159988, 0.359775, 0.321955, -1.291533, 2.339629, 0
-0.778537, 0.016855, -0.268358, 0.953881, 0.163726, -1.038304, 0.954871, 0.066384, 0.937227, -0.375494, -0.451558, -0.671950, -0.180766, 0.132645, -0.647110, -0.805005, -0.327438, 0.563876, 0.879279, -0.078669, -1.651671, 0.081984, -0.030371, 0.652145, -0.218224, -0.238793, 0.035052, -0.189470, -0.347563, 0.997740, 0.635996, 0.538685, 0
-2.220239, 0.524935, 0.392655, -0.004333, -1.392654, 0.793383, -0.270936, -0.789055, 0.198650, 1.404638, 0.509687, 0.496028, -1.546000, 1.124120, -1.190247, -0.022194, -0.359365, -0.564956, -0.061943, 0.047171, 1.453482, 0.102578, 0.800798, -0.959244, -0.878333, 0.388750, -0.209283, 1.376617, -0.441282, 0.077728, -0.617743, -0.084430, 0
-0.687994, -0.062628, 0.475898, -0.824824, 0.465415, -0.132259, 1.112035, 1.809170, -0.697882, -1.880210, -0.734262, 0.502397, -0.169670, -0.523770, 0.499770, -0.297670, -1.140121, -0.209481, -0.375168, -0.686589, -0.107589, 0.003623, -0.316484, -0.275545, 0.037551, -0.217820, -0.384460, 0.153754, 1.204001, -1.058538, 0.735777, 0.341879, 0
-3.067130, 0.582222, -0.746450, -1.096214, 1.463222, -0.006987, 0.939638, -1.769320, 0.280131, 0.345665, 0.637160, -0.194321, -0.456251, 0.341178, -0.519622, -0.186195, 0.603940, 0.507996, 1.496690, -0.599722, -0.427249, -0.397924, -1.441023, 1.503932, 0.814373, -0.532423, 0.300349, 0.325412, -1.469965, -1.437846, -0.677930, -0.355758, 0
-1.348103, 0.337837, 0.603269, 1.141437, -1.023695, -0.324187, 0.069749, -0.272871, -0.191296, -0.222654, 0.451345, 0.693826, -0.399160, 0.004490, -0.345132, 0.092664, -0.625980, 0.337215, 0.695991, 0.275994, -0.042745, -1.858695, -0.965995, -0.036876, -0.244391, -0.008929, 0.917331, -0.890821, 0.617445, -0.929663, 0.260271, 0.625889, 0
-0.708240, 0.222762, -0.583376, -1.038427, 0.219105, 1.237906, -0.295991, -0.392613, -0.312818, -0.254773, -0.978468, 1.257502, -0.415046, -0.820481, -0.113414, 1.690795, -0.490701, -2.142319, 1.102138, 0.063080, 0.761208, 0.497754, -0.053325, -0.863071, -0.426219, -1.113007, 0.627349, -0.009479, -0.248892, -0.095753, -0.210863, -0.489276, 0
-1.080064, -0.414650, -0.362768, -0.147866, -0.005615, 0.286547, 1.138301, -0.763743, 2.193916, 0.236359, 1.245949, -1.000024, 0.068141, -0.209313, 0.801084, -0.681849, -0.625643, 0.079470, -0.142405, 0.362819, 0.634588, -1.109710, 0.403190, -1.313205, 0.289819, 0.679416, -0.928977, -0.199920, -0.645105, -0.873741, 0.758137, -0.004699, 0
-0.480646, 0.270210, -0.081761, 0.429469, -0.566331, -0.838818, -1.412279, -0.678545, 1.028063, 0.095410, 0.806690, -0.619461, 0.009755, -1.136906, 0.285290, -0.679868, 0.135381, -0.058096, -0.362861, 1.085639, -0.148489, -1.108914, 0.004576, -0.102437, -0.479460, 1.003080, 0.707307, -1.398834, -0.794255, -0.505481, -0.228586, 0.340299, 0
-0.753308, -0.782740, -0.427691, -0.552308, 0.418131, -0.196428, 0.872551, 0.067241, 1.530538, 0.323247, -0.445709, -0.692869, 0.613473, 0.765934, -0.605862, -0.085871, -0.793986, 0.524913, 0.548259, 1.555722, -0.361243, -0.899346, -0.108473, -1.755412, -0.404441, -1.385509, -0.089399, 1.707755, 0.826850, 0.385487, 0.546489, -0.704470, 0
-1.353831, 0.243070, 2.291102, -0.970740, 0.744904, 0.445409, -0.074425, -0.531987, -0.265324, -1.582757, 0.481477, -1.252663, 0.797269, 0.396122, 0.042200, -0.580816, -0.534112, -1.297966, -1.847996, 0.417832, -0.186439, 1.746063, -0.031125, -0.219767, -0.922885, -0.698078, -0.415279, 0.506340, -0.625803, -0.194216, -0.182399, 0.681599, 0
0.302133, 1.303720, 0.281092, -0.020945, -0.052247, -0.000081, -0.047153, 0.719949, -0.293675, -2.081383, 0.925576, 0.658597, 1.321721, 1.225272, 0.257746, 0.268354, -0.658225, -0.721527, -0.050931, 0.203217, -0.349418, 0.207320, 0.093200, -0.732765, 1.328312, 1.258893, 1.742666, -0.176095, -1.063890, 2.576319, -0.432018, 0.181363, 0
-0.880864, 0.872732, 0.949089, -0.417391, -1.106765, -1.297871, 0.198702, 1.066339, -0.555592, -0.187209, -0.634621, 0.255449, -0.507496, -0.847023, 0.073352, -0.970065, 1.572600, -0.918003, -0.759806, 1.482929, 1.250805, -0.213812, -1.146062, -1.053252, -0.382296, -0.380073, -0.831224, -0.851985, 0.078681, 0.999266, -0.150745, 0.001801, 0
-2.933391, 0.543319, 0.101144, 0.895054, -0.665926, 1.264527, 0.427147, -0.282485, -0.864458, -0.162457, 1.477142, 0.463119, -0.437919, 0.518222, 0.913579, -0.325057, -0.044719, -1.791304, 1.413936, 0.876267, -0.001068, 0.572181, 0.697275, -0.419223, 0.848493, -0.645495, 0.630883, -0.117848, 1.245716, 0.504459, 0.829658, 0.266276, 0
-0.494151, 0.165049, 1.087113, -0.610292, 1.134876, -0.620502, 0.388577, -1.004059, 1.583128, -0.665427, 0.060087, 0.343126, 0.720124, -0.420332, -0.579293, -0.013758, -0.511904, 0.073868, 0.202974, 0.390647, 0.190333, -1.047984, -0.541427, -0.451180, -0.392530, -0.488216, -0.304091, -0.009789, -0.457989, -0.457557, 1.334203, 0.746180, 0
-1.794204, 1.018152, -0.011690, 0.460019, -2.851289, -0.574255, 0.349670, 0.475061, -0.004046, 0.705914, 0.258526, 0.933388, -0.217957, -0.447656, -0.458578, 0.431382, -0.661509, 0.400163, -0.967208, 0.793991, 1.213568, 0.488405, -0.966902, 1.929457, 0.760960, -1.563274, -0.074187, 0.618656, 1.021022, -0.048563, -0.270937, 1.643343, 0
0.096447, -0.528868, 0.366047, 0.379022, 0.817118, -0.969505, -0.358912, 0.773509, -1.469136, 1.317685, -0.309084, -0.656738, -0.677290, 0.362715, -1.875009, -0.264516, 0.491288, 1.882134, -0.622639, 0.055381, -0.998774, -0.316468, -1.074769, 1.068856, -0.229828, -0.054110, 1.385034, -0.356548, -1.112793, 0.255133, 0.488000, 0.377971, 0
-1.269575, 0.325521, -0.566364, -0.003260, 0.638190, -0.650254, 0.083585, 0.654496, 0.175426, -0.512194, -0.304351, 1.111069, -0.281811, 0.782497, -0.736672, -1.139227, 0.131768, 1.588740, -0.483947, -0.878221, -0.819780, -0.464825, 0.948479, -1.792022, 1.211486, -0.398949, -0.872291, -0.364775, 0.886834, -1.003244, 0.381751, -0.992222, 0
-0.966097, 0.824255, 0.598746, 0.313222, 0.813946, 0.517444, 0.489095, 1.304362, 0.274521, -0.557155, 0.156245, 0.230945, -0.536284, -0.410022, 0.782409, -0.903083, 0.884574, 0.170956, 0.808028, -0.181171, -1.598903, 0.778369, 0.438694, -0.939605, 0.350590, 1.246032, -0.019963, -0.345701, -1.744801, 0.057392, 0.467370, -0.046132, 0
-0.062511, 0.820091, 0.755091, -1.125880, -0.122084, 0.550142, 0.194165, -0.910398, -0.121770, -1.444003, -0.684816, 0.088689, 0.597100, 0.428166, -0.058213, -0.842821, -0.405212, -0.398481, -0.204106, 0.390386, 0.323303, 0.457680, -0.377975, 0.531563, -0.826219, 0.926214, 0.288859, -0.069630, 1.083989, -0.220263, -0.853810, 0.263458, 0
-0.189152, -1.548678, -0.986607, 0.201710, -0.082853, -1.009529, -1.162885, -0.656355, 1.958666, 0.470962, 1.431050, -0.606371, 0.128086, 0.115250, 0.292779, 0.834505, -0.298674, -1.065442, 1.851438, -0.372147, -0.965342, 0.188145, -0.329986, -0.040535, -1.485509, 0.422344, 1.083283, -0.235821, -0.985860, 0.626902, -0.153944, 0.100385, 0
-1.057492, -1.402266, -0.453820, 0.119991, -0.663201, -1.097688, -0.919209, -0.639405, -0.017864, 0.464706, -0.818652, 0.829373, -1.581752, -0.685238, 1.135414, 0.506645, 0.450313, 1.091400, -0.499085, 0.136085, 0.282815, 0.563220, 0.238053, 0.036424, -1.620504, 0.643512, 0.997047, 0.547315, 0.335243, 1.306136, 0.195186, 1.531602, 0
-1.945290, -0.687842, -0.170424, 0.235158, -0.241779, 0.996573, -1.147243, 0.118068, 0.148582, 0.264181, -0.120192, 0.405979, 0.002247, 0.033962, -0.125040, -1.077974, -0.370165, 0.179239, 0.265618, 0.789371, 0.221580, 0.257049, 0.264292, 0.132142, 0.869069, -0.864766, -0.396899, 0.246645, -1.076634, -0.851944, 0.388291, -1.766360, 0
-0.410244, 1.283014, 0.462683, 0.843385, 0.228459, -0.314759, 0.329826, 0.328186, 1.112204, -0.973308, 1.206794, -1.190854, 0.375801, 0.341158, -0.357563, 0.340336, 0.362185, 1.318477, -0.744167, 0.488846, -0.084158, -1.526971, 0.008753, 1.243536, -0.720577, -0.196956, 0.461937, -0.934072, -1.956889, 0.813561, -1.266340, 1.225672, 0
-3.451927, -0.056782, 0.175997, 0.629520, 1.018189, -0.658146, 0.782021, -1.118059, -1.393972, 0.646690, -0.769073, 0.806085, -0.096828, -1.317054, 0.157151, -0.928993, -0.771037, -0.213787, 0.081422, -0.710891, -0.169678, 0.200353, 1.094362, -1.000912, -0.171458, 1.851635, -1.607874, 0.865599, 1.129114, 0.093151, 0.070590, 0.794500, 0
-1.900774, 0.472204, 0.378166, 1.856462, 0.858399, -0.767777, -0.248231, 0.996406, -0.543118, -0.597895, 1.475974, -0.181093, -1.164868, -0.447001, -0.137390, -0.680568, 1.292442, -0.176476, -0.525153, -0.020570, -0.141898, -0.286146, 0.608205, -0.160533, 0.353022, -0.494882, -0.343359, 0.706488, -0.102472, 1.048728, -0.178116, -1.080385, 0
-1.101290, 1.110473, -0.464365, -0.800633, 1.289161, -0.854770, 0.367228, 0.190586, 0.204752, 1.426816, 1.280092, 0.368954, 0.973284, -0.236271, 0.151317, 0.897480, -0.032102, 0.589042, 0.362053, 0.227033, -0.337568, 0.215782, 0.956932, 0.242865, -0.821196, -0.912591, 1.078762, -0.725765, -0.607842, 0.933543, -2.292429, -0.393580, 0
-0.494276, 0.841722, -1.122744, -0.256411, -0.683606, 0.765688, -0.342909, -0.203250, 0.544633, -1.096829, 0.095368, 0.965533, 2.062230, 0.048783, 1.186757, 0.436949, -0.317174, -0.273763, -1.486659, -0.581554, 0.009630, 0.548613, -0.398191, 1.381774, -1.260967, 0.915734, 1.085487, 0.623264, 0.269771, -0.236336, -0.346091, -1.014675, 0
-0.838133, -1.151800, -1.499154, -0.780150, -0.171834, 1.477010, -0.280631, -0.782285, -0.864499, 1.195898, 0.454786, 0.761060, -0.487704, -1.075583, -0.144604, 0.184441, -0.363990, 0.353791, -0.330439, -0.277677, -2.092740, -0.001640, 0.917818, -1.703913, 0.457614, -1.061918, -0.282067, -0.873111, 1.933391, -0.436404, -0.265460, -0.183573, 0
-1.236827, -1.101955, -0.815105, -0.734157, 0.597049, -0.390763, -0.337106, 0.036170, 0.646406, 1.228152, 0.546965, 0.192793, 0.620385, 1.557067, -0.595499, 0.310166, 0.025522, -1.118862, -0.323154, 0.135669, 0.227541, -0.774122, -0.630386, 0.797377, 1.396825, 0.686289, 0.574567, -0.144191, 0.080822, 0.576023, 0.696431, 1.655384, 0
-0.693715, 0.878877, -0.287272, -0.418498, 1.225017, 1.023190, 0.184447, 0.789300, 0.748959, -0.620330, -0.266763, 0.170312, -1.907762, 0.392155, 0.299639, 0.112948, 0.788985, 0.271539, -0.059997, 0.900038, -0.758829, 0.391517, 0.198767, 0.497488, 0.875805, -0.170720, 0.738686, -1.367288, -0.364305, -0.406189, -0.163611, -0.309093, 0
-1.094771, 0.525667, -0.168723, -1.070324, -0.440989, 1.497887, 0.170757, -1.404713, 0.184045, 1.301080, -0.358668, -0.886847, 0.628822, 0.726341, -0.076477, -0.590814, 0.353989, 0.154198, 0.988345, -0.870120, -0.495860, 0.121938, -0.454036, 0.437962, -0.705779, -0.102206, 1.266499, 0.071317, -0.834572, 0.884584, 0.525733, 0.311017, 0
-0.426133, 0.703422, -0.184506, -0.366038, -0.713537, 1.075620, -0.420596, 0.146735, 0.089187, 0.853317, 0.073941, 0.166139, 0.268689, -0.034440, -1.625731, -0.343246, -0.283876, -0.292205, 0.047446, 0.072273, -0.818357, -0.323180, -0.660784, -1.936195, -0.804129, -0.049454, -0.003417, 0.552029, 0.237816, 0.100774, 0.609299, 1.112369, 0
-0.343029, -0.509200, -2.024711, -0.352421, -0.541348, -1.178159, -0.453243, -0.967253, -0.084107, -0.704989, -0.361492, 1.215002, -1.460865, -0.178730, -0.029810, 0.652303, -0.125619, 0.404008, 0.169797, 0.375040, -0.286190, 0.385175, 0.420298, 1.173127, 1.186762, -0.040710, 1.241834, -0.556139, 0.458534, 0.362484, 0.020410, 1.566273, 0
-0.313792, -0.584982, 1.162420, 1.769739, 0.499429, -0.231894, 0.758120, 0.539427, -0.514441, 0.542548, -0.697924, -0.574495, 0.569731, -0.322720, 0.934741, -0.109219, -0.665736, -0.362627, 0.915846, 1.099973, 0.676861, 0.294635, -1.019083, 1.187460, 0.955812, -0.438794, -0.479434, 0.041821, 1.069320, 0.610758, 0.713131, 0.063052, 0
-0.406328, -0.242729, 0.511092, -0.021811, -0.595715, -0.286003, -0.676388, 0.062375, -0.132244, 0.594476, 1.470407, 0.749162, 0.033551, 1.579068, 0.236706, -1.017509, 0.746131, -1.709260, 0.294883, 0.737448, -0.939001, -1.149412, 1.624877, -0.030097, 0.536648, -1.154797, -0.120533, 0.889923, 1.856089, -0.006549, 0.845183, 0.453318, 0
-0.520083, -0.095348, 0.944003, 0.208219, 0.070757, 0.590429, -0.527505, -0.091849, -1.462790, -0.476909, -0.175929, -1.026775, 0.748277, -0.878369, 1.210895, 0.223239, -0.441109, -1.423186, 1.652436, 0.930184, 0.742114, 0.540656, -0.250782, -0.335024, 0.535943, -0.442330, -0.726680, 0.849489, 0.001846, 0.647857, -0.384295, 0.395345, 0
-0.929189, 1.502204, -0.796835, 0.171625, 0.195777, -0.834755, -0.108283, 0.998730, -1.318328, -0.336601, 1.002670, -0.965503, -0.159870, 0.446272, 0.218763, -0.554183, -0.078663, 1.275586, -0.133770, 0.092168, 1.275983, -0.121348, -0.619903, -0.264703, 0.477555, 0.692989, -0.194658, -0.439212, 0.854041, -0.021683, -0.382399, 1.695009, 0
-1.691211, -0.586480, -1.919580, -0.187268, -1.195108, 0.351584, -0.350885, 0.938183, 0.623383, 0.566053, 0.304025, -0.032806, 0.640745, 0.255799, 1.533083, 0.753729, 0.449239, -1.628965, 0.049931, -0.244538, -0.075495, 0.561728, 0.502014, -0.706175, -0.329304, -0.400990, -0.848124, -1.377449, 0.209510, 0.074027, -0.375667, 0.206920, 0
0.083719, 1.519708, 0.454702, 0.257008, 0.529724, -0.060753, -0.631356, -0.453526, -1.263068, -0.659641, 0.062542, -0.420501, -0.193331, -0.154285, 0.475818, 1.088865, -1.122891, 0.706998, -0.037152, 0.244970, 0.982744, 0.379914, -0.087877, -0.776142, 1.151718, 0.350317, -0.082083, -0.921749, 0.107820, 1.107991, -0.481624, -0.153770, 0
-0.974505, 0.826456, -1.009327, -0.759690, 0.286748, 0.459534, 0.315224, 0.390848, 0.146633, 0.184140, -0.465024, 0.235607, -0.668796, -0.286052, -0.286501, 0.563157, -0.825980, 0.776648, 0.494011, -0.344769, 0.318526, 1.403348, -0.342164, 0.933999, -0.847451, -0.143825, -0.695872, -0.809833, 0.455695, -0.093587, -1.208965, 0.193132, 0
-1.402079, 0.416734, -0.770708, -0.728481, -0.689583, 0.464361, 0.124480, -1.492746, 0.934213, 0.810666, 1.268995, -0.893633, -1.516153, 0.239851, 0.504637, 0.259264, -1.666853, 2.240258, 0.830806, -0.004925, 0.396108, 0.539020, -0.801062, 0.478487, 0.289664, -0.567872, -1.554321, -0.299310, -0.771492, 0.969571, 1.035510, -0.378663, 0
-1.834558, -0.489518, -0.082452, -0.659488, -0.074913, -0.085197, -0.601964, 0.435291, 1.563238, -0.897141, 0.052086, 0.063672, -1.046195, 1.996094, -0.610313, -0.738160, 0.670412, 1.261438, 0.773601, 0.010195, 0.302874, 0.453049, 0.334818, 0.402498, -1.446611, 0.438297, -0.437928, 1.182942, 0.113109, -0.004078, -1.104464, -0.512638, 0
-0.061079, -1.139702, 0.078620, -0.953179, -1.194319, 0.457672, 0.306421, 0.253079, 1.474437, -0.028558, -0.341753, -0.131447, -0.453157, 0.154548, -0.128073, 0.276976, -0.231292, -0.450513, -0.278177, 0.035237, -0.301662, 0.993978, 0.011139, -2.434062, -0.977997, -0.830226, 0.914395, 0.823833, 0.035322, 1.004054, 0.621631, 0.229052, 0
-1.977057, -1.249378, 0.204508, -0.673449, 0.224764, 0.053387, 0.118841, -0.240895, -0.696397, -0.438615, 0.154305, -0.019208, 0.016019, 1.139922, -1.596222, -0.455832, -0.633726, -0.465249, -0.114024, -0.229500, 0.688310, -0.055741, -1.644349, 0.640781, -1.197021, -0.647557, -0.395626, 0.240357, -0.174698, -0.111444, -0.271815, -0.050716, 0
-1.474877, 0.234380, 0.767524, -0.773720, -0.562064, -0.067997, 1.207014, -0.717381, 0.545704, -0.501649, -0.420319, 0.166430, -0.291804, -0.552017, 0.120649, -0.029295, -0.478157, -1.403086, 0.135732, -0.944687, 0.069479, 0.397184, 1.843894, -0.402187, -0.314066, -0.987317, 0.067323, -0.787151, -0.931653, 0.580015, 0.022193, 1.087098, 0
-0.921632, 0.426322, 1.440182, 0.089196, -0.252016, 0.883904, 0.108960, -0.695267, 0.206165, -0.044450, 0.499249, -0.158315, -1.036397, 1.123378, -1.105297, 0.751297, 1.030276, 0.132089, 0.468297, -0.712592, -0.118388, 0.718249, 0.851639, -0.119632, 1.379373, 0.519586, 2.079581, 0.956362, 0.099744, 0.399186, -0.371079, 1.386580, 0
-0.810351, -1.314629, -0.544499, -0.597996, 0.666760, 0.527051, -0.884839, -0.352743, 1.555084, 0.673322, -0.519994, -0.366297, -0.138931, -0.017097, 1.329140, 0.153074, 0.252372, -0.378708, 0.859662, -0.569386, 1.489509, 0.552624, 0.080150, 0.671411, 0.122440, -0.535055, -0.421265, -0.320609, -0.260422, 0.525340, 0.296680, -1.534907, 0
0.355099, -0.004370, 0.602497, 1.442695, 0.375505, 0.629602, -0.316501, 1.183925, 0.333009, 0.007667, -0.250791, 0.354489, -0.247409, 0.701829, 0.446819, 0.522291, 0.762755, 0.098547, -0.434201, 0.170689, 0.522690, -1.163448, -0.427730, -0.867999, 0.312748, -0.236666, 1.090626, 0.936976, -0.560642, 1.356791, 0.437030, -0.366716, 0
-2.063495, 0.053093, 0.853140, -1.820081, 1.009599, 0.742795, 0.097049, 0.142693, 0.364574, -0.335851, -0.645960, 0.417584, -0.245565, 0.192771, 0.332490, -0.272811, 0.631974, 1.184170, 0.358166, 1.056382, 0.246231, 0.673966, -0.595140, -1.544502, -0.420405, 0.612489, -0.470533, -0.108740, 0.235610, -1.006115, 0.722196, 0.316293, 0
0.083361, -1.172219, 2.302141, -0.308846, 0.642643, 1.782723, 1.185532, -1.058141, 0.904371, -0.128364, 1.214761, 0.417172, -1.259658, 0.452558, -0.697117, 0.559634, 0.764500, -0.560259, -0.092460, -0.517556, -1.540055, 0.528100, 0.239047, -0.374040, 0.343816, 1.064502, 0.141060, 0.170239, 0.656842, 0.249627, 0.402046, 0.280893, 0
-1.575745, 0.033188, -0.038841, 0.261125, -0.227149, -0.165132, 0.095990, -0.164044, -0.252450, 0.692655, -0.600095, 1.285550, 0.246113, 0.253846, 0.016273, -0.083199, -0.090950, -0.161594, -0.234504, 0.747807, -0.131925, -0.934328, -0.113936, -0.232427, 0.269005, 1.778035, -0.160352, 0.829628, -0.913141, -0.424100, -0.344505, -1.116089, 0
-0.738950, 0.591854, -1.017207, -0.430195, 0.348188, 0.207327, -0.453388, 1.233119, -0.557551, -0.264061, 0.365957, 0.342858, -0.045549, -0.133827, -0.826887, -0.610927, 0.546708, -0.430192, 0.176530, -0.360807, 0.293654, 1.391377, -0.296738, -0.336417, -0.951973, 0.012840, 0.931545, 0.072017, -0.376503, 0.110409, -0.160376, 1.398862, 0
-1.192667, 0.479233, -0.966266, 0.289171, 0.520256, 0.523046, -1.727419, -0.383863, 1.091099, 0.044158, 0.690774, -0.895576, 0.936042, -0.627577, 1.419014, 0.481726, 0.233255, 0.425412, 0.070124, 0.850731, -0.299492, 1.047614, 0.301113, -0.647412, -0.032472, -0.447594, 0.619009, 1.072352, 0.698082, -0.714675, -0.439488, 1.024369, 0
-0.704083, 1.380557, -1.007021, 0.823594, 0.828057, -0.016304, 0.848768, -0.417581, -0.347538, 0.754135, 0.834285, 0.595759, 0.424050, -0.304840, -0.063471, -0.931735, 0.535005, -1.004381, -0.554129, 0.439517, 1.179944, -1.348161, -1.159266, -0.614248, -1.096456, 0.594434, -1.035311, 0.061700, -0.697735, -0.701713, 0.391128, 0.423338, 0
-1.050705, -0.845488, -0.910749, 0.727539, 1.305432, 0.807506, -0.079868, 0.556514, 1.501758, -0.551718, -0.142690, -0.943327, -0.766357, 0.473477, 0.412794, -0.877205, -1.035986, 0.332124, -1.336245, 0.515748, 0.372470, -0.238005, 0.153047, 0.190479, 1.218862, 0.680983, 0.695730, 0.684281, 0.498978, -0.395068, -0.264038, -0.169565, 0
-0.421555, 0.799187, 0.873848, 2.360541, -1.010247, 0.552471, -0.528533, 1.320733, 0.851177, 0.330588, -0.103492, -0.042176, -0.231004, 0.832821, 0.856488, 0.701683, -1.103752, 0.684870, 0.323797, -1.088672, -0.329184, -0.096443, 0.915480, -0.004788, -0.534459, 0.738143, 0.546640, 0.461116, -0.010656, 0.435478, -0.156056, 0.274425, 0
-1.541574, -0.150036, 0.839813, 1.934898, -1.853108, -1.469082, -2.392320, 1.180583, -0.604685, 0.747708, -1.172415, -0.579334, -1.067700, -0.348307, -0.472214, 0.682871, -0.465685, 0.514665, 0.083000, 0.354923, 0.594392, -1.281931, -1.433095, 0.019714, 0.276943, 0.041361, -1.711400, 0.407700, -1.542691, -0.377491, 2.760466, -2.013283, 0
-1.039176, -0.733930, 0.806470, 0.000282, -1.357019, -0.477351, 0.088150, -0.002478, -0.870311, -0.673893, 0.354023, -0.786835, -0.593826, -0.537902, -0.358986, -0.747756, -1.267503, -0.698267, 0.219307, 0.794699, 0.100833, 0.682809, 1.556083, -0.980528, -0.362983, -0.396926, -0.880571, 0.933522, 0.001533, 0.672973, 0.052897, 0.417011, 0
-0.655067, 0.959730, -0.076229, -0.426746, -0.264380, -1.360826, -0.401187, 1.156046, -0.723545, 1.011727, -1.203030, 0.634742, -0.691934, -0.769945, -1.368522, 0.234973, 1.026073, 0.590917, 0.089888, -0.248418, -2.421454, 0.267146, 0.302734, 0.758481, 1.786453, -0.063768, 0.487175, -0.403347, 0.493653, 0.024460, -1.248412, 1.020358, 0
-1.731322, -0.455540, -0.855870, 0.451986, -0.528521, -0.676283, -0.155332, -0.606770, -0.838935, -0.773077, -0.470465, 0.528443, 0.294405, 0.677616, -0.135694, 0.731013, 0.143363, -0.523743, -0.996651, -0.730802, -0.212189, 0.313988, -0.081062, 0.061440, 0.175830, 0.601390, 0.215008, -0.248817, 0.484630, -1.067426, 0.572994, 1.600144, 0
-0.635635, 0.737665, -0.599060, 1.308851, 0.533825, 0.205132, 0.049122, -0.816517, 0.640588, 2.279860, -0.686975, 0.701529, -1.512659, -0.798325, -1.653651, 0.012270, 0.522378, -0.561929, 0.896457, 0.708027, 1.058219, -0.449602, 0.985482, 1.099970, 0.232365, -0.995422, 1.712697, 0.708467, -0.756275, -0.926465, 1.254200, -0.318555, 0
-1.225180, -0.716879, 0.054117, 0.245886, -0.134809, -0.356727, 0.628730, 0.346318, 0.596371, 1.277426, -0.699170, -2.073785, -0.591428, -0.233101, -0.240504, -0.616786, -0.306648, 1.040278, -0.728479, 0.350663, -0.666452, 0.931702, -0.100197, -1.105348, 1.286991, -0.782392, -0.534181, -0.854247, -0.785113, -0.390831, -0.023840, 1.913697, 0
-2.195084, 0.058926, -0.369037, 0.250753, -0.260407, 0.171664, -0.534179, -0.213261, -0.717959, -0.480918, 1.443069, -0.459526, 0.328751, -0.111173, 1.108287, -0.467343, 1.216872, 0.711458, -0.064116, 0.151913, -1.468244, -0.574078, -0.163762, 0.228594, -0.269981, -0.058587, -0.301919, 2.037781, -0.564500, -0.111049, 0.574677, -0.953143, 0
-1.548987, 0.792044, -0.180248, -0.787203, -0.125419, -0.092613, 0.479183, -0.270680, 0.201786, 0.552595, -0.953818, 0.511425, -0.076037, -1.141587, -1.455215, 0.837954, 0.701096, 0.440484, -1.066877, -0.555336, -1.553494, -0.071119, 0.202114, -0.102249, -1.131663, 0.520293, 0.553793, 0.173469, 0.322467, 0.342988, 0.818125, 0.896775, 0
-1.819932, 0.070637, 0.568072, 0.159045, -0.380989, 0.552732, 1.479869, 0.928200, -0.788352, 0.449773, 0.677718, -0.439149, 0.098066, 0.607084, -0.211742, 0.785921, -0.863236, 1.356706, 0.996506, 0.019719, -0.396517, 0.137734, 0.601877, 1.607266, -0.205927, 0.676607, -1.483461, 1.120252, 0.822255, -1.202948, -0.264863, 0.181261, 0
-0.719854, 1.780574, 0.063818, 0.638858, -0.639153, -0.162572, -0.483308, 1.510838, 1.065603, 1.822819, -0.380124, -0.005825, 0.518390, 1.247838, 0.967294, 1.023446, 0.512754, 0.222642, -1.015944, -0.133713, -0.956195, -0.752859, 0.461232, 0.112136, 0.084324, 0.618365, 0.978854, -0.287400, 0.081633, -1.441281, 0.223179, 0.438365, 0
-1.317892, -1.062990, 0.189012, -0.544172, -0.727650, -0.791715, -0.018093, -1.440280, -1.078417, 1.026354, 0.719086, -0.413759, 0.354133, -0.378948, -0.868863, 0.811684, -0.203235, 0.198955, -0.429728, -0.221441, 0.759762, 0.116735, -0.631988, -1.760478, 0.069627, 0.473125, -0.617672, 0.193223, 0.465682, 0.017007, 0.671992, 0.198553, 0
-1.095809, -0.832999, 0.722903, 0.130874, -0.999196, 0.983530, 0.104846, 1.178835, -0.664205, -0.649565, 1.561001, 0.400531, -0.976381, 1.615585, -0.598976, 1.032148, -0.099665, 0.823875, -0.729904, -0.127411, 0.901520, 1.805444, -1.560540, 0.333262, 0.462238, 0.032765, -0.839436, -0.323059, -0.159948, 0.211611, -0.287980, -0.616731, 0
-1.802759, -0.505825, 1.114748, -1.002531, 0.777437, 0.390080, 0.081690, 0.492982, 1.056604, 0.221648, -0.218630, -0.965652, 0.052091, 0.155412, 0.817310, -0.089058, -0.286239, -1.104857, 0.682480, 0.524583, 0.241827, 0.314088, 0.027390, -1.519077, -1.759058, -0.728952, -0.559427, -0.111172, 0.626429, -0.721809, -0.888105, 1.265082, 0
-0.549793, -0.164426, -0.080586, 0.368314, -1.041276, -0.372081, -1.175459, -1.724913, -1.144248, -0.734857, 0.151505, -0.807685, 0.335437, -0.057665, 0.565932, -0.863186, 0.134475, 0.495667, 0.079668, -0.096231, 1.019363, 0.563272, -0.335824, -0.216003, 0.106476, 0.854929, 0.142828, -0.948831, -0.049448, 0.754500, 0.057826, -0.149343, 0
-1.903734, -0.804935, -0.401970, 0.609900, -0.280478, -0.064293, 1.167927, -0.115437, 0.801110, 0.575128, 0.464692, 0.476720, -0.030197, 2.086978, -0.584650, -0.713234, 1.869393, -0.502040, -0.139384, -0.177584, -1.007849, -1.090176, 0.720692, -0.202942, 0.029006, -1.438880, -0.403845, -0.149779, 0.505948, 0.238967, 0.946655, 0.307817, 0
-1.344844, -0.196407, 0.468959, -0.062668, -0.026539, 0.083939, -1.451568, 1.636129, 0.146605, -0.471223, 0.228828, 0.258838, 0.075819, -0.820860, 0.454068, -0.652984, -0.094997, 0.728732, 1.500173, -0.376363, 0.044826, 0.538166, 0.353572, -1.135931, -1.079958, -1.034153, 1.007404, -0.362010, -0.504271, 1.275015, 2.206873, 0.186652, 0
-1.820400, -0.292919, 1.075092, 0.877022, -1.020807, 2.087173, -1.164474, -1.471110, -0.285607, 0.330911, 0.088317, -0.804776, -0.876080, -0.329438, -0.019295, -0.308306, -1.722878, 0.055432, -0.049680, -0.283149, -0.292847, -0.871250, 1.548263, 0.331238, -0.366529, 0.316477, -1.608929, -0.144738, -1.231359, 0.199792, 0.367331, 1.166089, 0
-1.930021, 0.180079, -1.475124, 0.174942, 0.169801, 0.908226, -0.133828, 0.493049, -1.386448, 0.645250, -1.263356, 0.075523, -0.598666, 1.070321, -0.834624, -0.704139, 0.105610, -0.965595, 0.524166, -0.698375, 0.938647, -0.459396, -0.091127, -0.347740, 0.037061, 2.043597, 0.459856, 0.446576, 0.880920, 0.000454, 0.053825, -0.206577, 0
-1.902977, -0.455183, -0.863732, 0.753207, -0.180835, 1.490361, -0.505219, -0.804835, 0.092844, 1.553807, 1.218948, -0.232133, 1.217582, -0.438594, -0.434224, -0.271441, 0.483945, 0.873539, -0.629186, -0.569547, 0.670018, -1.207586, -0.174505, -0.337070, 1.656343, -1.138055, 1.221690, 0.237772, -0.754478, -0.663867, 0.046231, -0.496793, 0
-0.016493, -0.568534, -0.281565, 0.162375, -1.499259, -1.275219, -0.080747, -0.100261, -0.210429, -1.164473, -0.591896, -0.526810, -0.329871, 0.849355, 0.899975, 0.151210, 1.963653, 0.361581, 0.115836, -1.128525, -0.990636, 0.468023, 0.219702, -0.095500, 1.583492, 0.550946, 0.749045, -0.020726, 0.321956, 0.950722, 0.773963, 0.974649, 0
-0.397886, -0.900671, -0.033927, 0.252884, -0.374576, 0.778430, 0.365502, -0.131532, 0.134740, -0.280030, 0.382692, 0.509297, 1.131656, -0.760875, -0.110311, 0.966890, 0.673547, 0.474347, 0.087114, -0.879779, -0.066223, 1.457023, -1.113851, -0.328600, 0.392821, -0.203845, -0.031854, -0.610556, -0.304904, 0.316505, -1.873702, 0.476586, 0
-1.856398, 0.170424, -1.686149, 0.458397, 0.314557, -1.231586, 0.658765, 0.108564, 0.637047, -0.496157, -0.613026, -0.470131, -0.893870, -0.565520, -0.292669, 0.262666, -0.400281, 1.945393, -1.052422, 0.213810, 0.886541, 0.085143, 0.177516, 0.932913, 0.354942, 0.996663, 0.144396, -0.243281, 0.075439, -0.658118, -0.260142, 0.577909, 0
0.154661, 0.218413, -0.746062, 0.541323, 0.115037, 0.069883, 0.323755, 1.618007, -0.405582, 0.630803, -1.031889, -0.173153, 1.739807, 0.329760, 0.032378, -0.062396, 0.070314, 0.342088, 0.733285, 0.302632, 0.620081, -0.145781, -0.507453, 0.074307, -1.666234, 0.009268, -1.195628, -0.814004, -0.138901, -0.094525, -0.195205, 0.056983, 0
-2.086126, -0.212702, -0.793844, -1.407763, -0.757165, -0.069739, -0.076978, -0.048065, -0.518842, 0.175094, -0.842018, 0.792110, -0.907032, -0.700286, -0.058247, -0.610230, 0.033713, -0.736189, -0.107011, -0.271354, 1.339080, -1.135410, -0.441799, -0.069573, -0.172510, 0.329420, -0.778631, -0.726262, 1.099871, 0.110680, -0.178303, 0.447315, 0
-1.087734, -0.372808, 0.743391, -0.011690, 0.387342, 0.542972, -0.381079, -0.450505, 0.118338, -0.154756, -1.817902, -0.454850, -0.064174, 1.341717, 0.014663, 1.018876, 1.306443, 0.958230, -0.611380, 0.431977, -1.958374, -1.022926, 0.308647, 0.276239, 0.470715, -0.287667, 0.393319, -0.263172, 0.463745, 1.273863, -0.990104, -1.016766, 0
-1.988984, 0.436484, 0.062759, 1.519424, -0.526971, -1.626150, 0.626621, -0.532593, 0.224266, -0.366203, -0.982589, 0.613481, 0.169345, 0.440292, 0.346197, 0.724787, -0.338676, 1.031271, -0.226283, -0.279684, 0.687540, 0.880419, -0.711794, 0.764485, 0.829880, -1.942348, 0.855915, 1.001250, -0.447097, -0.265026, -0.529545, -0.675911, 0
0.528794, -0.531062, -0.291908, 0.647350, 0.579873, -0.341629, 0.923614, 0.182059, 0.177638, -0.617345, 1.138072, 0.549546, 0.102999, 0.627488, 0.294635, -0.190466, 1.261331, 0.250962, 0.226176, -0.197295, -0.726816, 0.868864, 0.375461, 0.022792, 0.713986, 0.654396, -1.093891, 0.059872, 0.573963, -0.275268, -0.277276, 0.236273, 0
-0.996961, -0.039057, -0.224997, -0.918731, 0.227524, 1.686725, 0.578861, 0.260576, -0.134384, -0.413752, -1.400304, -0.563922, 0.466313, -0.143979, -1.642873, 0.103767, -0.652432, -0.706571, -0.049494, -0.274568, -0.459650, -0.458477, 0.211850, 0.078038, -0.141859, -0.301617, -0.271712, -0.991586, 0.369508, -0.628250, 0.272261, 0.594002, 0
-1.451993, -1.154150, -1.088055, -0.300456, 1.717966, -1.130470, 0.269216, 0.437315, 1.020410, -0.295398, 0.031075, 1.215758, -0.950937, -0.301880, -0.613629, 1.143196, -0.241182, 0.420501, -0.073517, 0.151573, -1.997322, -0.525587, -0.840177, 0.000945, 0.714322, 0.312397, 0.638026, 0.941850, 0.134593, -1.013091, 0.374779, -0.618650, 0
-1.071464, -0.834385, 1.021535, -0.412486, 0.377234, -0.806452, -0.485315, 0.216172, -0.125551, 0.914200, -0.495335, 0.835105, 0.692695, 0.083732, -0.241606, -1.012167, -0.438648, 0.527920, -1.304401, 0.875044, -0.452195, -0.358778, -1.129126, -1.081840, -0.177573, -0.727798, 0.869670, 0.778391, -0.765884, 0.574862, 0.257024, 1.193514, 0
-0.595562, -0.045086, -0.313435, -1.122452, 0.251062, -0.392239, 1.107634, -0.217953, 0.180574, 0.584549, -0.396517, -0.142294, -0.414222, -0.162535, -0.285089, 0.128679, 0.166392, 0.486260, -1.051988, 1.441882, 0.399444, 0.164722, 0.697535, -0.298088, -1.089236, 0.515598, 0.669281, -0.189958, 0.216902, 0.449600, 0.704442, 0.302145, 0
-2.166444, 1.098644, -0.543181, -0.920319, 0.179509, -1.217330, 1.071439, 1.311223, 0.647209, -0.021120, 1.394989, 0.077752, 0.434957, -1.003817, 0.571831, 0.045771, 0.005857, 1.693276, 0.448424, -0.358896, 1.314388, -1.279311, 0.636079, 0.801452, -0.072653, -0.140964, -0.624220, 0.300080, 0.126616, -0.937386, 1.271182, -0.640069, 0
-0.557299, 0.219325, -0.557371, 0.203849, 2.156163, -0.547753, 1.165384, 0.652868, -2.044107, 0.127632, 0.423902, 0.151824, 0.675969, 0.441527, -0.306352, 0.240462, 0.277545, -0.190211, 0.551078, 0.706399, 0.434641, -0.716074, 2.159171, 0.810713, -1.351883, -0.104671, -0.105866, 1.158311, -0.098959, 0.964171, 0.111655, 1.330541, 0
-0.713217, 1.188535, 0.296851, 0.654696, 0.052203, 0.190434, 0.959034, -1.427618, 0.190867, 0.318436, 0.342346, 0.585153, -0.113287, 0.466435, 0.940181, 0.235347, 0.501227, -0.866169, 1.146731, 0.867193, 0.081490, 0.052287, 0.831950, 0.277729, -1.581039, 1.880946, 0.128719, 1.463619, 0.568702, 0.646310, 0.411245, -0.791145, 0
-1.202572, -1.077246, -0.192395, -0.351748, 0.304374, -0.829691, -1.384266, 0.321065, 0.383035, -0.109441, 1.183669, -0.625878, -0.187552, -0.058858, -1.107944, -2.687700, 0.137060, 0.439591, -0.599648, -0.713290, -0.396645, -0.522022, -0.486499, 1.083273, 0.536528, -0.977783, 0.277470, -0.417184, -0.379128, -0.658662, -1.149013, 0.618335, 0
-0.894569, 0.168561, 0.205221, -0.358935, -0.738444, 0.685152, 0.579244, 0.663320, -0.366618, -1.881396, 0.524395, -0.153667, -1.846794, 0.387445, -0.805584, 0.700573, 0.009984, 0.663157, -0.907561, -0.613366, 0.772596, -0.494425, -0.806384, -0.729999, -0.350549, 0.160894, 0.285870, 0.302586, -0.157941, 0.580380, -0.360917, 0.574648, 0
-0.153529, -0.536730, 0.261279, -0.439347, 0.599329, 0.176467, 0.552115, -0.365796, -0.498140, 0.108577, -1.028323, 0.671934, -1.321305, -0.939176, -0.437405, -0.507571, 1.440387, 1.168043, 0.027902, 0.315839, -0.324466, 0.180423, 0.021608, -1.607578, 0.659231, -0.639519, -0.615078, 1.841343, 0.053198, -0.108055, -0.204319, 0.174032, 0
-0.504353, 0.286981, 0.010070, 0.325567, 0.201018, -0.572088, 0.562135, 0.075225, 0.075553, -0.984364, 0.087766, 0.715671, 1.448858, 0.393605, -0.266053, -0.233167, 0.332125, 0.523087, -0.943753, -0.998483, 0.307718, 0.487509, -0.516399, -1.153483, -0.887326, -0.065637, -0.390777, -0.130232, -0.134851, 0.493266, -0.690887, 0.363096, 0
-0.842487, 0.292105, -0.022498, 0.783290, -0.611705, 0.985207, -1.683936, -0.426306, 0.433981, -0.376997, -0.860879, 0.438430, -0.136678, -0.631694, -0.457434, 0.774342, -0.203849, -0.854588, 0.153655, 0.215294, -0.510144, 0.733901, -0.034323, 0.019805, 0.580132, -0.880201, 0.055659, 0.481716, -0.057350, 0.566921, -0.883014, -0.735841, 0
-1.393828, -0.746741, -0.936479, -0.678310, 0.289454, 0.241949, 0.631129, 1.122179, 0.135359, 0.244447, -1.188735, 1.275233, -1.621039, -0.233558, -0.181633, -0.980319, -0.267949, -0.371498, -0.627360, -0.147751, -0.921596, -0.089111, 0.725755, -1.186352, 0.291149, -0.804535, -0.177055, -0.154080, -0.513126, -0.173226, 0.213869, -0.366077, 0
-1.698454, 0.410990, 0.199699, 0.706144, -0.452704, -0.440446, 0.163081, 0.366040, -0.493776, -0.549221, 0.497749, 0.013858, -0.489163, -0.313330, 0.127735, -0.389292, 1.032001, 0.763906, 1.252795, -0.253175, 0.438670, -0.241434, 0.657569, 0.112326, 0.240127, 0.434170, -0.637349, 0.632839, 0.652845, 0.599501, -0.132246, 1.091321, 0
-1.199532, 0.062563, -0.321916, -0.184884, -0.415307, -0.193784, 0.014894, -0.134898, 0.571385, -1.124197, 0.595753, 0.043155, -0.056841, 0.017380, 0.466424, -0.649658, 0.673209, 0.691058, -0.830352, -0.505093, -0.133666, -0.382687, -0.137473, 0.515646, -0.527034, 0.252033, -0.220278, -0.120996, -1.121095, 1.227612, 0.179773, 0.091644, 0
-1.871890, -0.627466, 0.189096, 0.441498, -0.383335, 0.149397, -0.911512, -0.297706, -0.279825, 1.007741, 0.262292, -0.105998, 0.448960, 0.187046, -0.442930, -1.786587, 0.121623, 1.306760, -0.896920, -0.083293, -1.180275, 0.469182, -0.126920, 0.678531, 0.965210, -0.910473, 0.092717, 1.757948, -0.145228, -0.314983, 0.992945, 0.275326, 0
0.145150, 0.811544, -0.432595, 0.131772, -0.391014, -0.666663, -0.381295, 0.590422, -0.234141, -0.382900, 1.123920, 0.742036, -0.241540, -0.661120, -0.974964, 0.054808, -0.333937, 0.362500, 0.185879, 0.291222, 0.457492, -0.183492, 0.403924, -0.491954, 0.911617, 0.173167, -1.348214, -0.356613, -0.412234, 0.294632, 1.188109, 0.908341, 0
-2.120666, 1.557168, 1.058910, 0.043169, 1.377429, -0.704937, 0.582484, -0.976461, -0.507595, 0.136998, -0.170446, 0.818835, 0.555413, -0.217728, 0.080531, 0.700173, 0.030070, 0.022019, 1.028523, -0.136316, -0.916346, 0.086110, -0.316924, -0.461618, -0.396860, 1.142893, -0.694036, 1.206688, 0.333337, -1.397155, 0.586538, -0.593040, 0
-0.666354, -0.402831, -1.633114, 0.965919, -1.975680, -0.200068, -1.515997, -0.042429, 0.467478, 1.660589, 0.286286, 0.427894, -0.003695, -0.733461, 0.981089, -0.206014, -2.091305, 1.017439, -0.899918, -0.176327, 0.099167, -0.369068, -0.541609, 0.401694, 0.696285, -0.049094, -1.146442, 0.826822, 0.399717, 0.157994, -0.921453, 0.352631, 0
-2.194630, 0.814363, -0.709413, -1.008168, 0.108907, 0.218894, 1.019559, 0.105849, -0.316559, -0.678358, 1.199990, -0.019533, 1.148065, -0.207348, 1.519830, 0.572750, 0.094785, -1.363498, -1.167107, 1.698169, 0.065671, -0.356444, -0.325936, 1.299090, 0.142379, -0.624640, 1.166157, 0.622794, -0.177238, -0.917968, 0.040685, 0.966359, 0
-0.439899, 0.051193, 0.982455, 1.047126, 0.225844, -0.465800, 0.792032, 0.079870, -0.806520, -1.525859, -1.145194, 0.750276, -0.346259, -0.553968, 0.000521, 0.557065, 1.319093, -0.759484, 0.656478, -0.181665, 0.292654, 0.402270, 0.906473, 0.722978, -1.746569, -0.147928, 0.032195, 0.023320, 0.666454, 1.234979, -0.179457, 0.485286, 0
-2.808545, 0.329325, -0.124088, -0.321729, 0.182026, 0.384084, 0.837840, 0.211959, -0.813852, -0.184972, -0.944783, -0.670568, 0.830857, -0.360511, -0.295320, 0.506131, 0.626742, -0.075405, 0.609389, -0.476181, -0.013304, -1.228197, -0.542753, -0.412102, 1.040947, 0.030560, -0.349801, 1.020427, 0.567690, -0.007483, -0.846588, -0.173992, 0
-1.806305, -0.726321, 0.488673, -0.960981, 1.266809, -0.382163, -0.553985, -0.068865, 0.316714, -0.381487, -0.316292, -0.812805, 0.418937, 0.076848, 0.086888, -0.296433, 0.334059, -0.322681, -0.272437, -0.337544, 0.002281, -0.588690, -0.523112, -0.792001, -0.804158, -1.152827, 1.578206, 0.008464, -0.405352, -0.098672, 0.940551, -0.206289, 0
