0.799306, -0.757088, -1.335974, -0.356823, -0.320688, -0.011659, 0.058178, -0.256359, 0.530870, -0.677863, 0.001515, -0.090675, -0.196195, -0.419184, 0.137344, -0.602520, -0.122213, 0.120785, 0.839584, 0.120239, 0.689875, 0.164456, -0.162116, -0.119917, -0.226969, -0.245945, -0.615515, -0.827224, 0.194074, -0.497866, -0.389267, -0.174349, 1
1.743531, 1.155207, -1.148102, 0.795720, 0.288110, -0.162360, 1.153526, -0.394447, 0.172833, -0.028556, -0.899152, 0.057887, 0.190135, -0.551090, -0.292695, 2.102218, -0.521730, 0.059371, -0.433927, 0.027404, -0.123132, 0.176240, 0.242956, 0.659882, -0.278494, -0.512249, -0.765318, 0.953448, 0.828768, -0.262364, -0.850294, -0.010708, 1
1.015135, -0.065342, -0.232554, -0.499454, 0.541038, -1.246412, -0.791401, 1.338186, 0.181310, 1.669051, -1.718678, 1.482936, -0.547787, -0.222275, 1.221849, -0.994240, -0.350287, 0.857791, 1.762371, -0.092806, 1.073324, -0.356801, -1.058283, -0.404485, -0.017154, -0.187407, -0.016192, -0.999876, 0.630695, 0.000979, 0.656954, -0.119598, 1
1.501252, -0.589507, 0.101309, -1.615123, 0.785251, 0.397038, -0.677914, 0.918962, 0.913367, -1.237050, 0.399333, 1.039805, 0.094800, -0.463423, 1.160643, 1.292118, 0.752107, 1.151119, 1.082314, 0.427843, 1.371674, 1.052038, -0.585760, 0.274394, 0.312659, 0.527037, -0.299612, 0.773924, -0.237172, 0.417598, -0.996939, 0.532203, 1
1.648690, -0.397476, -1.216937, -0.274329, 0.548382, -0.410938, 0.378357, 0.525113, 0.236843, -0.630739, 0.548674, 0.048831, -0.454767, -0.065550, -0.412084, -1.210115, 1.556781, -1.585994, -0.402458, -0.040375, -1.205140, 0.081855, 1.883659, 0.158889, 0.987023, -0.388519, 0.697716, -0.439346, -0.134704, -0.506604, 0.159819, -1.089096, 1
0.062562, 0.241195, 0.804385, -0.667487, -0.202676, -0.084685, -0.005547, -0.716725, 1.738230, 0.943885, -0.006510, 0.184832, 0.539857, 0.061954, 0.295302, 1.058473, 0.143109, -0.924258, 0.170809, 0.235012, 1.674469, -0.735534, 1.138612, -0.109591, -1.191620, -0.089673, 0.033062, -0.694563, 1.213129, 0.404967, -0.292051, -0.890774, 1
2.582230, -1.297330, -0.398831, -0.750864, 0.242268, 0.066441, 0.233229, -0.709528, 0.291358, -0.679096, -1.049585, -0.722263, 1.059555, -0.601671, 0.161914, 0.265922, 0.688595, -0.242334, 0.182317, 0.299954, -2.315845, -1.097714, 0.568074, -2.044166, -0.089238, 0.943910, 0.795090, -1.272352, 0.001271, 0.324305, -0.364564, 0.044295, 1
0.485659, -0.601041, -0.040273, 0.520824, 0.689204, -0.510490, 0.468937, 0.219586, -0.655579, 0.371619, -0.157503, 0.602694, -0.135849, 0.180679, -1.099476, 1.070633, -1.312559, -0.126976, -0.278114, -1.275752, -0.489200, 1.011160, -0.302376, -0.013452, -0.449847, -0.135240, 0.542409, -1.430966, -0.376529, 1.154865, -0.269706, 0.644598, 1
2.028952, 0.080873, -0.444629, 0.315379, 0.743638, -0.030061, -0.755833, -0.287915, -0.577647, 0.992554, -1.051773, -0.782928, 0.382256, 0.452936, 1.371962, -0.319580, 0.654604, -0.812675, 0.603456, -0.183953, -0.336322, -0.996779, 0.782424, 0.067903, 1.085486, 0.273413, -0.726562, -0.544932, -0.109413, 0.291756, -0.033947, 0.281904, 1
0.845355, -0.434752, -0.227375, 0.201684, 0.115578, -1.017668, -0.184858, -0.097571, 0.470541, -1.079819, -1.055563, 1.550172, 1.244110, 1.378674, 0.257320, 0.389786, -1.924384, -0.756490, 0.036597, 0.315935, -0.382543, 1.146890, -0.022952, -0.526298, -1.780201, -0.459558, -0.775866, -1.378801, -0.012402, 0.014416, -0.895061, 0.827168, 1
2.165868, -0.440784, 0.181926, -0.371124, -0.466496, -0.530046, -0.213049, 1.593325, 0.087248, -0.912017, -0.927324, -1.076727, -0.280434, -0.896339, -1.271847, -0.623105, 0.835384, -0.132225, 1.002692, 0.464756, -0.725163, -0.162012, -1.356807, -1.340559, -1.908374, 0.038753, -0.511703, -0.231992, -0.009404, 0.204574, 0.371950, -0.171552, 1
0.897851, 1.148282, 0.219661, 0.940556, -0.901109, -0.570928, 0.545298, 1.652436, -0.017181, 0.792807, -0.449780, -0.028812, -0.104349, 0.693936, 0.011476, -0.368399, -0.097344, 0.042916, 0.719402, 1.225001, -0.145446, -0.011792, 0.098843, -0.600869, -0.243288, -1.165820, -0.874990, -0.342196, 0.714413, -0.965454, -0.650128, -0.030703, 1
2.532895, -0.018186, -0.002166, 0.607016, 0.221620, 0.702962, -0.634208, 0.786845, -1.891937, 0.133165, 1.520079, -0.117829, 0.549756, -0.570317, 0.137337, 2.153998, 0.805177, -0.881815, 0.925107, -0.795684, 0.149042, 0.053938, 0.533803, -0.564916, 0.704099, -0.073272, -1.211609, 0.111303, 0.416178, 0.640838, -0.375669, -1.584298, 1
0.534506, 0.335475, -0.173285, -0.060434, 0.021057, -0.144640, -0.393719, 0.098530, 0.748921, -0.349233, 0.080302, -1.336169, -1.183911, 0.419045, 0.361631, 0.747360, -0.073113, -1.604231, -0.153281, 0.064682, 0.102309, 0.942727, 1.019499, 0.172415, 0.763651, 0.872475, 0.104011, 0.960398, -0.045881, 0.826808, 0.241622, 0.746881, 1
2.506523, -0.476946, 0.550428, 0.711829, -0.108465, -0.168611, -0.477243, 0.959610, 0.566103, 0.732502, -0.926051, -0.155387, -0.961046, 1.389625, 0.827504, 1.729078, -0.245978, -0.506081, 0.125488, 1.361492, 1.571520, -0.335569, 0.309314, -0.854409, 0.117710, 0.928695, -1.035906, -0.491952, -0.277550, -0.116611, -0.730254, -0.707236, 1
1.108641, 0.012521, 0.148670, -0.500423, -0.814430, -0.199253, 0.146181, -0.804100, 2.234527, 0.954189, -0.620514, -0.886311, 0.536631, -0.588728, 1.303335, -1.341379, 0.478719, 0.429865, 0.522055, -0.391555, 0.429837, 0.838676, 0.135248, -0.686408, -0.124520, -0.825404, 1.443047, 1.045631, 1.789040, 0.511507, -0.836321, 1.157967, 1
1.026330, -0.704879, 0.205644, 0.572563, -0.242480, -1.268867, 0.239705, 1.915482, -0.205594, 0.233833, 0.394568, 0.062203, 0.499231, -1.035476, -0.285484, -0.468288, 0.193613, 0.583250, -0.857386, 0.421560, -0.253309, -0.447304, -0.276356, 0.374747, -0.580888, -0.120781, -0.298174, -0.305532, -0.757338, 0.157377, 0.110024, -0.414914, 1
1.876291, -1.220682, 0.762419, 0.492817, -0.810839, 1.308862, -1.384232, -0.146126, -0.510897, -0.195454, -0.544705, -0.663487, -0.296949, -0.330852, 1.538614, -1.765941, -0.310996, 0.343048, -0.219107, 0.499677, 1.197530, -0.383226, -0.185776, -0.244361, -2.086613, -0.092225, -0.100419, -0.236288, 1.087722, -1.400213, 1.038418, 0.115151, 1
1.059089, -0.561495, -0.081534, 0.749208, 0.304439, 0.166407, -0.054023, -1.478159, -0.785278, -1.552439, -1.372833, -0.824197, 0.450725, -0.504113, 0.137963, 0.151434, 0.047167, -0.617328, 0.115526, -0.511794, -0.593642, -0.985588, -1.836081, -0.297805, -1.294629, -0.820550, -0.476610, 1.664088, 0.390953, -1.555720, -0.088709, -0.537654, 1
0.991430, -1.118039, -1.423669, 0.171595, -1.161274, 0.142803, -0.074602, 0.170748, 1.134701, 0.280949, -0.386211, -0.311279, 0.264168, 0.228413, -0.565903, -0.262435, 0.271003, -0.385405, -0.114036, -0.871686, 0.373311, -0.194914, -0.357278, 0.108323, -0.300772, -0.646169, -0.291373, -0.508290, -0.217330, -0.633820, -0.118774, -0.910191, 1
0.395222, 2.277797, -0.790600, -0.152050, 0.219697, -0.120088, -0.199488, -1.521486, 1.423424, -1.167072, -0.262251, -0.960791, 0.211251, 0.616645, -0.136164, -0.016887, -0.714900, 1.638240, 1.351381, -0.008853, -0.882833, 0.752825, 0.466585, -0.105684, -0.895609, 1.055685, -0.672507, 1.100507, 0.254935, -1.013314, -0.947163, 0.086114, 1
0.023306, -0.126124, 0.068903, -1.160633, -0.760362, 0.414442, -0.322022, -0.320800, 1.131810, -0.046113, -0.170263, 0.070581, 0.239447, -1.155190, -1.227254, 1.561195, -0.342613, 0.877177, 0.994482, 0.258012, -0.111449, -1.209309, 0.236409, 0.398104, -0.280209, -0.068142, 0.895163, 0.445096, 1.174517, 0.064673, 1.011521, 0.342248, 1
0.155211, 0.655553, -1.005863, -0.858827, -0.101940, 0.241171, 0.328725, -0.495970, 0.242181, -0.828501, 0.499151, 1.063877, 0.747994, -0.883142, 0.490114, 0.298530, -1.378451, 0.633657, 1.069530, 0.526452, 0.048654, 0.434075, 0.078148, -1.263562, -0.418574, -1.234436, -1.622458, 0.407596, 0.809516, -0.780353, -0.849363, -1.065789, 1
0.227893, -0.812426, -0.886242, -0.951394, 0.505656, 0.594869, 0.996364, 0.072558, -0.471662, 0.365597, -0.530521, 0.398102, -0.676055, -0.271759, 0.086756, -0.711893, -0.986043, 0.185108, 0.678589, 0.045089, 0.264818, 0.477145, -0.124474, 0.462127, 0.854283, 0.056073, -0.706107, 0.106972, 1.802326, -0.012807, -0.587617, 0.088987, 1
0.544765, 0.303945, -0.603951, -1.259136, 0.120729, -1.489903, 0.358546, 0.086295, 1.469369, -0.531598, 0.252990, -0.248232, 0.404499, 1.519203, 0.423430, -1.419396, -0.075593, 0.483330, 0.134139, 1.049568, 1.181423, -0.393543, 0.479412, -0.033632, -0.644857, 0.250046, 0.924472, -0.686092, -0.860689, -1.307096, 1.387344, -0.810518, 1
0.117245, 0.308576, 0.265553, -0.424644, -0.223019, -0.500929, 1.112096, -1.702927, -1.163652, -1.155170, 0.603192, -0.044666, -0.587911, 0.105760, 0.319656, -0.353485, 0.179140, 0.223814, 0.879568, -0.063287, -0.237166, 0.768382, -0.251120, 0.531958, -0.148932, 0.449286, 1.870276, -0.214900, -0.602170, -0.478285, -0.153426, 0.840699, 1
1.346668, 0.337449, -0.919395, 0.209671, 0.277611, 0.078598, 0.205038, 0.182484, 0.289901, 0.376573, 0.694972, 0.007684, -0.475858, 0.179534, -0.000291, 0.394839, 1.252927, 1.341984, -0.648386, 0.410372, -0.708735, 0.740296, -0.026752, 0.383701, -0.353144, 0.380261, 1.348624, -0.271901, -0.058025, -0.601284, -0.345861, 0.240330, 1
0.472687, 0.041752, 0.223621, -0.219333, 1.536353, 0.199762, 0.339119, 0.550109, 0.468331, 0.001990, -0.315068, -0.470997, 0.003257, -0.089145, 1.494406, 0.025077, 1.621300, 0.577296, -0.932297, 0.927376, -0.261815, -0.150083, -0.844854, -0.306296, 0.236579, 1.553596, -0.476251, 1.236184, -0.916911, 0.169680, 0.611907, -0.324860, 1
1.618490, -1.053104, -1.407184, -0.249702, -0.682706, -0.741460, 0.149819, 1.196316, -0.540470, -0.049466, 0.590740, 0.565770, -0.668286, -0.430893, 0.516208, 0.914390, -0.807083, -0.713696, -0.886081, 1.738990, -0.557412, 1.142017, -1.822138, 0.281358, 0.245933, 0.129030, 0.839052, 0.745727, -0.768783, -1.082958, -1.125800, 0.150433, 1
0.351428, 0.016600, -0.427208, 0.450680, -0.674074, -0.213323, 0.126105, -0.642380, 0.109386, -0.306879, -1.772622, 0.212784, -0.095698, 0.443913, -0.036903, -0.028059, 0.125096, 0.615583, 0.836116, 0.904270, 0.747529, -0.426463, 0.129993, 0.159153, 0.336069, 0.296822, -0.832398, -0.619266, 0.283273, -0.190370, 0.010094, -0.475769, 1
1.155400, 0.089337, 1.028297, -0.196275, 0.959867, -0.164206, -0.480203, 1.096615, -0.827115, -1.246555, 0.672317, -1.456897, 0.448260, 0.843439, 0.709433, 0.761278, 0.541984, 1.688528, -0.288652, -0.833142, -1.705153, -1.030447, 0.836708, -0.240257, 0.959708, -0.124319, -0.467020, -0.554862, 0.425556, -0.046946, 0.777995, 0.267564, 1
-0.418894, 1.044947, -1.232841, -0.509807, -0.669871, -0.909623, -1.463535, -0.463470, -0.063304, -1.224818, -0.049812, -0.338892, -0.395180, -0.845353, 0.265077, 0.552278, -0.916685, -1.274902, -0.861274, -1.852190, -1.321689, 0.727986, 0.522561, 0.497772, -0.157440, 1.499820, 0.822678, 0.683426, 0.454868, 0.806800, 0.772698, -1.435438, 1
2.301288, -0.332775, 0.728903, -0.533166, 1.942904, -0.525119, -0.196886, 1.774223, 0.887188, -0.277438, 0.877266, 1.109492, 1.722302, -0.266102, 0.464801, 1.238145, -0.098744, -0.334476, -1.075607, 1.234757, -0.383193, -0.561220, -0.801989, -0.750088, -1.151724, -0.136407, -0.008950, 1.035243, -1.467415, 0.436416, 0.151431, 0.361867, 1
0.743365, -1.180869, -0.455800, -0.387139, 0.846492, 1.553149, 0.713173, 0.173892, 0.328561, -0.304354, 0.340105, -1.622140, -0.590056, 1.438756, 0.516525, -1.129988, 1.149014, -1.081813, -0.605558, 0.376677, 0.096794, 0.255182, -0.015351, -0.405986, 0.580356, 1.557604, -0.021660, -0.060056, 0.036474, 0.817373, -1.230751, 0.073427, 1
1.135969, 1.059752, 2.178505, 0.223019, -0.546359, 0.635554, 0.950768, 0.428711, 0.572054, 0.658336, -0.552175, -0.206892, 0.299116, -1.008564, 1.496114, 0.355648, 0.056018, 0.166838, 0.996294, 0.498297, 0.658083, -0.338564, 1.049969, 1.861996, 0.304597, -0.250244, 0.179638, -1.373786, -0.576698, 0.132690, -0.031851, -0.606071, 1
1.257591, -0.240934, -1.260684, -0.947475, 0.243303, 0.775635, 0.892408, 0.045896, -0.089072, 1.453431, -0.754552, 0.406659, -0.862986, 0.039719, -0.061011, 0.851028, 0.600271, 1.013064, -0.321115, 0.023417, 0.830200, 0.216730, 0.211768, 1.079651, 0.023293, -0.060103, 2.154098, 0.254026, -0.098441, 0.663131, -0.603806, -0.082406, 1
2.586740, 0.367364, -1.446944, 0.004228, 0.108562, -0.149319, -0.113946, 0.537251, -1.095199, 0.426080, -0.687107, -1.468227, -0.521280, 0.170971, -0.332608, 0.128741, -0.015086, -1.887770, 0.623973, -1.578335, 0.331742, 0.427757, -1.020877, 0.448550, -0.159002, 0.056667, -0.102991, -0.024398, -0.457412, 0.354067, 0.528973, 0.334608, 1
1.353883, -0.144448, -1.267695, -0.367741, 0.138609, 1.440727, 1.992669, -0.698585, -0.216711, -0.778461, 0.241487, 1.467051, -0.819188, 1.252628, 0.701958, -0.244479, 0.438758, 0.304365, -0.841962, 0.166820, -0.239519, 0.452487, -1.873342, -0.449697, -0.665548, -0.178201, -0.066837, 0.546862, 0.273017, 0.778145, -0.151954, -0.524560, 1
1.039513, 0.450118, -0.240433, 0.910079, -0.112651, 0.352380, -0.406968, 0.937812, 0.450086, 1.248011, -0.992005, -0.599131, -0.152715, -1.567888, -0.562192, -1.115425, 0.898157, -0.459384, 0.262031, 0.537150, -0.448580, 1.333466, 0.583997, 0.111988, 0.123256, 0.363234, -0.579281, -0.820536, -0.166017, 0.975608, -0.243942, -0.732182, 1
1.192859, -0.108696, -0.348834, 0.307566, -0.663696, -0.046788, 0.199304, -0.579918, 0.340746, 0.147497, 0.704030, 0.275828, 0.127846, -0.235289, -0.967511, 0.569676, -0.573143, -0.768672, -0.033096, 0.336967, 0.141314, -0.409327, 0.388066, -0.629634, 0.004147, -0.173117, -0.186636, -0.501273, 0.177590, 0.878122, -0.392698, 1.455733, 1
0.138860, 1.265371, 0.888234, 0.575622, -0.508723, 0.677567, 1.556074, 0.240829, -0.178084, 0.360585, -1.680488, 0.280513, 0.426491, 0.929033, 0.061891, 1.243389, -0.399627, -1.065962, 0.083601, -0.367054, -0.114596, -0.643274, -1.033658, 0.478356, -0.901360, 0.269397, 0.059977, 0.616697, -0.151420, 0.000956, 0.608404, 0.780977, 1
0.079334, -0.723161, 0.692810, 0.823496, -0.733084, 1.195480, 1.260605, -0.161885, -0.146241, -0.915292, 0.066840, 0.112973, 0.808494, 0.059648, 0.327805, -0.291358, 0.192542, 0.047508, 1.227802, 0.327160, 0.877334, -1.541486, 0.391277, -0.327642, -1.186154, 0.636928, 0.808479, -0.128635, -0.874239, 1.019016, 0.196308, -1.233491, 1
1.648263, -0.532818, 0.028164, -0.390740, -0.840967, -1.255027, -0.770516, -0.219129, 0.278909, 0.107235, 0.867278, -0.322320, 1.033187, 2.432083, -1.334850, 0.301273, 0.074857, -0.325677, -0.922032, -0.588800, 0.630103, -1.461457, 0.381411, 0.100982, -0.817252, 0.680413, 0.880504, -0.840861, 2.601207, -1.737157, 0.563197, -0.336132, 1
1.942193, 1.387501, 0.940848, -0.504943, -0.763067, -0.650222, -0.143993, -0.584964, 0.921342, 0.074612, -0.927939, 0.591451, 0.736587, -0.435715, 0.765607, 0.578551, 0.259306, 0.152031, -0.044723, -0.108277, 0.128536, 0.283476, 0.476215, 0.144844, -0.726045, -0.474636, 0.229981, 0.496041, 1.894341, -0.397899, -0.081749, -0.931321, 1
2.662905, -0.471857, 0.506009, -0.522912, -1.155380, -0.734905, -0.685152, -1.847944, 0.466331, 0.629265, -1.542769, 0.410896, -0.000101, 0.453978, -0.614839, -1.815661, 1.368287, -0.672796, 0.075714, 0.862026, -1.203349, 1.222146, -0.286931, 0.013752, 0.996056, 0.677687, -0.323305, 0.802762, -0.628190, 0.856333, -1.055398, 0.692386, 1
2.028050, 0.186171, -0.253114, -1.737728, 0.744806, 2.021961, 0.967772, 0.712355, 0.360650, -0.098098, -1.655027, 0.421666, 0.071299, -0.444376, 0.310787, -0.623767, -0.521765, 1.290516, 0.092378, 1.032115, 0.203143, -0.487791, -0.177202, -1.294191, 0.983542, 0.355286, -0.092015, 0.594270, 0.036572, -0.977035, -0.587032, -0.649978, 1
1.642755, 0.664544, -1.085055, -0.223671, -1.295005, 1.221933, 0.771326, 0.365527, -1.056080, 0.193071, 0.556219, 1.147084, -0.917256, 0.292434, -0.717161, -0.062018, 0.114334, 0.900376, 0.026510, -0.325657, -0.121367, 0.779103, -0.274740, -0.396638, -0.243561, 1.007905, -1.034790, 0.057472, -0.801852, 0.615366, -1.692536, 0.668517, 1
1.812445, 0.701967, -0.126073, -0.229367, 0.349143, -0.436451, -1.198933, 0.017403, 0.403125, -1.759943, -0.503971, -0.227904, -0.064073, 0.900786, -0.563579, -0.019972, -0.073102, 1.676888, -0.173103, 0.165312, 0.718220, -0.638443, -0.172807, 0.142829, 1.297914, -0.131651, 0.178311, -0.342618, -0.432004, -0.635886, 0.097490, 0.272867, 1
0.263545, 0.482774, 0.517216, 0.998615, -0.265654, 1.529540, 0.856984, 1.247470, -0.250250, 0.032640, 0.553887, -0.757304, -0.543909, -0.909666, 0.225049, 0.273652, 0.134516, 0.958494, -0.429616, 0.309418, -1.854273, -0.452418, 0.142738, -0.840373, 1.156698, 0.018445, -1.520816, -1.619231, -0.093640, -0.752874, 2.364749, -0.308773, 1
0.964769, 1.043884, 0.120712, -0.458503, -1.044113, 0.574688, -0.090472, 0.215130, -1.082483, 0.701915, -0.086069, 0.229048, -1.305970, -0.915844, 1.003172, 0.026480, 0.380609, -0.269446, 1.216283, 0.230651, -1.608094, -1.348847, 0.040356, 1.029274, 0.715516, -0.219430, -0.626858, -1.000763, -0.051834, 0.346021, 0.094409, -0.659946, 1
1.848196, -0.290924, 0.067050, 0.820913, 0.480536, -0.494437, 0.085410, -0.231814, -0.512492, -0.131448, 0.850813, 0.801606, 0.281823, -0.206222, -0.064115, 1.097011, 0.172898, 1.249525, 0.044103, -2.175667, -0.391488, 0.622094, 0.712749, 1.764695, -0.269698, -0.358330, 0.247631, -0.556832, 0.161539, -0.910521, -0.631088, 0.720188, 1
1.621640, -0.919880, 0.231418, 0.516711, -0.997128, -0.367436, -1.008089, 0.668541, 1.117049, -0.295796, 0.129125, 0.345587, 0.095900, 0.081762, -0.589915, 0.907146, -0.084078, 0.867185, 1.096655, -0.163942, -0.527903, -0.370362, 0.857018, 0.230107, -0.941906, -1.236570, -0.344372, -0.517573, -0.702951, 0.060114, -0.199393, -0.550349, 1
1.459327, 0.105520, 0.846231, -0.173670, -0.295025, 0.514352, -0.242187, -0.980218, -0.546208, -0.248701, 1.189286, -1.701340, 0.211007, -0.100027, 0.187142, -0.164153, -0.298456, -0.994442, -0.759272, 1.651473, -0.583343, 1.332004, 0.387380, 0.762564, -0.647393, 1.462645, 0.091366, 1.178932, 2.037391, 0.197893, 0.473485, -0.032356, 1
0.840442, 0.444949, 0.065027, -0.006144, 0.219395, -1.793781, -1.791029, 1.166718, 0.830176, 0.990753, -0.130413, -0.909781, 1.136173, -0.370603, 0.799025, 0.304310, -0.899631, -1.136629, -1.669425, 0.150862, 0.178847, -0.240767, 0.235779, 0.713444, -0.405347, -0.458843, 1.659308, 0.587724, 0.624253, 0.092149, 0.153225, -0.051000, 1
0.868407, 0.062397, 0.312326, -0.044957, -1.394377, -0.422797, -0.968668, 0.885230, 0.759101, 0.235765, 0.427301, -0.431022, -0.281593, -0.464226, -0.014688, -0.688579, -0.096560, -0.519282, 1.172719, -0.026177, 0.945581, 1.695260, -0.463408, 0.493512, -1.458429, -0.252884, -0.802469, -1.035418, 1.484289, 1.044276, -0.693109, -0.411588, 1
1.650472, -2.154243, -0.418738, 0.387945, -1.386543, -0.082026, 0.694683, 0.169575, -0.604722, -0.917951, -0.627988, -0.548396, -0.645448, -0.941542, -0.018984, -0.807892, 0.457102, 0.774000, -0.933203, -0.461863, 0.188754, -0.727578, 0.177674, -0.494852, 1.672683, -0.639100, 0.953369, -1.487135, -0.670642, -0.996442, -0.131727, 0.434723, 1
2.390870, 1.676617, -0.885760, 0.723656, -0.939673, -0.182026, 0.099418, -0.378663, -0.302025, -1.067863, -0.131920, -0.845389, 0.654330, -0.874790, 1.307038, -0.114841, -1.272709, 0.541190, 0.873900, 0.928110, -0.732071, -0.383229, -1.437714, -0.084779, -0.000037, -1.351056, 1.255778, 0.998195, -0.373461, -0.469254, 0.138284, 0.436580, 1
-0.029887, 0.635980, 0.315828, -1.221794, -0.073393, 0.044052, 0.155253, 0.727194, 0.174738, -0.637150, 0.543053, 0.069468, 1.224786, -0.136901, -1.050838, -0.227438, -0.514377, 0.434641, -0.294214, 0.716953, -0.222473, -0.253372, 0.102039, 0.144809, -0.441424, 0.542043, 0.503606, 0.576083, -1.183061, 0.371571, -1.154215, 0.581504, 1
2.416100, 0.426164, -0.099094, -0.564419, 1.418646, 0.555068, 0.286690, -0.321933, -0.515141, -0.729887, 0.085906, 1.634709, 0.868777, 0.839336, 0.583688, -0.759204, -0.875967, -0.453341, -0.619578, -0.491496, 1.287961, 0.540666, -0.590419, -0.342154, -0.026288, 0.339831, -0.592893, 0.251950, -0.459898, -0.755764, 1.001002, 0.852144, 1
0.730206, 0.602237, 0.237945, 0.286576, -0.054697, 0.141484, -0.395575, 0.198771, -0.816543, -0.204911, 0.406220, 0.081937, -1.025654, 0.557106, -1.212100, 0.732401, 0.006074, -1.377454, -0.164761, -0.629766, 0.280997, -1.612340, -0.778503, -0.512403, -0.347415, 0.928041, 0.217930, 0.324774, -0.102558, 1.418968, 0.379275, 0.543323, 1
1.178419, -0.883020, -0.667078, 1.470627, -0.293490, -0.359077, -1.269429, -0.320303, -1.087845, 0.658029, 1.110575, 1.001324, -0.461960, 0.505605, 0.015908, 1.137437, -1.010277, 1.083016, 0.043806, 0.772955, 0.866281, -0.672850, -0.777633, 1.762115, -0.595159, 0.028663, 0.421744, 0.170518, 1.101774, -1.064395, 0.379249, 0.515763, 1
0.691356, 0.135492, -0.212179, -1.089337, -1.127923, 0.058458, -0.172454, 0.633620, -1.158368, 0.131384, 0.455342, 0.069797, 0.161879, 0.226085, -0.580439, -1.226736, -0.267883, -0.414587, 0.803140, 0.058362, -0.788481, 0.596847, -0.404113, -0.531630, 0.245266, 0.438212, -0.015652, 0.127026, 0.620293, 0.630514, 0.226228, -0.125227, 1
1.382069, 0.072098, -0.038911, 0.415107, 0.380934, 0.389208, -0.780725, -0.372027, 1.238402, 0.241209, -0.979422, 0.144466, 0.610502, 0.274612, 0.335989, -0.153672, 0.264162, -0.055483, -0.358383, -0.442753, -0.161962, -0.180824, -0.218606, 0.157863, 0.190768, -1.444240, -1.259897, 0.720345, -1.167954, 0.574014, 0.981210, 0.910506, 1
1.796859, 1.192570, -1.513995, -0.577039, -0.257452, 0.189416, -1.059974, 0.090385, 0.109045, -0.020496, 0.909898, -0.743254, -0.174734, -0.983363, -0.617214, 0.453404, 0.065839, 1.034698, 0.547564, -0.814162, -0.090915, -0.349159, -0.376046, 0.517330, 0.217094, -0.263366, 1.516770, -0.345989, 0.213962, -0.884061, 1.163520, 0.202626, 1
0.587300, -0.444012, 0.345602, -0.121090, 0.763492, 0.149753, 0.212000, 1.108089, -0.102629, 0.122439, -1.910651, -0.002115, -1.309725, -0.500525, -1.492143, 0.413804, -0.549290, 0.268876, 0.049134, -1.324290, 0.661713, -0.416865, -0.831691, -0.799686, 1.027994, -1.292339, 1.174325, 0.999914, -1.009226, -0.669793, -1.100249, 0.414411, 1
1.592162, 0.126109, 0.382044, 0.527027, -0.852309, -0.949774, -0.369258, 0.923162, -0.104816, 1.083571, 0.305889, -0.620238, -0.444334, 0.173944, 0.515275, 0.028041, 0.050891, -0.176807, -0.818390, 0.647354, -0.159149, -0.627743, 0.295538, 1.030750, -0.632447, -0.409000, 1.151939, -0.237678, 0.060509, 0.676596, 0.301772, 0.389849, 1
1.559967, -0.459365, -0.806956, 0.849155, 0.028026, 0.596064, 0.248743, -0.357129, 0.744044, -0.984288, -0.127748, 0.544147, 1.635151, -1.004056, -0.433896, 0.485835, -1.113985, -0.442189, 0.670746, 0.793124, 0.179100, 0.129960, -0.711359, -0.239588, -0.013929, -0.366817, 0.121924, 0.271153, -0.515454, 1.229374, 0.033513, -1.334033, 1
2.006776, 1.553427, 1.328052, -0.020364, 0.745940, 0.007784, -0.527483, -0.237899, -0.665110, 0.589660, -0.313706, 0.558711, 0.576516, 0.361000, 0.619239, -0.257255, 1.927629, 1.240842, -1.137367, 0.509799, -0.256260, -0.699859, -0.626314, 1.487191, 0.358241, -0.427420, 1.134182, -1.374063, 0.509295, 0.342200, -1.439469, -1.640908, 1
0.875666, -0.598535, -0.727049, -0.127666, 0.675267, -0.207240, 0.625942, -1.312834, -0.110716, 1.355469, 0.282088, -0.470794, -0.363132, -0.569224, 0.451253, -0.906504, 1.619791, -0.294236, 1.511120, 0.433061, -0.512386, -0.434305, -0.268351, 1.140681, 0.994286, -1.670140, 1.641513, -0.594407, -0.721139, -0.150776, 1.304246, -0.192148, 1
0.501930, 0.408056, 0.094404, -0.292224, -1.224086, 0.898670, -0.364681, -0.190856, -0.287540, 0.855382, -1.164351, 0.715937, -0.250021, 0.336408, -0.664492, -0.584956, 1.287065, -0.496189, 0.424403, -0.738020, -0.471182, -1.110829, 0.869504, 1.170732, -0.180223, -1.693106, 1.216139, 0.447766, -0.820882, 0.103209, -0.289053, 0.563632, 1
1.495243, -0.903643, -0.884264, -0.863174, -0.089337, 2.149218, -0.050199, 0.893172, -1.537542, -0.601303, 0.735402, -0.488411, 0.171123, 0.340073, -0.730806, 0.579525, -0.125274, 0.135369, 0.090376, -0.741123, -0.000404, -0.455112, -0.359816, -0.150662, 0.288034, 0.914449, -1.460317, 0.357821, 0.504984, -0.267767, 0.986345, 0.132718, 1
0.876766, -0.797467, -0.661405, 0.402617, 1.420544, -0.406942, 0.307633, 0.320838, -0.770942, -0.287346, -0.019348, 0.364421, -0.708380, -1.048323, 1.023785, -1.020717, -0.492221, 0.363254, -0.193909, -0.540534, 0.261484, -0.026445, -1.008422, 1.116059, -1.223799, 0.414549, -1.244431, -0.513912, -0.056769, 0.396977, 1.514197, -0.346996, 1
1.564872, 0.544061, -0.069018, -0.953385, 0.163506, 0.860348, 1.207901, 0.565372, -0.329967, -0.008692, 0.167207, 0.324497, -0.359060, -0.062368, 1.682581, -0.668246, 0.236015, -0.792563, -0.810843, -0.677972, 0.446501, -1.289906, 0.221261, -1.056375, -0.513778, -1.063820, -0.110346, -0.773707, 0.606087, 0.190561, -0.504133, 0.039012, 1
2.426133, -0.259417, 0.100278, 0.691613, 0.455955, -0.985067, 1.364425, -0.112956, -0.780482, 0.496550, -0.228458, 1.425727, 1.175052, -0.133996, 0.624017, 0.608732, -0.521570, -1.308598, -0.295433, -0.076866, 0.418214, -0.885490, -0.085354, -0.405697, -0.633658, -0.001496, 0.035350, -0.365752, 1.766619, -0.534908, -0.419852, -0.166903, 1
1.403066, -1.452366, 1.787402, -0.224532, 0.431555, 1.393258, 1.422591, 0.403752, -0.715133, -0.962387, 0.029912, 0.497272, -1.041369, 0.871978, 0.319028, 0.733961, 0.438737, -0.694975, -0.835761, 0.996375, -0.552672, 0.606478, -1.398389, -0.566812, 0.256458, 0.356028, 0.397108, -0.440828, -0.262719, 1.674945, -1.742489, 0.345823, 1
0.718406, 0.464240, 0.886335, 0.198715, -0.782556, -0.576494, -0.075621, 1.580931, -0.605459, -0.763521, 1.195288, -0.120878, 0.275173, -1.710406, -0.107149, 1.006513, -0.601644, 0.902755, 0.703429, -0.639820, 0.345648, -0.469503, -0.292778, -0.319458, -1.093735, -0.816881, -0.107126, 0.360566, -0.989254, -0.523883, 0.167711, -0.248645, 1
1.271483, -0.398465, -0.407115, -0.560211, 0.066407, -0.739255, -0.994046, 0.142041, -0.425766, -0.452783, -0.157338, -1.146961, -0.050110, -0.216497, -0.604939, -0.242077, 1.317403, -0.333607, -0.626227, -0.436193, 0.035253, -0.566401, 1.558240, 1.014043, -0.547407, -0.451899, 0.271305, -0.003468, 0.716693, 0.538537, 0.704666, 0.216411, 1
2.217859, -0.076779, 0.600299, 0.643072, -0.429859, 0.571912, 0.101779, 0.101140, 0.445816, 1.096926, 0.048604, 1.624827, -1.184907, -0.642226, -0.684010, -0.101747, 0.553120, 1.376730, -0.130473, 0.185812, 0.505403, -0.763030, 0.497076, -0.305259, 2.527980, 0.171685, -0.149678, 1.291103, 1.210851, -0.327277, 0.208421, 0.224946, 1
0.653074, 0.369527, 0.431840, 1.368752, 0.045194, 1.293725, 0.107596, -0.782590, 0.279008, -0.688502, 0.819967, -0.095946, -0.576011, 0.592022, 0.320937, 1.345205, 0.166452, -0.793379, 0.251181, 0.710602, 0.233723, 0.429705, -0.461097, 0.481900, -0.244227, 0.689710, -1.114496, 1.311155, -1.030329, -0.558505, 1.315704, -0.624438, 1
2.133904, 0.669680, 0.579777, 0.216395, 1.225391, -1.295535, -0.369216, 1.335550, -1.072262, -0.270993, 0.517933, 0.226434, 0.646007, 1.179603, 0.835608, -0.137480, 0.540336, -0.611536, -0.024964, -1.179776, -0.146945, -0.488375, -0.269782, 1.486253, 0.023518, -0.760861, -0.044164, 1.234851, -0.344928, -0.486515, -0.023104, -0.996984, 1
-0.575067, -1.422257, 0.307980, 0.734063, -0.441510, -0.146775, 1.420712, -0.037330, -0.284506, -0.285172, 1.551584, 0.436490, -0.139892, 1.009413, 1.145229, -0.477352, 0.083624, -0.135500, 0.573533, 0.369060, -0.121082, -0.192295, 0.811785, -0.031298, -0.170825, 1.587778, -0.203261, -0.409088, 0.943788, 0.159980, 0.411492, 0.426585, 1
0.281828, 0.316777, -0.742319, -0.796859, -0.364444, -0.240373, 0.758359, 0.415525, 0.451415, -0.719121, -1.115126, 0.354383, -0.280570, 0.286909, -0.710795, -1.295819, 0.712356, 0.314385, -0.947262, 0.665090, -0.954275, 0.698900, -0.148477, 0.320937, 0.685713, 0.979818, 0.460084, 0.003631, 0.510129, 0.251184, -0.855506, 0.898030, 1
1.345076, 0.090016, 1.531742, -0.566556, 1.654203, 0.782821, -0.465351, -0.239030, 0.578225, 0.331708, 1.043838, -0.954134, 0.999430, 1.406214, -1.538449, 0.962958, 0.105657, 0.251381, 0.642696, -0.042068, -0.140445, -0.416762, 0.599458, -0.584312, -1.237544, -1.190075, 0.273460, -0.126515, -0.034003, 1.346075, -0.777905, 0.344930, 1
0.945273, -1.631997, 0.392186, 0.365590, 1.389805, 0.818833, -0.798795, -0.687593, -0.597384, -1.170222, 0.444990, -0.100022, -0.650091, -2.722980, -0.579633, -0.098379, -0.056752, 0.364439, 0.534950, 0.861243, 0.256651, 0.669199, -0.418495, -1.443108, 0.387295, 0.426897, -0.753024, -0.370825, 0.777983, 0.789646, -0.594101, -2.226346, 1
1.646424, -0.954722, 0.774100, -0.458551, 0.060847, -1.409222, -0.789649, 0.783008, -0.407013, -0.368682, -0.274588, -1.008328, -0.491614, 0.276260, -1.161777, 0.691145, 0.305749, -0.400870, 0.247846, -0.619490, -0.038120, 0.495882, -0.159842, -1.461266, -0.810395, 0.096192, -0.816405, 0.775838, 0.444447, -1.000500, 0.321616, -0.299747, 1
0.943513, 0.181625, -0.044711, 1.667544, 0.369068, 0.330279, -0.634997, -0.788693, -1.236324, 0.365004, 1.782108, -0.485656, -1.264264, 0.287777, -0.292281, 0.463711, -0.251536, 0.616054, -0.082915, -0.861143, 0.381906, -1.766460, -0.404438, -0.787557, -0.752436, 0.194313, 0.408507, -0.003075, 0.745483, -0.309383, -0.207324, -0.493151, 1
1.491970, 0.455913, -1.556136, -0.055662, -0.116941, 0.611104, -0.525753, -1.610642, 0.219146, 0.354260, 0.102824, -0.059600, -0.295536, -1.170886, 0.859399, -0.605929, -1.471620, -1.081433, -0.587953, -0.797762, -0.269157, 0.648685, 0.667867, -0.304459, -0.329777, -1.198634, 0.528469, 0.749968, 0.392815, -0.478749, -0.228000, -0.483366, 1
-0.457491, -0.911569, 0.707010, 1.043246, -0.659240, -0.982367, -1.813289, 0.073636, 0.071062, -1.385931, 0.170952, 0.181563, -2.330973, -0.087798, -0.182101, 1.873240, 1.157269, 1.256668, 0.437225, 0.034413, 1.364800, 0.593914, -0.072161, -1.461449, -1.195077, 0.200464, 0.273623, -0.236952, 1.065111, 0.715371, -0.423208, -0.211855, 1
0.639421, 0.042943, -1.189485, -0.276995, 2.140103, 0.023228, -0.362158, 1.444520, -0.820534, 1.948865, 0.039405, 1.176705, 0.807047, -0.240616, 0.778202, -0.360235, 0.063508, 0.936115, 0.480714, 2.207587, 0.828802, -0.839597, 1.263687, 0.634199, -0.305117, 0.171658, 1.212787, 1.208302, -0.644377, 1.054035, 0.002658, 1.364484, 1
1.222269, -0.201509, 0.084432, -0.416427, 0.561146, 1.902130, 0.026957, -1.014048, 1.353718, -1.930448, -0.867660, -0.492729, 0.216835, -0.500812, 0.532317, -2.770346, -0.491516, -0.036033, -0.680097, -0.011144, 1.526394, -0.166827, 0.511726, 0.441585, -0.865719, -0.348474, 0.098598, 0.378115, -0.934101, 0.705529, 0.135344, 0.592019, 1
2.260658, 1.114122, 1.151585, -0.217299, 0.028926, 0.101449, 0.300923, -0.038092, -0.698608, 1.401886, -0.622549, -0.837983, 1.525775, 1.125117, 0.903592, 0.983523, -2.030772, -0.574947, -0.918467, -0.679819, -0.127119, 1.168959, 0.253760, -0.254740, -0.433508, -0.908571, 0.036770, 0.198545, -0.259369, 0.895934, 0.058776, -0.289519, 1
1.375981, 1.233869, 1.782673, 0.320829, 0.818689, -0.160299, -0.407956, -0.766197, 0.363788, 0.065384, 0.757221, -1.178533, 0.511530, -0.471764, 1.238241, -0.768795, 0.215220, -1.196508, -0.709584, -1.147898, -0.136311, 0.183851, -0.062249, -1.019639, -1.248046, -0.390105, 0.739792, -0.197790, -0.722623, -0.396373, -0.213108, -0.028033, 1
2.727428, -0.284681, 0.304796, -0.829299, -1.451605, 0.188231, -0.265998, -0.166793, 0.267196, 0.860744, -0.726538, -0.713702, 0.420111, -0.104903, 0.822424, 1.398536, -0.859936, -0.609920, -0.636382, 1.037886, 0.133742, 0.283453, -1.425028, 0.486794, 0.392000, 1.028483, -0.573271, -0.923186, -0.185068, 0.968149, 0.176017, 0.786816, 1
1.358556, -0.288652, -0.226289, -1.027730, 0.390835, -0.643282, -0.229146, 0.882570, -1.384198, 0.566651, 0.014717, -1.021203, 0.294503, -1.172658, -0.038594, -0.985357, -1.057164, 0.486130, -0.926839, 0.062052, 0.655679, 0.425195, -0.393572, 0.067211, 0.028181, -0.108899, -0.609231, 0.454765, 0.552645, -0.590808, -1.266188, -0.390826, 1
-0.026797, 0.886204, 0.099448, -0.174291, -0.689265, 0.032459, -1.152997, 0.119240, 0.464466, -1.585817, 0.856169, -0.701508, 0.412291, 0.783734, -0.328168, -0.457431, 0.757956, -0.251387, 0.797308, -1.025569, 0.559170, -0.685302, -0.882097, -0.341116, -0.521445, -0.347902, 1.524966, 0.225293, -0.686537, -0.394615, 1.249813, 1.024391, 1
0.542481, 0.454911, 0.497378, 1.097368, 0.427094, -1.345889, -0.703213, 0.865107, -0.152345, -1.699526, 0.727266, 0.739446, -2.107643, -0.012849, -0.071588, 0.837015, 0.881749, 0.544905, 0.801343, -1.335213, 1.017302, -0.840027, 0.067559, 0.680195, -1.476295, 1.051392, -0.629385, -1.615762, -0.577171, -0.117410, -0.716146, -0.161114, 1
-0.376807, -0.279328, -1.003978, 1.152372, 0.078837, -1.206059, 0.101556, -0.298529, -0.014012, 0.334002, -0.030587, 0.844488, -0.136821, 0.081904, -0.074931, -0.153670, -0.634225, -0.401457, -0.337663, 1.418967, -2.072109, -0.608895, -0.479113, -1.678250, -0.739793, -1.964646, -0.107339, -0.323925, -0.594553, 1.034159, 0.474971, 1.405984, 1
0.880031, 0.570473, -2.001002, 0.075980, 0.252152, 0.523174, 0.012800, -0.745598, 0.539542, 0.674670, 0.839816, -0.069611, 0.372223, 0.312507, 0.799548, 0.483782, 0.567159, 0.313264, -1.569710, 0.758419, -1.069395, 0.133060, 0.110483, -0.821618, 0.110048, 0.369248, -0.309716, -1.425447, -1.042119, -0.527534, -2.622754, -0.769110, 1
0.496514, -1.243722, -0.134120, -0.662750, 0.023247, 0.556936, -0.387148, 0.268832, -0.269946, 0.773299, -1.114749, -0.182606, 0.683841, -0.545958, 0.616985, -1.145144, -1.486163, 1.087178, 0.121628, 0.309371, -0.828591, 0.688678, 0.151506, -0.353457, -0.740943, 0.929463, 1.111195, 0.982123, -0.380076, 0.612652, -0.193424, -0.845694, 1
0.894453, 0.227921, 0.855039, 1.027773, -0.580164, -1.525327, -0.655783, -0.128103, -0.692411, 0.556988, -0.007136, -0.940172, 1.233305, 0.742449, 0.460746, 1.480798, 1.065247, -0.701518, -0.341647, -0.645230, -0.508364, -0.614335, 0.087275, 0.093531, -0.660650, -0.395651, 0.664917, 0.425639, -0.018191, 0.765599, -0.388100, 0.257818, 1
1.734540, -1.070352, -0.874604, -0.463201, 0.685050, -1.084313, -0.698600, 1.185554, 0.614031, 0.851192, 0.743215, 0.007351, -0.439512, -1.203381, -1.701440, -0.819483, -0.421761, 0.203311, -0.175006, -0.514835, 0.683625, 0.006023, 1.051104, 1.057188, 0.711682, 0.434577, 1.181891, 0.809301, 0.662031, 1.424392, -0.002087, 0.017510, 1
0.847603, 1.823239, 0.531013, -0.177794, -0.318121, 0.266865, -0.568306, 0.390740, 0.229614, -0.550159, 1.177393, 0.968445, 1.565809, -0.314577, -0.251292, -1.152774, -0.466773, -0.489229, 0.896545, -1.011729, -0.620693, 1.165491, 0.785382, 1.552767, 1.797148, 0.044221, 0.268722, 0.277620, -0.504464, -0.384320, 0.860429, 0.818959, 1
1.042542, -0.084713, -0.626224, 0.983827, 0.019264, 0.397972, 0.280393, 0.215224, -1.139726, -0.420228, 0.035784, -0.729346, 0.355396, -1.861109, -0.259185, 0.974549, -0.233723, -0.866214, -0.211084, -0.263392, 0.233754, 0.359467, -0.273654, 0.434408, -1.722951, -0.894084, 0.054524, -0.647140, -0.190834, -0.292763, -1.387299, 0.698562, 1
0.381221, -0.656709, 0.433735, 0.000752, 1.343185, -0.824462, -1.332067, 0.206531, 0.130486, -0.718891, -0.459429, -0.846147, -0.349978, -0.026703, 0.151233, -0.542208, 1.138736, 0.570866, -0.387828, -0.874159, -0.033452, 0.491023, 0.610471, 0.687581, -0.679018, -0.111756, -0.170390, -0.157884, 0.051459, 0.543233, -0.604547, -0.595687, 1
2.235432, -1.465833, -1.165408, 0.780316, -0.096386, -0.419999, -0.217661, 0.748824, -1.151171, -0.110632, 0.343261, 0.569844, -0.616480, 0.738371, 1.117378, -0.209476, -0.341963, 0.479789, 0.654068, 0.787028, -0.893302, -0.116788, 0.117472, 0.686807, 0.973780, 0.849925, -0.123330, -0.140162, 1.502191, -0.664308, 0.539798, 0.309593, 1
1.035794, -0.059439, 0.806585, 0.330840, 1.563372, -0.183084, 1.229873, -0.729166, -1.134701, 1.176863, -0.016259, 0.435743, -0.008934, -1.244400, 0.690315, 1.100218, 0.005839, -0.046733, -0.801098, 0.921951, -0.477267, -0.441626, 0.389552, 0.161566, 0.244642, 0.367499, 0.311794, -0.967983, 0.557265, 0.646058, -0.216789, 0.829729, 1
0.265369, 0.625756, -1.508621, 0.620935, -0.336140, -0.316959, -0.256721, -1.047623, -0.915991, -0.538926, 0.033102, -0.165420, 0.032803, -0.812386, -0.639780, 0.746711, -0.519876, -0.373356, 0.970245, 0.110205, 0.429420, 0.104196, 0.722050, 0.497511, -0.259595, -0.230879, -0.548244, -0.294320, 0.968063, -0.896406, -1.737911, 0.829529, 1
0.813836, -0.948775, 2.328973, 0.220713, -0.154058, 1.425893, 0.711027, -0.595514, -1.219457, -0.528655, -0.323742, 0.293870, 0.164982, 0.379660, -0.191313, 0.784787, 1.002228, -0.292456, 0.567249, -0.065849, -0.191917, 1.331193, -0.480769, 1.985706, 0.392334, -0.868324, -0.284862, -0.383714, 1.255955, 0.078461, 0.767102, 0.157032, 1
1.419606, -0.204250, -0.781862, 0.696161, 0.602289, 0.497817, 0.503473, 0.755305, -0.249327, -0.822214, 0.635604, -0.531394, -0.209078, 1.195631, 1.491636, -0.637277, -1.386482, -1.147081, -0.665080, 0.082202, -0.238478, 0.378494, 0.340801, 0.767467, -0.218711, 1.162254, 0.153443, -0.897145, -1.403180, -0.108599, 0.287491, 0.887444, 1
0.932932, 0.325541, 1.912250, 1.360352, 0.226306, 0.151119, 1.761049, -1.240174, -1.345409, -0.057234, -0.915993, -0.968354, 0.073870, -0.406823, -0.509799, 0.900621, -0.677113, 0.050998, 0.813792, 1.203336, 0.964634, 1.499392, 0.538190, 0.269084, -0.327569, 0.464137, -0.909458, -0.195839, -0.701316, 0.490135, -0.088435, 0.551987, 1
0.821764, 1.148879, -1.901376, 0.697236, -0.327337, -0.644707, 0.405492, 1.002040, 0.730084, -0.477911, -0.058560, 0.893741, -0.472003, -0.462691, -0.308651, 0.557651, 1.092667, -1.353331, 1.093501, -0.318315, 0.603799, 0.326423, -0.584898, -0.600184, -0.383803, 0.061804, -0.416797, -0.244442, -0.334212, 0.346916, -0.786822, -0.287455, 1
1.418247, 0.424484, -0.630874, -0.398671, 0.036398, 1.462440, 0.118547, 0.236159, 0.827329, 0.137491, 0.617746, 1.297237, -0.391201, -0.466900, 0.044518, 0.341002, -0.232747, -0.070167, 0.080778, 0.921225, -0.551464, 0.073805, -0.186841, -0.339721, -0.374434, -0.160400, 0.458254, -0.783203, 0.506398, 0.827316, -0.851200, -0.698891, 1
1.155789, -1.656035, 0.185710, -0.961885, 1.554198, 1.683051, -0.160895, -0.825829, -0.230968, 0.777826, 0.932026, -0.216347, 0.744505, 1.006247, 0.090352, 0.939181, -0.782328, -0.615073, -0.465384, 0.479877, -0.467840, -0.764251, 1.029586, 0.487166, -0.136670, -1.108444, 0.301566, -0.893205, 0.917634, 1.237054, 1.625563, 0.472319, 1
0.703314, 0.935199, 0.446947, -0.978036, -0.123564, -0.869865, -0.174207, 0.332532, -0.962112, -0.445401, 0.187860, 1.051906, -1.233700, -0.984449, 2.129411, 0.700850, 0.087434, 0.122367, 0.481664, -0.845703, 0.785752, -1.055976, -0.123779, -1.273037, 0.065096, -0.528678, 1.272385, -0.383539, -0.970491, -1.358074, 0.890141, 0.280981, 1
1.868589, 0.289839, 0.554013, -0.222236, 0.396223, 0.838976, 0.097354, 0.214990, 0.778293, 0.125318, 0.094591, 0.164186, 0.489618, 0.059206, 1.479619, 0.025716, -0.350539, -1.061769, 0.397871, 1.165151, -0.735225, -0.095388, 0.675622, -0.100972, -0.797738, -0.864962, 0.341326, 0.764699, -0.132884, -1.475072, 0.404907, -0.568457, 1
0.837460, -0.001888, -1.225531, 1.013716, -0.174909, 0.233907, 0.837332, 0.117999, 0.270143, 1.056482, 1.196896, 0.048551, 0.068104, -0.062847, -0.608754, 0.175173, 0.261410, -0.011404, -0.262158, 0.058008, -1.381670, -0.395551, 0.370238, -0.243628, -1.474234, 0.086499, -0.253642, 0.967998, -1.620491, -0.186151, -0.481140, -0.205799, 1
0.735192, -0.882911, 0.433912, 0.243119, 0.263057, -0.082610, 1.502607, 0.458419, -0.144204, -0.263836, -0.369393, -0.310914, 0.075294, 0.842861, -1.672041, 0.657311, 1.107657, 0.002122, 0.547678, -0.868842, -0.810754, 0.121098, 1.298591, -0.877751, -0.641710, -0.310801, -0.760029, 0.467485, 0.766982, -0.263793, -1.052004, -0.221305, 1
0.519413, -0.610394, -1.031482, -0.921828, -0.519591, 1.139291, 1.224079, 0.142990, -0.220809, 0.350352, -0.939887, -0.361814, -0.352294, 0.527642, 0.048570, 1.839533, 0.414088, -0.297040, 0.586351, 0.612542, 1.347778, 0.286694, 0.453542, -0.506689, -0.869579, -0.690624, 0.145740, -0.203092, -0.476144, 0.108777, -1.469348, 0.747491, 1
0.843015, -0.022423, 0.102134, 0.044457, -0.617958, 0.407305, -0.334090, -0.721313, -0.655291, -0.391382, -0.967093, -1.336459, -0.990869, -0.333746, 0.646845, 0.976375, 1.000959, 0.595143, -0.169919, 0.210390, 0.334698, -1.083239, -0.477830, -0.151031, 1.555571, 0.189529, -0.302909, -0.108938, 0.824121, 0.388159, -0.445805, 0.546145, 1
0.421220, 0.680892, 0.714840, 0.436513, -0.232631, -1.449620, 0.315043, 0.121676, 0.227615, -0.658093, 0.200333, -1.522932, -0.216101, 2.600396, 0.775757, -1.220979, 1.154939, -0.001706, 0.147683, -0.666602, 0.054885, -0.092915, -0.640004, -0.485992, 0.841708, 1.513425, -0.284488, -0.034669, 0.394137, 1.088132, 2.405169, -2.182245, 1
1.582027, 0.311202, 0.244812, -0.228559, 0.806965, 1.022145, -0.955597, -0.065516, 1.398136, -0.426776, 1.830294, 1.301904, 0.525125, 0.416435, 1.007296, -0.356976, -0.538820, 0.269964, 0.999757, 0.209234, -0.110821, -0.096455, 0.916564, -1.023762, 0.998465, 0.242346, 0.728855, -0.051757, -0.213418, -1.099187, -1.059356, 1.077293, 1
0.898090, 0.806425, 0.410607, 1.056966, 0.831976, 1.373109, -0.153633, -0.029534, -0.840722, 1.040787, 0.511147, -0.385544, -0.098702, -1.383134, 0.399930, 0.386727, -0.003125, 0.515760, -0.776222, 0.527417, -0.403883, -0.638042, -0.483132, 0.891417, 0.269408, 0.591929, 0.172610, 1.371626, 0.087122, -0.346681, 0.563514, 0.661509, 1
1.174631, 0.177250, 0.886527, 0.238306, -0.318412, -0.836108, 0.709184, -0.922722, -0.682796, -0.184854, -0.058618, -0.974531, 0.482688, -0.223193, 0.968161, -1.262538, -1.687465, 0.761878, 0.906254, -0.857989, -0.415311, 0.350573, 0.357052, -0.257338, -1.462532, -1.142715, -0.561732, -0.689390, -0.213179, -0.474103, 0.560129, 0.659018, 1
1.509860, -0.513644, -1.705506, -0.839132, 0.808845, 1.107089, -0.123427, -0.760488, -0.149445, -0.268229, 0.276365, 0.932883, -0.264465, 1.546087, -1.444577, -0.019071, -0.175996, 0.321675, -0.431587, 0.280250, -2.290122, -1.237147, 0.807143, -0.554727, -0.679637, 0.803754, -0.707752, -0.898479, -0.040816, 1.022928, 1.096593, 0.699283, 1
0.940699, -2.263797, -0.178751, 0.165945, -0.585413, -1.255727, 1.940132, 1.002237, 0.715873, -0.356904, 0.715622, 0.117030, 0.567144, 0.677828, -0.635163, 0.770193, -0.823349, -0.205384, 0.288081, -0.350456, -0.704726, 0.633408, 0.981849, 0.148035, -0.987581, -0.799589, -0.140334, -0.876278, -0.955159, 0.739299, 0.198180, -1.113129, 1
-0.121426, -0.441084, 0.532942, -1.170822, 0.128570, 0.193852, -0.981326, -0.531655, -0.297121, 0.217939, -0.398355, 0.058091, 0.006409, 0.132808, 0.310272, 0.649583, 1.172488, -0.928471, -0.234956, -0.338701, 0.082315, -0.071787, 1.166623, 0.640641, -1.226112, 0.028704, 0.542234, -0.360513, -0.729656, -0.074487, -0.190690, 0.501531, 0
-1.024574, -0.393358, 0.037075, -0.595715, -0.110934, 0.140534, 1.331761, 0.661620, -1.880339, 0.222018, -0.932332, -1.150830, 0.971484, -0.261416, 0.001935, -0.070846, -0.762150, 0.891430, -0.335748, 1.050606, -0.462009, 0.239646, 0.547329, -0.000072, 0.128618, -0.358122, 0.192175, 0.343945, -0.147441, 0.623410, 0.341982, 0.148506, 0
-1.632613, -1.253492, 1.117889, -0.057750, -1.409850, 0.247864, -0.907442, 0.853218, 1.260836, -0.308343, -0.270532, -1.461175, -1.318562, -0.383884, -1.078657, 0.810152, 0.613518, 0.250805, 0.258715, 0.053596, 0.336136, 0.658235, -0.551251, -0.499812, 0.869848, 0.218719, -0.173661, -0.727475, -0.196187, 0.512535, 1.334815, 0.217199, 0
-2.171587, -0.912205, -0.875967, -0.267831, 0.031824, -0.559578, -0.441381, -0.651737, -0.297767, -0.170564, 0.228533, 0.994354, -1.016441, 0.546120, -0.307673, -1.085922, 0.683166, 0.482214, -0.502995, 0.450734, -0.405148, -0.853911, -0.192285, -0.007204, 0.452635, -1.464064, 0.937346, 0.463917, -1.023808, 0.741783, 0.907115, -0.241490, 0
-0.950913, 0.540004, 0.539006, -2.194472, -1.394266, 0.182122, -0.654856, -1.163851, -0.109756, -0.902752, -0.614867, -0.188200, -0.010168, -0.916673, -0.768777, 0.088361, 1.842203, 0.048916, 0.871088, 0.301566, -1.358781, -0.199124, -0.190259, -0.413450, 0.100860, -1.514394, 0.324841, 0.463127, -0.610008, -0.756308, 0.263948, -1.221436, 0
-0.839817, -0.206762, 0.082177, -0.788778, 1.131478, -0.088793, -0.032141, 0.265864, 2.016538, 0.214643, -0.754671, 0.238086, 0.339020, -0.852923, 0.446951, -0.545557, 1.123359, -1.117712, -0.556458, 0.412266, -1.040134, 0.577398, -0.981117, 0.432236, -0.027172, -0.195915, -0.165868, 0.844193, -0.025259, 1.015257, -0.750691, 0.177034, 0
-0.468196, -0.151957, 0.648178, -0.677964, 1.736499, -0.291745, 0.318933, -0.345704, -1.234182, -0.654833, 0.469599, 0.369049, 1.501373, 0.298238, -0.004286, 0.035481, -1.402807, 0.138768, -0.319713, -0.909228, 0.463726, 0.337279, -0.375643, -0.392172, -0.315343, -0.090773, 0.151747, -0.003821, 0.791409, -0.886436, 1.226477, 1.679292, 0
-1.590755, 0.211971, 0.557056, -0.398470, 0.290350, -0.109005, -0.669235, -0.291661, 0.975135, -0.615555, 1.439684, 0.532414, 0.840119, 0.462897, -0.492897, 0.626084, -1.341753, 0.826492, 1.068551, -0.524459, -0.008219, -0.175990, 0.689387, -0.933470, 0.163209, 0.659814, 1.435850, -0.279889, 0.626620, 0.391559, -1.310135, -1.460200, 0
-0.274780, -0.385226, -1.337427, 0.279340, -0.361987, -0.076678, 0.101704, -0.745906, 1.566044, 1.425077, 0.195803, -0.442942, 0.454283, 0.296840, 0.262591, 1.725631, 0.191411, -1.348340, -0.035501, 1.279884, -0.574858, -0.362840, -0.350932, 0.661303, -0.061797, -0.547454, 1.432133, -0.092719, 0.247912, -1.688043, 0.296504, 0.313318, 0
-0.495736, 0.094212, 0.244626, -0.319932, -1.273654, 0.261286, -0.328954, -0.737746, 0.208277, 0.596353, -0.673313, -1.279426, 0.923726, -0.181640, -0.460159, -0.107281, -1.267753, -0.321691, 1.092777, -0.340254, -0.252611, 1.524487, 0.508860, -0.043206, -0.164209, -0.588014, -0.787163, -0.296590, -0.029806, 1.146159, 0.382648, -0.239170, 0
-0.805777, 0.819899, 0.498502, 1.082345, 1.507104, -1.169021, 0.793157, 0.500561, -0.679618, -0.185727, -1.274639, -1.103935, 0.635551, -0.612540, -0.016046, 0.896561, -1.061493, -0.295396, 1.294929, 0.991610, 1.521449, 0.146139, -0.433818, -0.105237, -0.753691, 0.857608, -0.729605, -0.008639, -0.642464, 0.438486, 0.980819, -0.417686, 0
0.553134, 0.351512, 0.664285, -0.782262, -1.152647, 0.708674, 0.538949, 0.880927, 0.566861, -0.335712, 0.708394, -0.649641, -0.519862, -0.715326, -0.609562, 1.315877, -0.855643, -0.266577, -0.282425, 0.499189, 1.614794, 0.254689, -0.264212, 2.431199, -0.093789, -0.019471, -0.609098, 0.916834, -0.892364, 1.018738, -0.336180, -0.642299, 0
-1.198798, -2.057336, -0.884008, 0.388734, -0.927527, 0.450142, 0.115408, -0.537737, -1.013018, -1.784728, -0.883839, -1.079550, 0.213537, 1.241617, -0.990812, 0.258734, 0.901372, -1.351923, 0.854637, 0.722327, -0.156753, -1.258849, -0.027839, -0.588008, 0.650892, -0.067668, 0.719257, -0.570826, 0.121902, 0.055987, -0.345379, 0.393591, 0
-0.383159, -1.350356, 0.019100, -0.314199, -0.655357, 0.445877, -0.453463, -0.968832, -1.658193, -0.545584, -0.869195, 0.281787, -0.973411, 0.140199, 0.410564, -0.957889, -0.205744, 0.052202, -0.097172, 0.137448, -0.458825, 0.490721, -0.003540, 0.056326, -0.023384, -0.309183, 1.730208, -0.081897, 0.042907, -1.226603, -0.125083, 0.105822, 0
-2.292808, -0.639172, -0.307455, 0.727782, 1.032508, 2.083854, -0.323942, 1.603206, 0.623556, -1.981262, 1.276277, -1.722972, -0.178363, 0.770083, -0.936576, -0.100647, -0.484003, -0.094252, -1.162703, 0.322237, -1.449691, 0.907062, 0.101848, 0.504679, 1.205740, -0.427589, 0.079792, 0.151691, 0.249245, -1.621062, -0.597780, 0.770733, 0
-2.307357, 0.124287, -0.276861, 0.458922, -0.247349, -0.057241, -0.113033, 1.586141, -0.355933, 0.807893, 0.343270, 0.143060, -0.780080, 0.877284, -1.181506, 0.891384, 0.965741, -0.195812, 0.628962, -0.779984, -0.831281, 0.244423, 0.656694, -0.123509, 0.284918, -0.790423, -0.021704, 0.815746, -0.642642, 1.635866, 0.018214, -0.694345, 0
-1.432533, 0.307382, 0.535528, -0.266800, 0.846932, 0.914940, -2.218691, -1.072056, 0.856577, 0.117399, 0.943359, 0.103905, -0.250543, 0.100067, 0.476701, -0.211671, 1.560816, -0.278637, 0.261751, 1.164628, -0.949682, 0.431099, 0.898578, -0.195465, -0.292184, 0.414017, -1.262371, 0.679199, -0.968723, -0.638183, -0.015301, -1.721600, 0
-0.490242, -0.715864, -0.194978, 0.428415, 0.969693, 0.727697, 1.048354, 0.807405, 0.987513, 0.200631, 0.924715, -0.557495, -0.285609, -0.989514, -0.039126, 0.095438, -0.924789, 0.278105, -0.228221, -0.056767, -1.195633, -0.063631, 1.741847, 0.050401, 0.889753, 1.490469, -0.110102, 1.001014, -0.536788, -0.574480, -1.153459, -0.076656, 0
-0.823984, -0.411029, -0.128955, -2.067002, 0.285453, -0.216847, -1.318704, 1.028538, -0.510029, -0.770216, -1.189799, -0.760849, -0.035967, 1.538032, 0.013093, 1.061684, -0.698033, -0.313299, 0.310997, -0.545525, 0.384147, -0.320486, 0.071113, 1.396095, 0.675370, -0.685879, -0.728128, -0.221583, -0.081450, -0.766312, 1.161181, 0.099280, 0
-0.668249, 1.153574, -0.610920, 0.908490, -0.757348, 0.278235, -0.441270, -0.248291, 0.773763, -0.388777, -1.043823, 0.561309, 0.040147, 0.190035, -0.339562, -0.230587, 0.422920, 0.149049, -0.248708, 0.877307, -0.093484, 0.506705, -1.305724, -0.329162, -1.450675, -0.398433, -0.175978, 0.087681, 0.464032, 1.177294, 0.221877, -0.390471, 0
-0.488677, 0.684570, -0.372140, 1.213016, -0.447935, 0.220922, 0.396179, 0.697552, 0.472390, 0.445305, -1.301908, -1.386715, -0.042253, -0.471655, -0.951031, 0.022829, -0.322133, 0.936903, 0.694747, 0.106392, -0.194315, -0.452741, 0.167409, -0.045060, -0.442758, -0.393819, 0.395514, -1.676185, -0.369975, -1.066969, 0.740910, 0.143483, 0
-0.621392, 0.902977, -0.362855, 1.056788, -0.093249, -0.444343, 1.589457, -0.246639, -0.515915, -1.128080, -0.006502, 0.147547, 0.198933, -0.319902, 0.849807, -0.310799, -0.836161, 0.799837, 0.848786, -0.529039, 0.144943, -0.465195, 0.159970, 0.971691, 0.190647, -1.705685, -0.131956, 1.179003, -0.351922, 1.057221, -0.414249, -1.333492, 0
-1.763638, 1.451661, 0.211124, 1.186955, -0.374975, 0.820220, -1.152140, -0.972388, 0.768731, -0.331298, 1.239018, -0.693393, -1.016012, 0.214227, -0.387516, -0.734155, -0.590234, 0.041424, -0.830423, -0.819044, -0.098459, -0.519468, 0.083849, -0.668102, -0.583642, -1.125590, -0.088370, 0.528457, 0.073615, 1.265503, 0.312421, -0.638399, 0
-0.356860, -0.128386, -0.506845, 0.172267, 1.297886, 0.233770, -0.590402, -0.583464, 1.285352, -0.154467, 1.523563, 0.656334, -0.181235, 0.510165, 1.045763, -0.093739, -0.195138, 0.608525, -1.472622, -1.139725, -0.815609, 0.136399, 0.387194, -0.059327, 0.336465, -0.263152, 0.239298, 0.219692, -0.781653, 0.318998, -0.010703, 0.453171, 0
-2.060962, -1.387139, 0.141987, -0.496156, 0.525346, 0.579795, -0.090868, -1.135093, -0.667829, 0.091149, 0.068602, -0.959151, -0.670275, -2.354193, -0.421132, -1.140136, -0.584255, 0.374072, -0.007317, 0.034105, 0.083011, -1.878317, -0.570949, -0.941547, -0.794164, -0.588622, -1.176974, 0.166053, 1.194224, -1.180570, -0.451782, 0.084388, 0
0.155147, 0.538945, -0.498991, 0.064277, 1.014047, -1.096523, 0.441457, 0.136182, -1.715126, 1.482908, 1.196662, -0.956486, 0.072220, 0.431796, -0.471577, 0.396601, -0.340097, -0.824748, -0.221087, 1.131344, 1.785732, 0.442908, 0.602938, 0.281937, -0.108952, 0.795049, 0.437795, -0.249784, 0.247515, -1.108896, -1.483207, 0.919293, 0
0.437569, -0.562457, 0.467407, 0.240139, -0.160330, 0.590983, 1.174780, 0.541597, 0.592251, -0.509115, 0.243794, 0.482649, 0.309456, -0.714746, 0.311360, -0.287970, -0.321967, -0.551534, -0.613027, -0.249851, 1.459318, 0.108499, 0.155576, 1.054727, -0.528387, -0.381949, 0.198916, 0.810741, 1.307189, -0.804098, -0.638217, -0.113894, 0
-1.428229, 0.070827, -0.037976, 0.637964, -1.070480, -0.150515, 0.966995, -0.778751, -0.266530, 0.081269, 0.139088, -0.264156, 0.500036, -0.012272, -0.505798, 1.731311, 0.090959, 0.271080, 0.426095, -0.717063, -0.571600, 0.063436, 0.077581, 1.251366, -0.608375, 1.126775, -1.587736, -0.178107, 0.038264, 0.355091, 0.087439, 0.096710, 0
-0.257317, 0.700735, -0.410035, 0.172332, 1.740429, -1.495129, 0.098301, 0.347563, -0.090941, 0.135618, -1.570245, -0.275426, -0.433099, -0.728279, -1.347629, 0.062725, 0.283656, -0.890592, 1.492070, -0.547339, 0.463073, 0.971649, -0.934459, -0.350086, 0.984229, 1.124556, -1.204265, -2.383366, 2.075799, 0.705230, -0.090121, 0.412659, 0
0.197253, 0.901568, 0.312418, 0.427563, -0.300238, -0.450283, -1.058049, 0.707587, -1.196966, -0.770201, -0.511440, 0.920089, 0.178650, -1.288269, 0.288660, -0.907405, 2.097416, 0.300102, 0.664746, 0.083170, -1.533121, -1.064878, 0.533618, 0.020759, -0.558654, 1.409496, 0.234216, 0.873756, -0.565854, -0.479768, -0.827902, 0.798674, 0
-0.608859, -0.643301, 0.033566, -0.495158, 0.432296, 0.182431, -1.419773, 0.633241, 1.417153, -0.429390, 1.077759, 0.710906, 0.279830, -0.505520, 0.422106, -0.512638, -0.351573, -0.368895, -0.558722, -0.395081, 0.723531, 2.383070, -0.176425, -0.118446, -0.859561, -0.733707, 0.823728, -0.121915, 0.312433, 0.747260, 0.636522, -0.980057, 0
-1.784228, 0.098366, 0.636328, 0.493669, 0.371812, 1.079965, 0.785940, -0.330268, 2.308496, -0.353477, -1.161963, 1.388731, 0.489269, -0.427973, -1.696651, 0.571385, -1.112905, 0.085442, 0.770126, -0.164552, -0.731149, 0.816057, -1.541012, -0.385598, -1.703990, 0.576783, 0.801630, -0.443887, 0.260907, -0.314710, 0.738514, 0.640899, 0
-0.785372, 0.995419, 0.243229, 0.106158, -0.113224, -0.420958, -0.312569, 0.689032, 0.662879, 0.195121, 0.378117, -0.140563, 0.316517, -0.649876, 0.712851, -0.228220, -1.950458, 0.405378, 0.011615, -0.804795, 0.280363, -0.946158, -0.161430, -1.293534, -0.900314, -0.510184, -1.018884, -0.983856, -0.012296, -0.542300, 0.115769, -0.170033, 0
-0.991459, -0.098043, 0.484726, -1.141073, -1.168846, -1.302258, 0.649052, 0.566010, 0.027776, -0.580866, 0.752186, -0.927449, -0.166292, 0.069530, 0.079187, -1.248083, 0.802631, 0.691035, 0.194066, 0.656564, 0.750806, 1.130483, 0.859566, 0.166226, 0.704961, -0.309495, -0.410915, -0.842360, 1.117749, -1.222331, 0.244196, -0.130415, 0
-1.915833, -0.642082, -0.272670, 0.152501, 1.166712, -1.114220, 1.294452, -0.202676, -0.945570, -1.779680, -0.484980, -0.511031, -0.668211, 0.427616, 0.938648, 0.386963, -0.078907, -0.220269, 1.248700, 1.051702, -0.167401, -0.023268, -0.291441, -0.726409, -0.667115, 0.160747, 0.521727, 1.312451, -0.016234, 0.568609, -0.946985, -0.928831, 0
-2.091155, 1.930827, 1.330313, -0.246902, 0.679637, -0.411789, -0.030149, -0.023327, 0.395113, -0.086010, 0.029075, -0.549651, -1.007314, 0.852875, 0.595999, 0.866169, -0.426187, -0.900252, -0.647714, -0.559665, 0.977646, -0.134808, -1.334091, -0.461342, 1.483575, -0.214029, 0.568872, 0.250011, 1.202262, -0.581083, -1.231240, -0.009170, 0
-0.187552, -0.793325, -0.298771, -0.194491, -0.254024, -0.166605, -0.503138, -0.370096, -0.918193, -0.211650, 0.828048, -0.095707, 0.267659, 0.719559, 0.629325, 0.109670, 0.722613, -0.501290, 0.085134, -0.169156, 1.286021, 0.267009, 1.367374, 0.624897, -0.490932, 0.315154, -0.446815, -1.426786, -0.826376, 0.246476, -0.067887, 0.744673, 0
-0.371698, 1.731753, -0.428065, 0.084523, 0.311211, 0.514922, -0.168695, -0.431642, -0.982569, -0.662022, 1.437197, -0.759355, -0.525812, 1.081797, 0.621863, -2.130454, -0.436712, -0.087705, -0.228160, 0.080505, 0.190150, -0.239000, -0.559112, 0.118671, 0.581608, -0.885718, 0.509513, -0.573519, -1.188493, 1.097961, -0.729354, 0.346544, 0
-0.760060, 0.490484, 1.329839, -0.452526, 0.469212, -1.322205, 0.147599, 0.338039, -0.384129, 0.668191, 1.068215, 0.198387, 0.808258, 0.368953, 0.039984, -0.166227, 0.440737, -1.055464, -0.671190, 0.894307, -0.430499, 0.183353, 1.246998, 1.238392, 0.124916, 0.991626, 0.621711, -0.027669, 0.699744, -0.502423, -0.581663, 0.106288, 0
-1.442067, -0.076987, 0.425563, -0.066686, 0.781171, -0.373649, 0.360230, 0.261825, 0.914470, -0.202588, 0.088137, 0.732577, 0.090344, 1.026007, 0.365230, -0.879237, 0.270485, -1.416684, 0.492989, -0.818464, -0.200249, -0.562278, 0.161778, -0.972392, 1.593087, 0.689051, -0.356502, 0.266168, -0.733585, -1.383976, -0.649836, -0.188029, 0
-0.918736, 1.783963, -0.822089, 0.685913, -1.243153, -0.514661, 0.065494, 0.515309, 0.205278, -0.054096, -0.331166, 0.643451, 0.859611, 0.584520, -0.138075, -0.576659, -0.108358, 0.606009, 0.718696, 0.997686, -0.524525, -0.347543, -0.024863, -0.286486, -0.418776, -0.370567, 0.712816, 0.593877, 0.659584, 0.223246, 0.040420, -1.212695, 0
-0.922035, 0.538438, 0.765100, 0.455109, -0.352818, -0.889799, -0.794616, -0.076339, -2.026645, 0.727819, 0.651623, 0.093467, -1.140632, -0.183027, -0.600450, 0.603366, 1.826146, 0.270602, -0.408571, 0.552062, -0.095750, 0.029448, 0.599104, 0.729767, 0.367246, -0.814948, 1.458154, 0.438215, 0.359074, 1.249736, 0.450247, -1.113409, 0
-1.356670, -0.592918, -0.124830, 1.759221, -0.849012, -0.634904, 0.759192, -0.567858, -0.627169, -1.254316, -0.922814, 0.199910, -0.323479, 0.888882, 0.709827, 0.433386, -0.658958, -0.581896, -0.373126, -1.371106, -0.089225, -0.335037, -0.065101, -0.126504, 1.339707, 0.915337, 0.534829, -0.734931, 1.172353, 0.835809, 1.052170, -0.578279, 0
-1.787647, -0.991086, 1.352186, -0.063655, -1.303537, -0.128328, 0.327389, 0.631598, 0.515455, 0.610623, -0.084984, 0.040640, 1.546748, -0.124910, -0.138995, 0.464729, 0.421201, 1.053061, -0.025306, -0.568243, 1.068233, -0.470377, -0.825097, -1.058220, 1.222006, -1.413434, 0.147790, 0.312987, -0.475794, -0.638298, 0.591430, -0.942661, 0
-1.885152, 0.444476, 0.214909, 1.253483, -0.305523, -0.646829, -0.509417, -0.190897, -0.725613, -0.699312, -0.698345, 0.820879, 0.258816, 1.928226, 1.275234, 0.584377, -1.658316, -0.996384, 0.821937, -0.189257, 0.087439, 0.015862, 1.205002, 0.832323, 0.609983, -0.216029, -1.138712, 0.101873, -0.679223, 0.322256, 0.457614, 0.455031, 0
-1.385269, -0.319460, 0.189435, -0.691463, 0.271832, -0.780861, 0.542986, -0.047397, 1.080535, -0.150874, -0.349689, 0.575246, -0.831741, 0.612994, -0.382179, 0.922310, 0.170719, 0.202103, -0.847241, 0.063907, 0.902254, -0.357128, 0.002519, -0.210316, 1.620582, 0.361240, -1.159005, -0.852390, -0.114429, -0.144680, -0.757211, 0.545650, 0
-0.766766, 0.700369, 0.673462, 1.064768, -0.004688, -0.570497, -0.297903, -1.710403, 0.533580, 1.889739, -0.188882, -0.764750, -0.577340, 0.065725, -0.002637, -0.293104, -0.352601, -1.134151, -0.166465, -1.079594, -0.825530, -0.956955, 0.085322, 0.482998, 0.471966, 0.786052, 0.946178, 0.171264, -0.280253, 0.064008, 0.953378, 0.208387, 0
-2.418546, 1.050447, 0.073166, -0.074980, 0.386285, -0.903511, 0.174453, -1.037446, 1.721194, 0.883055, 0.358653, -0.003125, -0.581119, -0.713213, 0.117665, 0.322358, -0.411230, -0.323439, -0.346422, 0.381107, -0.309743, -0.610429, -0.649209, -0.225827, 0.537559, 0.530041, 1.262561, 0.848888, 0.565478, -1.693079, -0.349014, -0.789078, 0
-0.493663, -0.330983, 0.474036, 0.400316, 1.099119, -1.112759, -0.152230, -0.142861, -0.233052, 0.132515, 0.204206, 0.592212, -0.097013, -0.399141, -0.218614, -0.788747, 1.059074, 0.175802, -0.621911, -0.716245, -0.017245, 0.830572, 0.521058, -0.558067, 0.975373, 0.189105, -1.015882, -0.268847, -0.728244, -0.016032, 1.266041, 0.447937, 0
-1.575081, 0.683470, 1.232632, 0.778867, -0.652180, -0.225876, -0.197072, -0.474196, 0.032722, 0.835543, 0.046947, 0.057818, -0.855037, 0.818133, -0.711776, 0.827045, -0.308025, 0.492523, 0.576631, 0.022666, 0.435643, 0.613974, 1.336683, -1.249407, 0.055106, 0.292436, -0.252122, 0.380785, 0.574044, 0.297715, 0.523468, -0.442694, 0
-1.725840, 0.604630, 0.004630, 0.268671, -1.010649, -0.743373, -0.866919, -0.815771, 0.565666, -0.458145, 0.060626, 1.295068, 0.019364, 0.518838, 0.282655, -0.734550, -0.030097, -0.149214, -0.788600, -0.500865, 0.511388, 0.063153, 0.920590, 1.477259, 0.459652, 0.490508, -1.065896, -0.271075, -0.761614, 0.590044, -0.597072, -0.580856, 0
-0.934826, -0.770009, -0.945722, 0.841362, 0.371479, 0.901994, -0.065048, 0.424270, 0.492658, 0.977909, -0.587972, -0.892680, -0.450719, -0.818219, 0.306743, 1.270499, 0.418009, 0.779034, -0.877876, 0.061592, -0.105665, -0.624504, 0.321039, 1.056782, 1.796482, 0.332746, 0.128441, -1.219070, -0.498827, 0.292101, 0.147816, -0.744270, 0
-1.948114, -0.838238, 0.367085, 0.775817, 0.290035, -0.310499, 0.547446, 0.579105, -0.777534, 0.621953, 0.161269, -0.320005, 0.862514, -0.744011, 0.524937, -1.163642, 0.191790, -0.521250, 1.842158, -0.654101, 0.377126, -0.718951, 0.026283, 0.288228, -0.471653, 0.687867, 0.558734, -0.008737, 0.229408, -0.601554, 0.153352, -0.082299, 0
-1.523554, 0.166995, -0.860686, 0.473595, 0.708288, -0.675590, -0.691835, 1.001431, -0.152377, 1.528358, -0.582504, -0.155542, -0.413222, -0.928188, 1.530949, 0.072784, -0.681138, -0.565656, -0.466644, -0.240596, -0.031874, -0.869747, 0.210454, -0.255604, 0.332644, 0.624746, -0.236556, -0.637424, -0.884554, -0.080437, -0.760876, 0.320426, 0
0.486606, -0.571588, -0.134273, -0.111727, 0.332469, -0.394254, 0.178945, 1.127840, -0.960232, 0.278548, -0.045866, -0.488604, 0.770337, -0.484304, 1.021079, -0.361805, 0.385420, -1.528444, -0.157424, -1.625994, -0.332326, 1.113848, -1.280597, -1.215791, 0.398712, 0.003574, 0.847483, -0.530944, -0.341305, -0.351565, 0.367985, -0.159456, 0
-2.278240, 1.197611, 1.576976, -1.193244, 1.095970, -0.316601, -1.397660, -0.913973, 0.445792, 0.834700, 0.261967, -1.412183, 0.049150, -0.077787, -1.421396, 0.028778, 0.609280, 0.374925, -0.725641, -0.726820, 0.864349, 0.609328, -0.620178, 0.529538, 0.140724, -0.578714, -0.041934, 1.414171, 1.378771, 2.318724, 0.413478, -0.773930, 0
-0.878934, -0.084640, 0.140914, 0.904773, -0.026254, -0.149398, -0.808826, -0.420072, 0.031948, -1.022162, 0.190963, -0.344258, -1.891783, -0.394890, 0.295906, -1.477223, -0.018250, -0.914167, 0.874636, 0.093386, 0.730077, 0.124505, -0.921687, 0.241169, 0.582849, -0.371414, 0.927167, 1.651423, -1.237850, 1.176890, -0.872523, -0.518586, 0
-1.398793, -0.351242, -0.977807, -0.061834, 0.170480, -1.206020, 0.686766, 0.317632, -0.003829, -1.388000, -0.410404, 0.909708, -1.606009, -1.227191, 0.532790, -1.418580, -0.234196, 0.825448, 0.385525, -0.847426, 0.279413, 0.403666, -0.767669, 0.264701, 0.721109, 0.220970, 0.125321, 0.962055, 0.615811, -0.050032, -0.566534, 0.343216, 0
-1.240497, -0.117808, 0.772170, 0.622782, 0.383466, -1.334797, 1.181685, 0.343647, -0.659689, -0.137660, 1.761532, 0.063112, -1.090423, 0.256537, -1.170122, 0.008570, 0.147990, -0.224069, 0.329285, -1.041258, -0.605294, -0.758026, 0.403613, 0.537254, -0.509467, 1.339759, -0.648083, -0.286644, -0.479800, -0.251832, -0.796369, -0.399544, 0
-0.139782, 0.458707, 1.082445, -0.377225, -0.734482, -0.907337, 1.307758, -1.102914, 0.175571, -0.607964, -0.200126, 0.386125, 0.003930, 0.021514, 0.422291, 0.610161, -0.257695, 0.059856, 1.319792, 0.637855, -0.921190, -0.002587, -0.367138, -1.285115, 1.445062, 0.478240, 0.831094, -1.414119, -0.101320, 0.925874, 1.146332, -0.619584, 0
-1.585994, 0.339148, 0.954518, 0.160773, 0.759586, -0.688529, 1.465947, -0.300525, 0.740425, 0.597808, -1.625637, -0.334095, 0.854346, 0.723322, -0.181586, -0.425225, 0.649772, 0.562763, -1.050948, -0.073205, 0.092881, -0.041399, 0.232288, 0.041453, 0.427809, -0.769626, 0.326282, -0.548641, 0.158612, 0.277858, -0.601252, 0.048863, 0
-0.410453, -1.561910, 0.570492, 0.355424, 1.290216, 0.812784, -0.714723, -0.730076, 0.211276, 1.114043, -0.154232, 0.977663, 1.201566, 2.318765, -0.345898, -1.108609, 0.997386, -0.257200, -0.423362, 0.003191, 0.775247, -0.342191, -1.164834, 0.859151, 0.066156, 0.850944, -0.377068, 0.567277, 1.196596, -0.958467, -0.142078, 0.487488, 0
-0.698523, 0.656645, 1.433897, -0.259146, 1.787406, 0.762951, -0.319112, 0.218232, 0.955118, 0.273353, 0.074872, 0.546095, -0.683138, 0.344067, -0.069056, -0.093887, 0.593368, -0.300193, 0.073554, -1.763791, 0.403361, 0.870640, 0.093036, 0.027150, -0.023672, 0.537357, -0.128757, 1.106291, 0.150291, 0.993348, 0.367409, 0.007585, 0
-1.466114, -0.333821, -0.814718, -0.117426, -0.079597, 1.177564, -0.127465, -0.913518, 0.467052, 0.755760, 0.684788, -1.052815, 1.105123, 0.934055, -0.216593, -0.986056, -1.000427, 1.124510, -1.044696, -0.108440, 0.361562, 0.235782, -0.228763, -0.682067, 0.595849, 0.987990, -0.936370, 0.032687, -0.350715, 0.680933, -0.781548, -0.328406, 0
-0.663604, 0.751387, 0.330996, -0.358697, 0.128708, -1.019335, -0.030746, -0.532197, -0.142696, -0.139848, 0.030895, -0.439105, 0.044144, 0.168526, -0.191930, 1.249039, -1.751136, 0.251320, -0.365861, -1.981810, 0.586030, -0.742261, 0.317437, 0.255865, 0.482501, -0.031089, 1.006677, 0.088709, 1.638209, -0.021247, -1.124942, -0.367747, 0
-1.245499, -0.774062, 0.257604, 0.884370, -0.929360, 0.301915, -1.249285, 0.011835, -0.103198, -1.863608, 0.825914, 0.343756, -0.877463, -0.397520, -0.097795, 0.338701, 1.201782, -0.143764, 0.705622, 1.016697, -0.302606, -0.250853, 0.912504, 0.666964, 0.097150, -0.599005, 1.015486, 0.172187, 0.268399, 1.518149, -0.435067, -1.270326, 0
-0.819463, 1.067330, -0.571698, 0.289880, 0.507854, -1.538489, 0.158515, -0.006436, -0.075786, -0.113983, 1.060326, -0.050503, -0.173334, -1.088368, -0.235825, -0.528741, 0.429465, -0.234154, 0.642339, 0.294079, -1.844309, 0.947706, 0.112552, 0.213578, 0.140434, -0.620538, -0.176926, 0.608241, -0.126733, 0.460551, -0.509037, 0.939679, 0
-0.196736, -0.635982, -2.206222, -0.226467, 0.276935, 0.946661, 0.094425, -0.159332, 1.530959, -0.706711, -0.230047, 0.047644, -0.807355, -0.761918, -0.155277, 1.117773, 0.759099, -1.352488, 0.580088, -0.725373, 1.962230, 1.021130, 0.808144, -1.653227, 0.010765, -0.224337, -0.650453, -0.355951, -0.366293, 1.455774, 0.344510, -1.086507, 0
-0.460380, 1.473710, 0.813526, -0.989874, 0.401323, -0.170739, 0.099739, 1.360046, -0.725139, -0.214577, -0.582482, 0.347028, 0.094511, -1.014226, -0.084245, 0.258061, -0.829859, 0.267939, -0.763980, 1.765904, 0.873948, -0.010387, -0.462711, 0.336323, -0.523519, 0.474940, 0.869683, 1.349151, -0.674117, 0.392953, 0.415617, -0.958082, 0
-1.643412, -1.258110, -0.303649, -0.402446, -0.244703, 0.596815, 1.149859, -0.010754, 0.303148, 0.762606, 0.673599, -1.148502, -0.463614, -1.450496, 0.436632, 0.914468, -0.254974, -0.802579, -0.338222, -0.958983, 0.148315, 0.146670, -0.317094, 0.044020, 1.932794, -0.441747, -0.741187, 0.145915, -0.009162, 0.287454, -0.156629, -0.374563, 0
-1.258697, -0.305129, -0.030112, 0.160114, -0.749253, -0.849265, 0.954078, 0.554398, 0.350645, 0.991699, -0.543171, -0.362707, -1.295176, 1.025997, -1.308833, 0.964176, -0.449403, -0.532866, 0.634764, -0.393059, -0.843679, 0.681756, 0.864165, 1.194457, -1.095960, -0.176407, 0.838986, -0.590890, 0.685879, -1.350316, 0.083884, 0.581639, 0
-1.719284, -0.199891, -0.744191, 0.728070, 1.022516, -0.906795, -1.890614, -1.072851, 0.018686, -0.335311, 0.256099, 0.126055, 0.512847, 0.044329, -1.496415, -0.697300, -0.333856, 0.121673, 0.173143, 0.227951, -0.010604, -1.020264, 1.830077, -1.059623, -0.328474, -0.238481, -0.026406, 0.630789, -0.035977, -0.426991, 0.552323, -1.832931, 0
-0.521397, 0.793722, 0.299181, -1.195979, 0.262126, -0.199355, 0.783498, 0.414622, -1.409714, -0.428918, 0.021273, 0.301345, -0.237965, -0.075648, 1.403628, 1.174394, 0.002682, -0.278806, 0.691848, -0.861435, 0.543447, -2.410974, 0.559721, -1.339957, -1.233307, 0.832072, -0.087192, -0.589249, -0.040808, -1.041911, 0.909973, -0.061401, 0
-1.449079, 0.058557, 0.849173, 0.445250, -0.768332, 0.654893, 0.264117, 0.407734, -0.256135, 0.831832, 0.950525, 0.303556, 0.710536, 0.249304, 0.388490, -0.620456, 0.229617, -0.982685, -1.869778, -0.601118, 1.146962, -1.107833, -1.089760, -0.658738, 0.651475, 0.689886, 0.011514, -0.328190, -0.314507, -1.211653, -2.014821, 0.060296, 0
-1.063861, 0.239118, 0.158556, 0.844554, -1.107993, 1.226026, -0.157278, 0.235671, -0.349875, 0.716613, 1.554780, -0.748284, 0.019401, -0.305559, -0.075615, 0.095613, 0.413016, -0.158315, -0.359806, -0.376041, -0.852940, 0.242648, -0.232703, -1.185392, 0.703854, 0.387832, -0.285211, 0.410822, 1.811947, 0.855719, 0.997632, -0.648087, 0
-0.311793, 1.087981, 0.259634, -0.129230, -0.609063, 0.064893, -0.646745, 0.140516, 1.267987, 0.503231, 0.878711, -0.419803, -0.485648, -0.439803, -0.589898, -1.390751, 0.529156, -0.027829, 1.217426, -0.272301, 0.129326, -0.222209, -0.323155, -0.971657, 0.755896, 0.039865, 0.492080, -0.098488, -0.256855, 0.407548, -1.354619, -0.306161, 0
-0.355046, 0.396517, 0.189425, -0.777335, 0.414376, 0.518645, -0.170561, 0.291346, 0.120960, 0.184627, 0.071340, 0.014879, 1.848685, 0.525719, 0.201871, -0.899270, -0.726348, -0.430944, -0.996188, 1.636804, 0.112670, 0.202041, 0.056060, 0.285366, 0.441239, -0.010747, -0.056901, -0.019928, -1.179658, -0.043691, 0.176741, -0.933650, 0
-1.047331, -1.030680, 1.044407, 0.111173, -0.896475, 0.425285, -0.929272, 0.305951, 0.443161, -0.639416, -0.197794, -0.470284, 0.095463, -0.061540, -0.608112, -0.100033, 0.267689, 0.312328, -0.797431, -1.055688, -0.380301, -0.920285, -0.879650, -0.199819, 0.356427, -1.798784, -0.787357, -0.696058, 0.874646, 1.105723, 1.979959, 1.219772, 0
-0.472968, 0.505673, 0.149787, -0.721904, 0.303462, -0.140805, -0.595277, 0.884555, -0.400109, -0.766236, 0.180845, 0.077433, -0.491065, -0.929358, -1.414231, -0.486730, 0.469061, 0.724195, 0.676321, 0.959976, -0.485715, -0.415826, 0.777890, -0.386302, -0.138404, 0.170684, 0.158892, -0.078919, 0.397954, 0.226158, -1.059362, -0.192106, 0
0.210795, 0.283434, 1.049685, -0.125264, -0.350143, 0.135076, 0.293301, -1.336378, -0.188892, -0.163071, 0.433582, 0.531743, -0.513119, 0.873486, -0.110451, 0.059634, -0.157192, -0.092384, -0.016270, -1.273336, -1.689734, 0.621570, 1.311002, -1.611904, 0.134515, -0.478320, 0.181711, -0.801118, 1.097018, 0.390224, 1.050146, 0.681668, 0
-0.307672, -0.602602, 0.531051, -1.249704, 1.251981, 0.458183, -0.761883, -1.838507, 0.313055, -1.848259, 0.694780, -1.453784, 0.228012, -0.098971, 0.208675, -0.433844, -0.982312, -0.280961, -0.501588, 0.204641, -0.141789, 0.499160, 1.033013, -0.402035, -0.873795, -0.328885, 0.222244, 0.452674, -0.137237, -1.291013, 0.224401, -0.567313, 0
-1.762767, 0.089895, 0.648394, 0.076315, 1.478422, -1.626950, 0.610280, -0.672806, -0.791058, -0.263902, -0.380569, 1.955336, -0.246080, 0.878538, -0.068440, -1.451659, 1.375541, 1.024390, -0.860378, -0.262865, -1.129028, -1.023835, -0.121592, -1.674062, 0.434718, -0.554371, 0.449746, 0.182842, -0.547782, -0.762194, -0.084359, 0.279755, 0
-0.156065, 0.809741, -0.779827, 0.242995, -0.211577, -0.363069, -0.520326, -0.797665, -1.225638, 0.064273, 0.638244, -0.248592, -0.349856, 1.057943, 0.076668, -1.331456, 0.016728, 1.726655, -0.462444, 0.306206, 0.808343, -1.597078, -0.899179, 1.377689, -1.484690, 0.747272, 0.387963, -1.112607, -1.274003, 0.128440, -0.365440, -1.696393, 0
-1.394845, -0.345007, 1.065225, 0.960038, 0.439571, -1.516385, -0.034711, -0.943086, -0.569824, 1.247741, -0.440655, -0.241945, -0.045563, 0.715651, 0.735700, -0.055196, -0.039328, 0.322158, -0.918575, -0.452157, 0.195330, -0.446708, -1.103979, 1.167834, 0.747657, 0.488902, 0.300308, -0.101895, -0.002371, -0.356699, -0.966635, 1.115569, 0
-1.046812, 0.543185, 1.541200, 0.697896, 0.032646, -0.600773, -0.097571, 0.835696, -0.253443, -0.300690, -0.129125, 0.573458, 0.557783, -0.212871, 0.448705, 1.265202, 0.270226, 2.452912, 0.521842, -0.678589, 0.976831, 0.079441, -1.109905, -0.833985, 1.106685, 0.905036, 0.045362, 1.549274, 0.150996, 0.270777, 0.822772, -1.098124, 0
-0.648186, 0.429989, 0.534483, -0.229589, -0.694032, 0.554238, 0.685189, -0.453524, -0.418217, -0.614393, -1.461266, 0.837653, 0.091821, -0.287324, -0.617876, -0.406569, -0.520866, 0.003078, -0.536345, 0.379167, 0.311365, 0.426498, -0.779671, -0.570994, -1.241589, -1.255651, -0.728445, -0.091113, -1.239734, -1.046291, -1.574354, -0.073072, 0
0.341138, -1.687975, -0.685535, -0.541273, -0.333389, -0.035475, -0.282372, -0.234040, 1.491538, -0.625527, 0.297884, -1.267901, 0.620684, 1.456353, -0.390132, -1.047164, 0.449228, 0.642843, 0.196600, -0.739951, -0.018791, 1.341088, -0.035095, -0.360991, -0.342860, 0.342487, 0.350276, 0.798004, 0.332502, 1.154259, 0.642308, 1.293483, 0
-1.453022, -0.136538, -0.482688, 0.114720, 0.369560, 0.419781, 0.102943, -1.165525, -0.080662, -0.809999, -0.074579, 1.088002, -0.646424, 0.256891, 0.575444, -0.611551, 0.750549, 1.404188, 1.903058, 1.220677, 0.263883, 0.912425, -0.064940, 0.384705, -1.346254, -0.289830, -1.076168, 0.180993, 1.145862, 0.019705, -0.034783, 0.259518, 0
0.782428, -0.989837, -0.499668, 0.473009, -1.199791, -0.907646, 0.466503, -0.705050, 0.021896, -0.724178, 0.245591, 0.531945, -1.320865, -0.576350, 0.338589, 0.341174, 0.691922, 1.092483, 0.209816, -0.071497, 0.058745, 0.962408, 0.673399, -0.910985, 0.873499, -0.112430, 0.432963, 1.502120, 0.790731, 0.390136, 0.133699, -0.398905, 0
-0.711622, 0.103304, -0.255636, 0.327564, 0.633714, 0.160129, -0.480329, 0.237303, 0.315274, -1.212543, -1.394701, 0.107033, -0.397804, 0.761262, 0.106810, -2.082546, -0.911831, -0.489330, -1.189595, 0.347610, 0.426962, 0.102978, -0.370256, 0.775048, -0.735376, -1.247534, -1.572026, 0.379745, -0.372150, 0.193722, 0.205196, 0.404560, 0
-0.057163, -1.170873, -0.401890, -0.367864, -0.043646, -0.446912, -0.133907, -1.219670, -0.422962, 1.120898, -0.494648, 0.866175, -0.977271, -1.396784, -0.567549, -0.882565, -0.337594, -1.047886, -0.348717, 0.173295, -0.271120, 1.123855, -0.628939, 0.265481, -0.981606, -1.217921, 0.002676, -0.350515, -0.504616, -0.117248, -1.094060, -0.459443, 0
0.111132, -0.426155, 1.717193, 0.058665, -0.412398, 0.229364, 0.305598, -0.713171, 0.147360, 0.961869, -1.838171, -0.341925, -0.707520, -0.152559, 0.099900, -0.593323, -1.188739, -0.538303, -1.052976, -0.886443, -1.382627, 1.534129, 1.584914, 0.568099, -1.290956, -1.127990, -0.335890, -0.799222, -0.793877, -0.857033, -0.442504, 0.334322, 0
-1.534076, 1.031067, -0.146254, -0.914227, 0.706579, -0.041400, -0.739165, -1.082196, -0.623804, -1.307990, -1.259315, -0.185197, -0.702698, 0.212916, -0.398942, 0.168322, 1.004178, 1.078742, -0.280928, 0.757077, -0.193791, -0.386110, 0.195371, -0.534843, 0.677480, 0.102609, -0.177795, 0.219994, -0.530385, 0.594944, -0.092647, 0.110617, 0
-1.682787, -0.154170, 0.243975, -0.424156, 0.529116, 0.636912, -0.728761, -0.118638, -0.404990, -0.056073, 0.340142, 0.389651, -0.613377, -0.003955, 0.762061, -1.466477, 0.260933, 1.110460, 0.541678, 0.119402, -0.377605, 0.654998, -0.192932, -0.873702, 0.485606, 0.055364, 1.063111, 0.005710, 1.357906, -0.204210, 1.225463, 1.032060, 0
-0.351937, 0.120098, 1.363711, 0.810593, -1.274583, 0.750922, -0.185107, -0.549512, 0.527447, 0.458689, -1.352140, -0.910871, 0.978346, 0.837781, 0.642331, 1.002841, -0.420223, -0.315337, 0.210569, -0.970332, -1.225058, -0.395402, -0.426646, -1.584417, 0.250926, 0.333763, -0.121533, -0.274587, 1.397544, 0.805735, -0.112614, 0.121525, 0
-2.119875, 0.119083, -1.457805, 0.361495, -0.280524, 0.914721, -0.610708, 0.778480, 0.382209, 1.289045, 0.076925, -0.129417, -0.030825, 0.134427, 1.834441, -0.462857, 0.529319, 0.549684, -1.670682, 0.008009, -0.292520, 0.400543, -0.084415, -0.098270, 1.030873, -0.578585, 0.411692, 0.335663, 1.668937, -0.503584, 0.434974, 0.336671, 0
-0.535615, -0.083303, 1.227171, -0.597545, 1.248879, -0.259481, -0.939620, 1.232505, 0.940085, -0.535546, 0.738923, 0.437279, 0.631190, -0.667018, -0.722972, 0.906528, -0.125272, 0.590787, -1.202899, -0.358592, 0.382651, 1.131072, -0.341766, -0.000391, -1.179396, 0.410418, 1.705177, 0.152865, -1.190681, 0.139150, -0.277766, -0.952550, 0
-2.204993, -0.285446, -0.913959, -0.535339, -0.333233, -0.433897, -0.928286, -0.387847, 1.376316, 0.075041, -0.590214, 1.024993, 0.173708, -0.844816, 0.505359, -0.917025, 0.327202, -0.140968, 0.091123, 0.927754, -1.788133, 0.129590, -0.672899, 0.033485, -0.511170, 0.262736, 0.651216, 0.879010, -0.845128, 0.607506, 0.612844, 0.803612, 0
-1.431003, 0.099397, 0.762138, -0.491887, 0.669886, -0.420308, 0.297039, 0.390541, 1.512764, -0.214409, 0.129093, -0.551736, -0.220337, -0.019916, -0.459000, 0.076984, 1.739251, -0.639649, 1.064298, -0.467245, 0.181890, -0.831736, 1.820535, 0.940039, -1.696361, 0.156549, -1.994542, -0.967003, -0.505687, -0.277834, 0.385461, 1.007413, 0
-1.439916, 0.334075, 0.374428, 0.555305, -0.108778, -0.769726, -0.382101, -1.027652, -0.706940, 0.565897, -1.991032, -0.438770, 1.220477, -1.229623, 0.161659, 0.579683, -0.398780, 0.154827, -0.207532, -0.075535, 1.792214, 0.387428, 1.119226, 0.368229, -0.731916, 0.414191, -0.088574, 0.711931, -0.959191, -0.412248, -0.458727, 0.106548, 0
-1.575349, 1.416209, 0.810643, -0.127810, 0.710630, -0.355758, 0.964275, -1.131016, 0.469649, -0.760572, -0.135307, -0.491756, 0.076913, -0.548189, 0.735077, 0.663419, -0.175227, -0.126738, -0.766124, 0.884740, 0.279878, -0.222005, -0.759823, -0.157463, -0.070414, 1.480343, -0.179060, 0.100981, -0.162342, 1.939031, 0.416816, 0.690393, 0
-1.245356, 2.057031, -0.282843, 0.254881, 1.110394, 0.221687, -1.355442, 0.127378, 0.482463, 0.289642, -0.815718, -0.160074, 0.710142, 0.996864, 0.613461, -1.262251, 0.156145, 1.000536, 1.445540, -2.022971, -0.548485, 0.683689, 0.761366, 0.605469, 0.366597, 0.890929, 0.698593, 0.346005, -0.046491, 0.744927, 1.109935, -0.212448, 0
-0.920442, -0.495663, -0.930826, 0.597462, 2.205827, 0.777352, 0.082568, -0.898928, -1.829449, 0.076468, -0.835047, 0.158035, -0.332795, -0.921000, -0.030646, 0.391574, 0.402626, -0.678651, 0.180965, 0.160523, 0.270996, -0.753721, 0.480610, 1.609734, 2.686078, -0.057392, 1.535450, -0.650117, -0.408889, -0.622165, 0.353896, -0.614769, 0
0.134850, 1.125401, 0.119158, 0.457301, -0.330460, 1.714278, 0.116660, -0.296226, 1.073949, -0.157896, -1.597032, -0.474077, 0.391563, -1.008713, 0.168920, -0.112371, 1.001399, -0.171930, -1.800415, 0.337657, -0.879016, -1.064416, -1.095957, 1.626498, 0.361231, -0.310058, 0.199570, -0.105798, 0.873270, 0.802441, -1.448971, 0.463176, 0
-1.654157, -0.599737, 1.101000, -0.403914, 0.116399, 0.045695, 0.519667, 0.248917, 0.957888, 0.638367, 0.127593, -0.834094, 0.854954, 1.210026, -1.382173, 0.206819, 0.078954, -0.624134, 0.262899, -0.781701, 0.101714, 0.572582, 0.388746, -0.053297, 0.342144, -0.624588, 0.987213, 1.621955, 0.500069, 0.331318, -0.967798, 0.660558, 0
-1.392441, 0.271851, -0.328106, 0.407631, -0.201598, -0.487184, 0.125040, 0.387841, -0.752761, -0.072929, 0.769869, -0.375355, 1.314378, -0.200257, 0.842870, 0.919668, -0.454275, 1.087272, 1.386256, 0.207261, -0.344509, 0.782901, -0.388499, 0.774618, -0.545949, -0.674889, -0.467257, 0.050244, -1.595387, -0.975145, -0.546788, -0.213001, 0
-2.166355, -0.088138, -0.338562, 0.488322, -1.418105, -0.116359, 0.823871, -0.166085, -1.528284, 0.794719, -0.267519, 0.654271, 0.308090, 0.957677, 1.328151, 0.601703, -1.016418, -0.211630, -0.317474, -0.505684, -0.986899, -0.020988, -0.307842, -0.150229, 0.811291, -0.265118, -0.714941, -0.186027, 0.168563, -1.953519, -1.119416, 1.610069, 0
0.659995, 1.183043, 1.103711, -0.645718, -0.557097, 0.739682, 0.062134, -1.183307, -0.464166, 1.342652, 0.851692, 0.258667, 1.203494, 1.016274, 0.045453, 0.692369, 0.051484, 0.008895, -0.724546, -0.142107, 0.448685, 0.416885, -0.583365, -0.863083, 0.660706, -1.342674, 0.530746, 0.547358, 1.330703, -0.382352, -0.486815, -0.473948, 0
-1.012476, 0.304167, -1.365844, 0.926872, -0.296513, 1.305254, -0.105502, -0.607235, -0.947542, 0.961947, -0.833741, -2.117308, 2.002102, -0.142414, -0.477028, -0.645407, -0.590701, 1.423129, 0.344736, 0.432164, 0.466820, 0.412072, 0.641749, -0.439188, 2.154667, 0.126152, -0.134778, -0.557441, 0.476582, 0.449250, 0.884042, 0.431083, 0
-0.669950, 0.857945, -0.211344, -0.190840, 0.327957, -0.386554, -1.259875, -0.721395, 1.163858, -1.233543, 0.100898, -0.922808, -0.830552, -0.864069, -0.011658, -0.570352, 0.629363, 0.754856, 0.697928, -0.473360, 0.759385, -0.733123, 0.943554, -1.112629, 1.413523, 1.012736, -0.502936, 0.133012, -0.447724, 0.052530, -0.823480, 0.354499, 0
0.255574, 0.479194, -0.895596, -0.288104, 0.836329, -0.219018, 1.258331, -0.395418, -0.108881, 1.388329, -0.985943, -1.993725, -0.687134, 0.762518, -0.135478, -0.170119, -0.674164, -0.311105, 1.091935, -0.474357, -2.390373, 1.021818, -1.070879, -0.720395, -0.974479, -1.340734, -0.348469, -1.059537, -0.584290, 0.238126, 0.100080, -0.547222, 0
-1.553305, -0.548239, 0.571501, 0.789593, -0.300245, 1.087220, -1.065568, -0.684486, -1.116849, -0.496932, -0.217992, 0.293862, 0.753732, 0.587228, -0.537607, -0.600727, -0.535746, 0.140210, -0.016376, -0.077384, -0.519010, -0.804922, 1.818514, -1.317599, -0.080718, -0.839627, -1.002414, 0.081593, 0.694622, -1.134427, 2.563555, 1.108485, 0
-0.247162, 0.543575, -1.005677, -1.035965, 0.066175, -0.088452, -0.935107, 0.808139, 0.177446, 0.006792, -0.802009, -0.246855, -0.027546, -0.279302, -0.858756, 1.297123, 0.612756, 0.103649, -0.295789, -0.288659, 1.300220, 0.772486, 0.585990, 0.841356, -2.153038, 1.403314, -0.140443, -0.736874, -1.353145, -0.440230, -1.247904, -0.897223, 0
-1.345966, 0.093514, -0.196551, 0.761217, 0.088801, 0.058290, 0.054544, 0.352300, -0.501295, -0.864425, 0.009127, 0.236228, 0.945164, -0.305401, 1.080385, 0.593840, -0.204873, -0.489331, -0.386738, 0.647690, 1.019015, 1.051766, -0.718886, 0.561366, -0.450071, 0.026322, -1.405369, 0.787839, 0.385109, 1.278985, 1.057185, -0.119579, 0
-2.100040, -0.480453, -1.694617, -0.344831, -0.581356, -0.932330, -0.383442, -0.809316, 0.263665, 1.177811, 0.222202, 0.065361, -0.811040, -0.425395, -1.277632, -1.119454, 0.791246, -0.175286, -0.033903, -0.680067, -0.820489, -0.409277, -0.231479, 0.063290, -1.292060, 0.408570, 0.012043, -0.551888, 0.409787, -0.172039, -2.312846, 0.410638, 0
-0.598112, 0.263934, -0.441856, 1.277560, -0.279973, 2.151383, 0.787823, -1.500620, 1.195251, 0.100087, 0.698756, -0.235487, -0.230823, -1.569100, 0.062903, 0.530881, -0.468069, 0.012186, -0.679739, -0.580909, -0.386771, -0.544668, 1.111800, 0.885978, 0.089931, 0.261803, -1.006089, 0.925431, 1.008005, -0.606924, 0.148082, 0.231742, 0
-2.721040, -0.150243, -0.034055, -1.121992, -0.982872, 0.767677, 0.174762, 0.009459, 1.146265, -0.114367, -1.495837, -0.800689, 1.012320, 0.944557, -0.795938, 1.545644, -0.709474, -0.977948, -1.227457, -0.349421, 0.387130, -0.749204, 1.234227, 1.196771, 0.438831, 0.626298, -0.268583, 0.525876, -0.660885, 1.244143, -0.168081, 0.440287, 0
-1.755354, -0.822472, 0.090675, -0.234418, -0.105045, -0.894205, -0.550158, 0.189800, -0.343086, -1.141283, -1.378610, 0.686261, -0.727361, -1.210777, 1.350704, 0.901315, 0.224368, 0.540877, 0.086193, 0.417298, 0.110489, -0.704699, -0.392636, 1.797135, 0.753252, 0.945072, -0.337748, -0.058542, -0.733633, -0.425577, 0.495409, -0.420732, 0
-1.031916, -0.646306, 0.037602, -0.329500, 0.412774, 0.081218, 0.302049, 0.117585, 0.477339, 0.484132, -1.289800, 0.027584, 0.653784, -0.963857, -0.153389, 0.361609, 0.259975, -0.497661, 0.513659, -0.434188, 0.155929, -0.391460, -0.903698, -1.529728, -0.438103, -0.327762, 0.742879, 0.270774, -0.894012, 0.670862, 0.145829, 0.379622, 0
-0.723898, 0.025266, 0.982132, -1.003715, 0.037694, -1.130669, 0.213536, 0.498917, -0.150151, -1.002863, 0.211083, 1.827760, 0.699779, 0.297035, -0.829247, -0.663094, 1.412820, -0.353501, 0.464092, 0.766821, -0.394230, -0.585696, 0.722374, 0.320818, -0.447567, -0.581595, 0.023133, -0.857146, -0.779129, 0.869745, 1.718673, 0.373331, 0
-0.857705, 0.587622, 1.330745, 1.092031, -0.493328, 0.021543, 0.590056, 0.880282, -0.309865, 0.066321, 0.186597, 0.531020, 0.782648, -0.628782, -0.616128, -0.008768, 0.513870, 0.063704, -0.570461, 1.272282, -1.711062, -0.198794, 0.702287, -0.218331, 0.337018, -0.171215, -1.599847, 0.261444, 2.214976, -0.339083, -0.919284, -0.261388, 0
-0.517914, -1.249063, 1.204867, 0.096311, 0.588347, 1.648905, -0.628269, -0.465023, 1.289943, 0.741019, 1.370747, 0.517720, 0.529004, -0.101708, -0.079134, 0.014709, 0.313575, 0.277035, 0.758204, -0.144372, -0.498549, -0.594349, 0.536047, 0.385471, -0.667617, -0.686521, 1.296716, -1.127934, 0.461228, 0.398152, 0.069582, 0.911828, 0
-2.215197, 0.006428, 1.823010, 1.772301, 1.234850, -0.138570, 0.130371, 0.214578, -0.471286, -0.421709, -1.400629, -0.757102, -0.787795, -0.022702, -0.798315, 0.694167, 0.093491, 0.468804, 0.952131, -0.537050, -0.250170, 0.319161, -0.031677, 0.179508, -0.434001, 0.390900, -1.320284, -0.092231, -0.121950, -1.596486, -0.743436, -0.869927, 0
-0.496659, 0.239302, -0.157597, 0.121231, -0.499767, -0.964714, -0.188729, -0.221199, 0.649629, -0.951559, -0.361805, 1.502768, -1.863954, 0.410837, 1.856304, -0.409344, 0.196074, 0.148051, 0.258565, 0.862291, 0.672106, -0.130532, -0.137490, -1.394838, 0.520817, -0.663026, -0.248785, 0.614697, -1.511027, -0.812670, -0.051121, 1.284858, 0
-1.453504, -0.958180, 0.630120, 0.351780, 0.951448, -1.017828, -0.090703, -0.315796, -1.695369, 0.080191, -0.067682, -0.195202, 0.956655, -0.265747, 0.114825, -1.770572, -0.381323, 0.887295, -0.966709, -0.282297, 1.225909, 0.537398, 0.714592, -0.519540, -0.139523, -0.394347, -0.202739, 1.031379, 0.303937, 0.135655, -1.880319, -0.461355, 0
