0.838088, 0.375469, 1
-0.377863, 0.374792, 1
-0.269265, 0.667327, 0
0.224398, 0.907139, 1
0.376128, -0.043615, 1
-0.647597, -0.706691, 1
-0.908107, -0.277149, 1
-0.260950, -0.608429, 1
-0.001812, -0.411915, 0
-0.972980, -0.163724, 1
-0.226472, -0.414309, 0
0.534668, -0.442524, 0
-0.442818, -0.734597, 1
-0.827459, -0.528715, 1
0.744069, 0.548669, 1
0.427670, -0.903529, 1
-0.687971, 0.639198, 0
0.728048, -0.596078, 1
-0.637951, 0.370580, 0
-0.453308, 0.101099, 0
0.762151, 0.544881, 1
-0.618844, 0.652738, 0
0.949047, 0.154684, 1
-0.761571, 0.483715, 0
0.712159, -0.204388, 1
-0.591752, -0.678740, 1
0.470328, 0.835918, 1
-0.582269, 0.312306, 1
0.559502, -0.270240, 0
-0.048496, 0.287550, 0
0.133682, 0.313553, 0
-0.341870, 0.680375, 0
-0.585348, -0.579719, 1
0.225255, -0.896165, 1
-0.790548, 0.606411, 1
0.642214, -0.526746, 1
-0.209386, 0.391331, 1
-0.589783, 0.367806, 1
0.312989, -0.181535, 1
0.689066, -0.216683, 0
-0.345617, -0.893203, 1
-0.163443, 0.047127, 1
0.650615, -0.224668, 0
-0.420154, -0.124130, 0
-0.120833, -0.210702, 1
-0.517719, -0.364259, 1
-0.052203, 0.243376, 0
-0.369256, -0.409989, 0
0.716630, 0.421358, 1
-0.210836, 0.294331, 0
-0.054688, -0.521770, 0
-0.414973, -0.826728, 1
0.813581, 0.421584, 1
0.220400, 0.315016, 1
0.391824, 0.581080, 0
0.474580, 0.042439, 1
0.918309, 0.235579, 1
-0.156275, -0.599410, 1
0.643966, -0.497937, 1
-0.618467, 0.360597, 0
0.487444, -0.287415, 0
0.657207, -0.567243, 1
0.190815, 0.734855, 0
0.197426, 0.128527, 0
0.161049, -0.410749, 0
-0.290393, -0.364371, 0
0.631690, 0.066018, 0
-0.309944, 0.549998, 1
-0.698403, 0.533781, 0
0.325303, 0.594555, 0
-0.325020, 0.706836, 0
-0.044849, -0.401599, 0
0.310986, 0.726918, 0
-0.124648, -0.498199, 0
0.461773, -0.092196, 1
-0.722357, 0.369901, 0
-0.246162, 0.475070, 1
-0.935680, 0.208035, 0
-0.449484, 0.696010, 0
-0.725947, 0.240572, 0
0.246008, -0.424350, 0
-0.225647, 0.196597, 0
-0.251433, -0.900344, 1
-0.208849, 0.423548, 1
-0.811102, 0.332935, 0
0.603122, 0.064250, 0
0.834736, 0.064896, 1
-0.565204, -0.274108, 1
0.587449, -0.066776, 0
-0.359221, 0.651769, 0
-0.858741, 0.191295, 0
0.347779, -0.584688, 1
-0.568133, -0.406212, 1
-0.009037, 0.206220, 0
0.305876, -0.418464, 0
0.163077, 0.112368, 0
-0.672161, 0.185026, 1
-0.011428, -0.483263, 0
-0.482039, -0.408306, 1
0.580987, -0.647303, 1
0.656590, 0.553042, 1
0.024611, -0.080286, 0
0.704296, 0.165870, 0
-0.888991, 0.052075, 0
0.581182, -0.457124, 1
0.645863, -0.427855, 1
0.749096, 0.436247, 1
-0.688325, 0.054972, 1
-0.340222, 0.155913, 0
-0.137641, 0.177739, 0
0.747608, -0.556654, 1
0.530437, 0.404198, 0
0.495584, -0.724677, 1
0.195037, 0.752335, 0
0.686065, 0.306046, 0
-0.195590, 0.267247, 0
-0.347009, 0.904303, 1
0.625818, -0.179668, 0
0.976245, 0.112283, 1
0.463335, 0.723853, 1
0.555629, -0.006228, 0
0.128051, 0.552018, 1
-0.010714, -0.376365, 0
0.827341, 0.037326, 1
0.143830, 0.022378, 0
-0.210339, -0.170106, 1
-0.671576, 0.594072, 0
0.248688, -0.914908, 1
0.197375, 0.462347, 1
-0.051214, -0.246996, 1
-0.694978, 0.445405, 0
-0.299528, -0.867637, 1
-0.517269, 0.844302, 1
0.154741, 0.272392, 0
-0.325804, 0.483165, 1
-0.133537, -0.228663, 1
0.660511, -0.089192, 0
-0.292130, 0.435876, 1
-0.158328, -0.204532, 1
0.864232, -0.323161, 1
-0.491116, 0.112920, 1
-0.238069, -0.492104, 0
-0.287690, -0.573637, 1
0.363477, 0.017332, 1
0.149695, -0.645501, 1
0.626890, -0.417553, 1
0.787600, -0.506646, 1
0.353784, 0.448111, 1
-0.116014, -0.754166, 1
-0.142879, -0.251782, 1
-0.077327, 0.366005, 0
0.485631, -0.643780, 1
-0.729493, -0.150893, 1
0.373552, -0.857726, 1
-0.086944, -0.476753, 0
-0.503227, -0.178693, 1
-0.172318, -0.876337, 1
0.403753, -0.384718, 0
-0.382983, -0.242463, 0
-0.180809, -0.052621, 1
-0.732987, 0.676312, 1
0.695597, 0.189686, 0
0.042317, 0.556735, 1
-0.125710, -0.083782, 1
0.755726, -0.481800, 1
-0.239638, 0.241357, 0
-0.125580, 0.030869, 1
0.173143, 0.003520, 0
-0.228781, 0.669916, 0
0.793579, 0.228580, 1
-0.785818, -0.589403, 1
-0.568224, -0.194692, 1
0.224953, -0.301212, 1
-0.518380, -0.079451, 1
-0.522716, -0.237235, 1
-0.559846, -0.766990, 1
0.280965, 0.200516, 1
0.474367, -0.844615, 1
-0.768616, 0.564831, 1
-0.596643, 0.404527, 0
-0.431649, 0.174576, 0
0.074443, -0.606822, 0
-0.226524, -0.131978, 1
0.621758, -0.012342, 0
0.278619, 0.607876, 0
0.265232, 0.710395, 0
-0.586816, -0.509815, 1
-0.590817, -0.105197, 1
0.410735, -0.702343, 1
0.060422, -0.141106, 0
-0.503228, -0.709207, 1
0.160227, -0.099871, 0
-0.925296, -0.230237, 1
-0.878244, -0.151820, 1
0.637786, 0.743515, 1
0.835838, -0.083595, 1
0.351391, 0.101071, 1
-0.373201, 0.764574, 0
0.591256, 0.035982, 0
-0.340622, 0.001990, 0
0.333640, 0.078118, 1
-0.109991, -0.605938, 1
0.937011, 0.011038, 1
-0.393566, 0.232220, 0
0.495239, -0.792947, 1
-0.247702, 0.616995, 0
0.055234, -0.609917, 0
0.360510, -0.108928, 1
0.306488, -0.288099, 1
-0.523525, 0.583398, 0
-0.030731, 0.135853, 1
-0.414611, -0.697091, 1
-0.786029, 0.475398, 0
-0.303030, -0.849018, 1
-0.513564, 0.432419, 1
-0.852598, 0.092870, 0
-0.335360, -0.565384, 1
-0.140469, -0.203011, 1
-0.582849, -0.645230, 1
0.004042, 0.169449, 0
0.559532, 0.332275, 0
-0.049652, -0.133980, 1
-0.955824, -0.057509, 1
-0.200693, -0.479349, 0
-0.474111, 0.768576, 0
0.656504, 0.111278, 0
-0.413324, -0.231544, 0
-0.978544, 0.073111, 0
-0.834019, -0.134486, 1
-0.396525, 0.025512, 0
0.662503, 0.020626, 0
0.380281, -0.333455, 0
-0.809926, 0.352046, 0
-0.274179, 0.749606, 0
-0.315679, 0.676168, 0
-0.384374, -0.271503, 0
-0.381341, 0.414933, 1
0.249147, 0.144548, 0
0.183509, -0.094349, 0
-0.744174, 0.254995, 0
-0.223875, -0.157499, 1
-0.976550, -0.202419, 1
-0.033561, -0.918406, 1
0.089839, 0.569914, 1
0.107105, -0.247658, 1
-0.409460, -0.512614, 1
0.418886, -0.219386, 0
-0.469780, -0.476247, 1
0.820875, 0.145846, 1
0.252250, -0.560466, 0
-0.439221, -0.498603, 1
0.584082, 0.744289, 1
0.407048, 0.839908, 1
-0.000717, -0.816827, 1
-0.317591, 0.022733, 0
-0.019247, -0.401978, 0
0.247058, 0.947192, 1
-0.320385, -0.663103, 1
0.517106, 0.786720, 1
0.089238, -0.892354, 1
-0.725894, -0.491875, 1
-0.111740, -0.886462, 1
-0.347168, 0.418480, 1
-0.362709, -0.526293, 1
-0.435674, 0.889541, 1
-0.086759, 0.125105, 1
-0.609062, -0.502677, 1
-0.130606, 0.797985, 0
0.981158, 0.019640, 1
-0.108590, -0.038089, 1
-0.090896, -0.702723, 1
-0.524636, -0.573790, 1
-0.466144, -0.641897, 1
-0.528358, -0.274441, 1
-0.159405, 0.108933, 1
0.199265, 0.404921, 1
-0.001526, -0.887493, 1
-0.469974, 0.389411, 1
-0.390170, 0.399420, 1
0.187397, -0.052939, 0
0.268097, 0.168555, 1
-0.702025, 0.039569, 1
0.881640, -0.226661, 1
-0.676259, -0.589331, 1
0.421751, -0.204617, 0
0.136228, -0.737653, 1
0.667268, -0.097211, 0
-0.552000, -0.802706, 1
-0.707800, 0.057830, 1
0.596714, 0.479597, 0
0.024318, -0.221382, 1
0.555955, 0.322292, 0
0.818187, 0.437595, 1
-0.904369, 0.283967, 0
0.403233, -0.566427, 1
0.283603, 0.726974, 0
-0.155758, -0.294646, 1
-0.032299, -0.573328, 0
-0.684037, -0.365031, 1
0.329461, -0.236037, 1
-0.167737, 0.621661, 1
0.101259, 0.826683, 0
0.293788, 0.749410, 0
-0.471972, 0.354230, 1
0.640398, -0.653785, 1
-0.208174, 0.736029, 0
-0.830398, -0.086215, 1
0.922032, 0.013845, 1
0.619139, -0.555611, 1
-0.005686, -0.413160, 0
-0.128940, 0.310277, 0
0.221809, -0.799479, 1
-0.516950, -0.076559, 1
-0.327149, 0.520991, 1
-0.905056, 0.200879, 0
-0.124779, 0.735342, 0
0.547094, 0.667047, 1
0.471371, 0.177276, 1
-0.345182, 0.710200, 0
-0.702960, 0.099586, 1
-0.040591, 0.518849, 1
0.300107, 0.033649, 1
0.572922, 0.122289, 0
-0.070318, -0.944028, 1
0.832811, -0.281419, 1
0.919460, 0.048608, 1
0.663096, 0.466554, 1
-0.284345, 0.134467, 0
-0.356170, -0.422240, 0
-0.224560, -0.265109, 0
-0.638102, 0.430258, 0
-0.554909, -0.409577, 1
0.079390, -0.257869, 1
-0.739019, -0.009884, 1
0.072448, 0.833903, 0
-0.345473, 0.722686, 0
-0.123283, -0.172086, 1
0.650441, -0.203824, 0
0.876523, 0.313537, 1
-0.737269, -0.407822, 1
-0.551996, -0.093439, 1
0.169938, 0.223444, 0
0.641452, 0.531835, 1
-0.346299, -0.913457, 1
-0.171325, 0.812268, 0
0.771890, 0.089655, 1
-0.197615, -0.155662, 1
-0.076442, -0.085210, 1
-0.153532, -0.186567, 1
0.072926, 0.500995, 1
-0.254181, -0.794568, 1
0.500097, 0.008549, 1
-0.202391, 0.948100, 1
0.171544, 0.556563, 1
0.499383, 0.825245, 1
0.643106, 0.621642, 1
0.558336, -0.528219, 1
0.433910, 0.330226, 1
0.561436, -0.763706, 1
-0.825436, -0.515006, 1
0.151084, 0.021032, 0
0.298427, -0.775990, 1
-0.477973, 0.834546, 1
-0.826347, -0.149064, 1
-0.978894, -0.080529, 1
0.056368, 0.521203, 1
0.469304, 0.843131, 1
0.821524, -0.359152, 1
0.399694, 0.320907, 1
-0.533907, 0.042800, 1
-0.057451, -0.975571, 1
0.514581, -0.623542, 1
0.354655, 0.076017, 1
-0.387247, 0.529219, 1
0.561011, 0.763837, 1
-0.449748, -0.140562, 0
0.987847, 0.072278, 1
-0.306015, -0.838500, 1
0.923214, -0.284909, 1
0.080971, -0.020418, 0
-0.763706, 0.008992, 0
-0.166441, 0.705598, 0
-0.147876, -0.344917, 0
-0.653554, -0.748182, 1
0.975990, -0.187461, 1
0.294618, -0.081461, 1
-0.163032, -0.190801, 1
0.294997, -0.808377, 1
0.720843, 0.446228, 1
0.671587, -0.728906, 1
-0.694334, 0.659434, 1
0.343373, -0.000349, 1
0.820934, 0.266587, 1
0.714742, -0.098095, 0
0.910897, 0.079728, 1
0.656634, -0.236979, 0
0.014839, 0.710802, 0
-0.184381, -0.690543, 1
-0.370659, 0.652587, 0
0.118656, 0.924338, 1
0.844210, 0.003872, 1
-0.549900, 0.503675, 0
0.836147, -0.244234, 1
0.163108, 0.179520, 0
0.755416, -0.015958, 1
-0.553893, 0.470158, 0
0.885947, -0.307724, 1
0.421195, 0.796844, 1
0.772004, 0.077829, 1
-0.440135, 0.506816, 1
0.080909, 0.574704, 1
0.217617, 0.896528, 1
0.549115, 0.002817, 0
0.771296, 0.393326, 1
-0.041621, -0.543211, 0
0.107058, -0.205474, 1
0.212555, -0.729834, 1
0.974046, -0.032029, 1
0.254208, -0.579846, 0
-0.561871, 0.140156, 1
0.112430, 0.859324, 1
-0.063000, -0.115566, 1
-0.062847, 0.496865, 1
0.071569, 0.608867, 1
0.914590, -0.044270, 1
0.455825, 0.463706, 0
0.958547, 0.227120, 1
-0.142969, 0.965235, 1
-0.169497, 0.815410, 0
-0.390064, 0.634579, 0
-0.792273, -0.416017, 1
-0.397450, 0.461936, 1
0.004136, 0.040680, 1
-0.397909, -0.883434, 1
-0.099996, 0.539091, 1
0.001000, 0.837157, 0
0.035957, 0.392250, 1
0.001117, 0.769809, 0
0.063256, -0.543058, 0
0.233514, 0.021802, 0
-0.012962, -0.485435, 0
0.905956, 0.409062, 1
-0.547874, -0.484108, 1
0.043641, -0.340147, 1
0.099874, 0.646192, 0
-0.313129, -0.276120, 0
-0.779423, 0.586875, 1
-0.737028, 0.221577, 0
0.424032, 0.298928, 1
-0.386173, 0.279250, 1
0.406454, 0.614944, 0
0.049059, -0.530290, 0
0.491512, 0.755947, 1
-0.626881, -0.521450, 1
0.887612, -0.277361, 1
-0.205034, -0.068746, 1
0.382492, 0.894841, 1
-0.422554, 0.504281, 1
-0.148808, -0.508867, 0
0.441006, -0.724776, 1
0.554474, 0.196515, 0
0.669777, -0.396466, 1
0.666225, 0.741663, 1
-0.113893, 0.157738, 0
0.497610, 0.259226, 0
0.636288, 0.768123, 1
0.538300, 0.523901, 0
-0.509238, -0.666733, 1
-0.771892, 0.032600, 0
0.377535, -0.773041, 1
-0.703083, 0.605697, 0
-0.553612, 0.148109, 1
0.423333, 0.886891, 1
0.942226, -0.022193, 1
0.083406, 0.612003, 0
0.581341, -0.250368, 0
0.353665, -0.532552, 0
0.907370, -0.148725, 1
0.726674, 0.543658, 1
-0.380602, 0.264974, 1
0.067558, 0.110160, 0
0.598241, 0.522713, 0
-0.016587, 0.826348, 0
-0.444687, -0.639052, 1
-0.946693, -0.147771, 1
-0.612912, 0.423671, 0
-0.598521, 0.033772, 1
0.783404, 0.294982, 1
-0.549732, 0.690774, 0
0.234431, -0.234345, 1
0.441915, -0.698010, 1
0.875815, 0.040156, 1
0.824702, -0.140772, 1
-0.133495, -0.619985, 1
0.220177, -0.080188, 1
0.232244, 0.186822, 0
0.419507, 0.232583, 1
0.250296, 0.806595, 0
-0.343746, 0.200662, 0
-0.864091, 0.057733, 0
0.040552, -0.982162, 1
0.372207, 0.490820, 0
0.708612, 0.518465, 1
0.667761, -0.056957, 0
-0.715880, 0.109677, 1
0.245033, -0.840065, 1
-0.850167, 0.069735, 0
0.019163, 0.016338, 1
0.449750, -0.760660, 1
0.936149, -0.318006, 1
0.426162, 0.355656, 1
0.914577, -0.323542, 1
0.162251, -0.429170, 0
0.877120, 0.298160, 1
0.375386, -0.330884, 0
-0.870608, -0.252407, 1
-0.218953, -0.449822, 0
-0.062626, -0.973920, 1
-0.289887, 0.087207, 0
0.095815, 0.729276, 0
0.227559, 0.394778, 1
0.395350, 0.142135, 1
0.855761, 0.341529, 1
-0.940090, 0.231147, 0
-0.205024, -0.064349, 1
-0.165566, 0.505088, 1
0.234365, -0.873598, 1
-0.524186, 0.202981, 1
-0.402241, 0.561445, 0
-0.154492, -0.331005, 0
-0.880953, -0.441526, 1
0.900003, -0.322739, 1
0.205955, 0.910648, 1
-0.133436, 0.184695, 0
-0.918772, -0.106129, 1
0.015156, -0.463340, 0
0.729556, 0.038013, 0
-0.533091, -0.036079, 1
0.164415, -0.057277, 0
-0.833098, 0.330511, 0
-0.353904, -0.235339, 0
-0.108044, 0.491604, 1
0.433656, 0.011003, 1
-0.014189, 0.950081, 1
-0.271733, -0.808234, 1
-0.511298, -0.194047, 1
0.030421, 0.036618, 1
-0.272413, -0.240022, 0
-0.925369, 0.194496, 0
0.723899, 0.239046, 0
-0.430443, -0.216685, 0
-0.344538, 0.461513, 1
-0.527484, -0.675002, 1
-0.859876, 0.458327, 1
-0.724921, -0.131609, 1
-0.536777, 0.026554, 1
-0.922235, -0.048075, 1
0.142853, -0.137071, 1
0.135844, 0.870440, 1
0.622906, 0.210475, 0
0.064936, 0.346805, 0
-0.550478, 0.202155, 1
0.237606, 0.019079, 0
-0.519408, -0.739610, 1
0.982185, -0.046892, 1
-0.414612, -0.877691, 1
-0.588564, -0.139533, 1
-0.009300, -0.938471, 1
-0.003725, 0.453923, 1
0.088083, 0.074040, 0
-0.594152, -0.079409, 1
0.173267, 0.548701, 1
0.419141, 0.406426, 0
0.519586, -0.515923, 1
-0.011813, 0.671703, 0
-0.578113, -0.482518, 1
0.377949, -0.020902, 1
-0.105148, -0.625776, 1
0.448265, -0.161131, 0
-0.096474, -0.378469, 0
-0.612430, -0.312955, 1
-0.069358, 0.806711, 0
-0.709212, -0.153298, 1
-0.162462, 0.407524, 1
0.648724, -0.278557, 0
-0.123697, 0.580818, 1
-0.412468, 0.298190, 1
-0.901700, -0.424070, 1
-0.868487, 0.476249, 1
0.555029, 0.026365, 0
0.009301, 0.298738, 0
-0.173081, 0.912827, 1
0.920269, 0.214489, 1
-0.400128, -0.149088, 0
0.021200, -0.306657, 1
0.301141, 0.311988, 1
0.540044, 0.720477, 1
0.289009, -0.622417, 1
0.128001, -0.062267, 0
-0.481449, 0.686557, 0
0.302494, -0.383150, 0
-0.737512, 0.434008, 0
0.805566, 0.469674, 1
0.242311, -0.367514, 0
0.382500, 0.162580, 1
-0.986508, -0.131825, 1
-0.324285, 0.314632, 1
0.035110, 0.469172, 1
-0.406658, -0.836889, 1
-0.593095, 0.692367, 0
-0.832586, -0.074544, 1
0.378925, 0.469909, 0
0.542306, 0.641412, 1
-0.096084, 0.635405, 0
0.458929, 0.364289, 0
0.578978, 0.264495, 0
-0.166037, -0.178712, 1
-0.387869, -0.125450, 0
0.311992, -0.207706, 1
0.090309, -0.652899, 1
-0.489788, -0.331629, 1
0.376018, -0.322374, 0
0.593827, -0.245057, 0
-0.852465, 0.136133, 0
-0.603645, 0.051451, 1
-0.228461, 0.855284, 0
-0.584260, -0.649484, 1
0.119779, 0.249703, 0
0.171805, 0.016760, 0
0.466166, 0.155673, 1
-0.239285, 0.665001, 0
0.153033, 0.372846, 1
-0.460450, -0.534975, 1
-0.187874, -0.573394, 1
0.313511, 0.322338, 1
0.094978, -0.310471, 1
0.444472, -0.852501, 1
0.198951, -0.403523, 0
0.696112, 0.614691, 1
-0.053007, -0.184109, 1
-0.135606, -0.881202, 1
0.274471, -0.406634, 0
-0.107472, -0.868649, 1
-0.442042, 0.478481, 1
0.026992, 0.652935, 0
-0.831990, 0.026956, 0
-0.658260, 0.612482, 0
0.174456, -0.833322, 1
0.453310, -0.626594, 1
-0.236845, 0.149421, 0
0.965312, -0.147509, 1
0.183051, 0.103416, 0
-0.608672, 0.178612, 1
0.530920, -0.642460, 1
0.713723, -0.576553, 1
-0.871898, 0.046849, 0
0.357174, 0.155094, 1
-0.300216, 0.525184, 1
-0.817950, 0.041524, 0
0.137666, 0.356506, 1
0.208202, -0.409024, 0
0.681505, 0.705710, 1
-0.429499, 0.510450, 1
0.503672, 0.753552, 1
-0.386134, 0.895000, 1
-0.067836, -0.855214, 1
-0.747460, -0.354114, 1
-0.431767, -0.258569, 0
-0.475421, -0.303665, 1
0.851429, -0.511937, 1
0.529587, -0.455396, 1
0.389984, -0.262210, 0
0.135580, 0.119896, 0
-0.290853, -0.124023, 0
-0.162094, -0.609349, 1
-0.418313, 0.408407, 1
0.161959, -0.485032, 0
-0.340246, -0.767102, 1
-0.259991, 0.227987, 0
-0.025671, 0.264588, 0
0.924322, -0.237392, 1
0.146341, 0.775751, 0
0.250671, -0.446721, 0
0.809229, -0.219741, 1
0.097882, 0.199213, 0
0.518048, -0.766538, 1
0.109439, 0.157016, 0
-0.382154, 0.691126, 0
-0.434578, -0.481052, 1
0.033916, 0.756844, 0
-0.078343, -0.035929, 1
0.826100, -0.154021, 1
0.726679, -0.027559, 0
-0.378270, -0.022649, 0
0.525720, -0.569041, 1
0.757609, -0.376398, 1
0.630173, 0.275658, 0
-0.142936, 0.949282, 1
0.106298, -0.879301, 1
0.657629, 0.671721, 1
-0.360354, 0.434114, 1
0.399102, 0.673562, 0
0.190958, 0.220605, 0
0.367231, 0.180700, 1
0.134867, 0.871451, 1
-0.419341, 0.756597, 0
-0.151199, -0.893621, 1
-0.812443, -0.393590, 1
-0.270019, 0.817729, 0
0.767012, 0.384920, 1
0.553549, -0.126690, 0
0.505619, 0.211179, 0
-0.454970, -0.854735, 1
0.164737, 0.186058, 0
0.016951, -0.053145, 0
0.474946, 0.161722, 1
-0.444927, -0.390186, 1
0.033173, 0.135733, 0
0.242112, -0.446033, 0
-0.628303, -0.629548, 1
0.755373, 0.112688, 1
0.012018, 0.260992, 0
-0.676134, 0.557048, 0
0.406257, -0.030841, 1
0.501179, 0.225084, 0
-0.194590, -0.334083, 0
-0.015916, -0.832155, 1
0.303578, -0.137687, 1
0.416280, -0.612385, 1
-0.482217, 0.787977, 1
-0.241933, -0.923078, 1
0.189610, -0.061297, 0
0.774432, 0.513477, 1
-0.504250, 0.180689, 1
-0.594228, 0.288046, 1
-0.337154, -0.183086, 0
0.110407, -0.724382, 1
-0.296997, -0.905509, 1
-0.556537, 0.198905, 1
-0.707270, 0.477498, 0
-0.601407, -0.189487, 1
0.265475, 0.156660, 1
-0.112565, 0.192160, 0
-0.869137, 0.444532, 1
0.590522, -0.373387, 0
-0.374780, -0.926842, 1
-0.376457, 0.030993, 0
0.361204, 0.286389, 1
0.847907, -0.528389, 1
0.562007, -0.449090, 1
0.749815, -0.322150, 1
0.288532, 0.087420, 1
-0.144247, -0.445993, 0
0.358712, 0.410754, 1
0.483912, 0.127186, 1
0.014925, -0.154884, 1
-0.586425, -0.137168, 1
0.413743, 0.882829, 1
0.981051, 0.163558, 1
-0.439321, 0.733560, 0
-0.025409, 0.249506, 0
-0.663074, -0.365448, 1
-0.182871, -0.418994, 0
-0.622260, -0.436703, 1
-0.504814, -0.802027, 1
0.608727, -0.056030, 0
0.837830, 0.092639, 1
-0.928844, -0.147245, 1
0.715587, 0.254482, 0
-0.539688, 0.129329, 1
0.137311, -0.558637, 0
-0.707113, 0.697989, 1
-0.825077, 0.267478, 0
-0.052505, 0.953723, 1
0.530600, 0.284421, 0
-0.411725, -0.652270, 1
0.865427, -0.033985, 1
-0.088974, -0.639387, 1
0.163988, 0.351353, 1
-0.785490, -0.227285, 1
-0.094906, 0.803108, 0
-0.148790, -0.379319, 0
0.057590, 0.311522, 0
0.310376, -0.159615, 1
0.881530, -0.159024, 1
-0.649154, -0.400192, 1
0.451085, -0.434644, 0
0.372523, 0.746408, 0
-0.382304, 0.237876, 0
0.040984, -0.035903, 0
0.956311, 0.246757, 1
0.026750, 0.837841, 0
-0.912267, 0.151556, 0
-0.692353, 0.276439, 0
0.141789, 0.743467, 0
0.376171, 0.492635, 0
-0.656725, -0.172744, 1
-0.426336, -0.324313, 0
-0.046326, -0.313449, 1
0.650648, -0.658051, 1
-0.764568, -0.613293, 1
0.418570, 0.599821, 0
0.748922, 0.506303, 1
-0.248623, -0.943431, 1
-0.217258, 0.893166, 1
0.385801, -0.856689, 1
-0.013831, 0.443792, 1
-0.880520, -0.187218, 1
-0.192560, 0.897032, 1
-0.340094, -0.099327, 0
0.823299, -0.104662, 1
0.287380, 0.778069, 0
0.067151, 0.860451, 0
0.689150, -0.514279, 1
0.460272, 0.438072, 0
0.494641, -0.225235, 0
-0.895185, 0.294677, 0
-0.066322, 0.490616, 1
-0.065591, 0.297097, 0
0.479681, 0.053888, 1
0.371845, -0.082681, 1
0.817992, 0.446396, 1
-0.072910, 0.105371, 1
-0.034178, -0.086386, 0
-0.520038, -0.573905, 1
-0.648314, -0.528015, 1
-0.362256, 0.846328, 1
0.246750, -0.257441, 1
0.141005, -0.819571, 1
-0.766825, -0.421007, 1
-0.899724, 0.167584, 0
0.306022, 0.593318, 0
-0.096712, -0.070881, 1
0.625069, -0.278720, 0
-0.624485, -0.447841, 1
-0.453599, -0.207526, 0
-0.486407, 0.026362, 0
0.218568, -0.134720, 1
0.498348, 0.856312, 1
-0.288393, -0.254902, 0
-0.401129, 0.852612, 1
-0.074473, -0.167954, 1
-0.568395, 0.025803, 1
-0.394240, -0.778898, 1
0.814420, 0.196952, 1
-0.159099, 0.439489, 1
0.918232, 0.216416, 1
-0.183605, -0.461951, 0
-0.462643, 0.329988, 1
0.564411, 0.755925, 1
-0.804732, 0.062759, 0
0.612237, -0.093125, 0
-0.240513, -0.266616, 0
0.043155, 0.191093, 0
0.759187, 0.042785, 1
0.498788, -0.635054, 1
0.263887, 0.792452, 0
-0.723272, 0.078306, 1
-0.010596, 0.117629, 1
-0.482205, -0.092363, 0
-0.665956, -0.490556, 1
-0.347480, 0.150439, 0
0.047493, 0.189877, 0
-0.519573, -0.388096, 1
-0.054197, -0.324305, 1
0.674663, -0.441960, 1
0.582571, 0.482520, 0
-0.230851, -0.657942, 1
-0.144912, 0.031939, 1
-0.175609, -0.383235, 0
0.197281, 0.813795, 0
-0.278568, -0.931562, 1
-0.775480, 0.373952, 0
0.218877, 0.272012, 1
-0.436171, 0.699304, 0
-0.625000, 0.558579, 0
0.041098, -0.163179, 1
-0.700372, 0.257002, 0
-0.350876, 0.832779, 0
0.232092, 0.504211, 1
-0.135283, 0.572129, 1
0.623186, 0.689108, 1
-0.811106, -0.179533, 1
-0.464457, -0.775665, 1
0.598287, 0.210603, 0
-0.090093, 0.915992, 1
0.671748, 0.284906, 0
0.474571, 0.739420, 1
0.242477, -0.484331, 0
-0.423760, 0.542105, 0
0.772671, 0.225364, 1
0.374884, 0.004763, 1
-0.270425, -0.760399, 1
-0.423108, -0.647239, 1
0.928709, -0.234214, 1
0.173228, 0.431612, 1
-0.310926, 0.708771, 0
0.655947, -0.319201, 1
-0.531166, 0.254233, 1
0.416349, -0.198691, 1
-0.583099, 0.088097, 1
-0.172484, 0.328692, 0
-0.592859, 0.403756, 0
-0.129204, -0.820188, 1
-0.370880, -0.754320, 1
0.184576, 0.358696, 1
-0.514719, 0.761468, 0
0.711457, -0.586010, 1
-0.472745, -0.115316, 0
0.845601, 0.216328, 1
-0.406545, 0.501548, 1
0.897128, 0.062289, 1
-0.244219, 0.788530, 0
0.260227, -0.323947, 1
0.491500, -0.124459, 0
0.121221, 0.643101, 0
0.479316, 0.606502, 0
0.404569, 0.190773, 1
0.148152, -0.331088, 1
0.367641, 0.045280, 1
-0.166191, 0.294399, 0
-0.704447, 0.423647, 0
0.274499, 0.555779, 0
-0.900299, 0.146071, 0
0.424783, 0.135022, 1
-0.020013, 0.883308, 1
0.255642, -0.898792, 1
0.526409, -0.265042, 0
0.707710, -0.069022, 0
-0.329900, -0.038064, 0
0.056232, -0.598699, 0
0.085358, 0.890041, 1
0.695700, 0.380911, 1
0.313688, -0.029801, 1
-0.063310, 0.413389, 1
-0.883730, -0.419787, 1
0.517835, 0.541053, 0
0.715235, -0.502179, 1
0.424361, -0.029123, 1
-0.400971, -0.049230, 0
0.705835, -0.693261, 1
-0.965059, -0.255452, 1
0.632754, 0.629235, 1
-0.244499, -0.697147, 1
-0.408829, 0.811733, 0
-0.295846, 0.676529, 0
0.701774, -0.600146, 1
0.057440, 0.015463, 0
-0.571148, 0.486323, 0
0.027377, -0.710423, 1
-0.555492, -0.548262, 1
0.260455, 0.043537, 1
0.402508, -0.033710, 1
0.350277, 0.284256, 1
-0.402144, 0.385217, 1
0.014453, -0.215695, 1
-0.466537, 0.605623, 0
-0.403962, 0.237618, 1
0.282152, -0.702188, 1
0.637472, -0.660408, 1
0.313275, 0.007525, 1
-0.666278, 0.742126, 1
-0.506151, -0.091936, 1
0.688813, 0.521225, 1
0.197641, -0.866679, 1
0.176858, 0.375471, 1
0.424386, -0.472865, 0
0.912352, -0.311469, 1
-0.747148, -0.073195, 1
0.472836, -0.213684, 0
-0.633314, 0.661405, 0
-0.331070, -0.512106, 1
0.422087, 0.162779, 1
0.395958, 0.110900, 1
-0.315995, -0.406401, 0
0.244221, -0.343032, 1
0.051695, -0.578921, 0
-0.051787, -0.307834, 1
-0.501677, -0.139435, 0
0.380697, -0.248825, 0
0.787370, -0.146467, 1
0.537491, -0.680202, 1
-0.077593, 0.561424, 1
-0.865622, 0.289093, 0
0.222829, -0.711449, 1
-0.030946, 0.891759, 1
-0.223555, -0.608859, 1
0.054539, -0.827597, 1
0.502041, 0.738544, 1
-0.233998, -0.253738, 0
0.167341, -0.572049, 0
0.120117, -0.207898, 1
-0.023881, -0.499186, 0
0.543278, -0.236511, 0
0.354346, 0.080768, 1
0.083287, -0.723247, 1
-0.357808, 0.217665, 0
0.506215, -0.465101, 0
-0.073960, -0.188680, 1
-0.544937, -0.571919, 1
-0.450137, 0.221065, 1
0.174343, -0.054625, 0
0.038762, -0.658316, 1
0.373326, 0.332541, 1
-0.542762, -0.506557, 1
-0.875357, 0.433357, 1
-0.005744, 0.667920, 0
-0.251311, 0.280132, 0
-0.374645, 0.390881, 1
-0.502203, -0.808800, 1
-0.273901, 0.012683, 0
-0.713328, 0.652139, 1
0.824003, -0.258265, 1
0.962800, 0.254564, 1
0.319241, 0.001562, 1
0.596248, -0.307433, 0
0.186009, -0.541254, 0
0.486843, -0.819735, 1
-0.471133, -0.124645, 0
-0.036179, 0.154222, 0
-0.733764, 0.461618, 0
0.345422, 0.522138, 0
-0.465178, 0.752303, 0
0.723660, -0.641175, 1
-0.505962, 0.803881, 1
-0.267309, -0.543162, 1
0.058444, -0.948068, 1
0.458400, -0.345308, 0
-0.255501, 0.792503, 0
-0.291822, 0.930508, 1
0.878710, -0.360359, 1
0.253269, -0.157468, 1
0.793862, 0.519505, 1
-0.695850, 0.139284, 1
0.041643, 0.769781, 0
0.210806, 0.576465, 0
0.522084, -0.065534, 0
-0.261654, -0.332020, 0
-0.527041, 0.796791, 1
-0.280088, 0.931359, 1
-0.548517, 0.464411, 0
0.723862, 0.159661, 0
0.354682, 0.505692, 0
-0.646975, 0.233393, 1
0.125798, -0.619926, 0
0.078480, -0.832559, 1
0.223751, 0.679194, 0
0.758888, 0.067087, 1
-0.468502, 0.816241, 1
0.370032, 0.926416, 1
0.791351, -0.275286, 1
0.432108, -0.855624, 1
0.516636, -0.123533, 0
-0.585895, -0.404884, 1
0.043907, -0.436040, 0
-0.115599, -0.212187, 1
-0.929751, -0.185818, 1
0.348732, 0.679993, 0
-0.873608, -0.134632, 1
-0.443540, -0.459503, 1
0.460483, 0.600367, 0
0.104457, -0.655116, 1
-0.611820, 0.340356, 1
-0.546965, -0.144813, 1
0.264314, -0.476716, 0
0.669368, 0.349292, 0
-0.647579, 0.550637, 0
0.526649, -0.608071, 1
0.305195, 0.935722, 1
-0.926125, 0.234519, 0
-0.085488, -0.845526, 1
-0.712025, 0.470971, 0
-0.305029, 0.748458, 0
0.071338, 0.799428, 0
0.139783, -0.453623, 0
-0.685295, -0.595903, 1
0.069661, 0.984073, 1
0.753390, 0.422083, 1
0.534709, 0.280039, 0
0.814011, 0.498112, 1
-0.199714, 0.615479, 1
0.340000, 0.579283, 0
0.297179, -0.745488, 1
0.733757, 0.585154, 1
0.725483, -0.571272, 1
0.333611, -0.203179, 1
-0.771845, 0.426953, 0
-0.743661, 0.367938, 0
0.772035, 0.042992, 1
-0.444883, 0.525425, 0
-0.194536, -0.720914, 1
0.587938, 0.605750, 1
0.894565, 0.388634, 1
0.711231, 0.445767, 1
0.263206, 0.051230, 1
0.025050, -0.439615, 0
0.305742, -0.241193, 1
-0.854461, 0.031225, 0
0.187534, 0.479150, 1
0.828046, 0.415689, 1
-0.093896, -0.915614, 1
-0.216373, -0.120566, 1
-0.344570, -0.444337, 0
0.922426, 0.210547, 1
0.300373, -0.113448, 1
-0.333413, -0.111689, 0
-0.507698, -0.438848, 1
0.254762, 0.031968, 0
0.591729, -0.021691, 0
0.725226, 0.419776, 1
-0.606001, -0.368671, 1
0.504162, 0.177626, 0
0.510763, -0.840409, 1
0.733288, 0.433189, 1
0.370138, 0.814376, 1
0.820690, -0.329489, 1
-0.299072, -0.512724, 1
0.558822, 0.193230, 0
0.048429, 0.835768, 0
0.396762, 0.055347, 1
0.375919, -0.348476, 0
0.212029, 0.878091, 1
0.722531, -0.196242, 1
-0.143600, 0.447757, 1
-0.776466, 0.250398, 0
-0.571976, 0.589849, 0
0.023038, 0.257425, 0
0.975689, -0.156272, 1
0.927936, -0.323383, 1
0.331005, 0.486759, 0
0.322526, 0.266608, 1
0.434780, -0.301555, 0
-0.825099, 0.130161, 0
0.400186, 0.897432, 1
0.345189, -0.842547, 1
0.506984, 0.424275, 0
0.014124, 0.772435, 0
0.029860, -0.927991, 1
-0.119109, -0.042204, 1
-0.251374, -0.788104, 1
-0.555445, -0.381527, 1
-0.408671, 0.767081, 0
-0.534474, 0.803214, 1
0.548205, -0.359573, 0
-0.066625, -0.051609, 1
-0.462141, -0.132705, 0
0.204977, 0.883048, 1
0.024748, -0.288039, 1
0.307323, -0.090104, 1
-0.353031, -0.678553, 1
-0.317669, -0.256710, 0
-0.641390, 0.712191, 1
-0.184701, 0.239501, 0
-0.330013, 0.563925, 1
0.451397, 0.114542, 1
-0.118377, -0.932521, 1
-0.931166, 0.347149, 1
-0.434570, -0.474564, 1
-0.591516, -0.303890, 1
-0.517632, 0.715808, 0
0.606006, 0.129337, 0
0.635366, -0.329485, 1
-0.748149, 0.086763, 0
0.785057, -0.565751, 1
0.129488, -0.333319, 1
-0.498272, 0.198322, 1
0.176489, 0.380791, 1
-0.473157, -0.152149, 0
0.151197, -0.064673, 0
0.543961, 0.633565, 1
-0.348865, 0.149967, 0
-0.237098, -0.311610, 0
0.438304, -0.364472, 0
0.084255, 0.438832, 1
0.323454, -0.280379, 1
-0.990445, -0.064129, 1
-0.438915, -0.488717, 1
-0.865806, -0.425085, 1
-0.116296, -0.050445, 1
-0.669655, 0.103165, 1
-0.091956, 0.481543, 1
0.115108, -0.310373, 1
0.378017, 0.040277, 1
-0.486462, -0.537728, 1
-0.520891, 0.836992, 1
0.181893, -0.411545, 0
0.412298, -0.011724, 1
-0.517140, 0.421853, 1
0.924148, 0.043944, 1
0.618859, -0.183159, 0
0.007896, -0.804819, 1
-0.122966, 0.338241, 0
0.298345, 0.785078, 0
-0.180216, 0.336837, 0
0.812901, 0.404481, 1
-0.120667, -0.673562, 1
0.866752, 0.358442, 1
-0.836569, 0.048645, 0
-0.002418, 0.961069, 1
0.473701, -0.069282, 1
-0.980590, 0.092560, 0
0.747558, 0.027306, 0
0.287740, -0.375408, 0
-0.634453, -0.413914, 1
-0.590330, 0.185331, 1
0.922923, -0.353246, 1
0.120222, 0.949387, 1
-0.514190, -0.066877, 1
0.353868, 0.365143, 1
0.259561, 0.220620, 1
-0.276416, 0.422992, 1
-0.730735, -0.329519, 1
-0.001280, -0.693814, 1
-0.732745, -0.426061, 1
-0.072980, -0.713335, 1
0.666498, -0.325422, 1
0.313971, -0.045761, 1
0.299170, 0.679518, 0
0.540325, 0.708840, 1
-0.135152, 0.463248, 1
0.412635, -0.158596, 1
-0.081807, -0.233497, 1
0.987123, -0.069869, 1
0.600745, -0.743612, 1
0.600612, -0.400535, 1
-0.437425, -0.299150, 0
-0.404233, -0.170170, 0
0.274789, 0.522786, 0
0.116495, -0.058713, 0
-0.802635, -0.569534, 1
-0.890017, 0.435851, 1
0.205375, -0.025169, 0
-0.100901, 0.560969, 1
-0.040099, -0.688267, 1
0.078236, -0.391081, 0
-0.944152, 0.065359, 0
0.539050, 0.656593, 1
0.321747, 0.139662, 1
0.840512, -0.148175, 1
-0.285848, 0.115301, 0
0.387966, 0.273886, 1
0.345927, -0.712936, 1
-0.165146, -0.694172, 1
-0.401202, 0.237226, 1
-0.257608, 0.385195, 1
-0.475143, -0.847578, 1
0.004247, -0.337386, 1
0.480670, 0.378859, 0
-0.506739, 0.537259, 0
0.950836, -0.245626, 1
0.125470, -0.122661, 0
0.293233, -0.528603, 0
0.164404, -0.871913, 1
-0.222775, 0.763201, 0
0.365313, -0.038852, 1
0.440235, 0.211458, 1
0.200918, -0.817373, 1
-0.403347, 0.097282, 0
-0.753233, 0.121509, 0
0.249704, -0.804771, 1
0.486878, -0.746049, 1
-0.142157, -0.032452, 1
0.632811, 0.351104, 0
-0.495193, 0.583646, 0
0.602993, 0.230947, 0
-0.128480, -0.103774, 1
0.024313, -0.520431, 0
0.440717, 0.239359, 1
0.601085, -0.358365, 0
0.421986, -0.802262, 1
0.738917, 0.668753, 1
0.319247, -0.011379, 1
0.863981, -0.193875, 1
0.242572, -0.278176, 1
0.773674, -0.124618, 1
-0.540971, -0.821595, 1
0.409352, 0.144180, 1
-0.041752, 0.111696, 1
0.180104, 0.982561, 1
0.591265, -0.020772, 0
-0.627813, 0.031982, 1
0.673617, 0.640573, 1
-0.828990, 0.412534, 0
0.309326, 0.490257, 1
-0.598846, 0.173307, 1
-0.703618, 0.643726, 1
-0.651464, -0.021863, 1
-0.853535, -0.378803, 1
0.040159, 0.555817, 1
-0.332487, -0.054519, 0
0.290760, -0.856704, 1
-0.673573, -0.035623, 1
0.783869, -0.502563, 1
-0.623089, 0.093195, 1
-0.645868, -0.059100, 1
-0.870307, -0.297332, 1
0.323866, -0.040804, 1
0.831974, 0.089243, 1
-0.042396, -0.500512, 0
-0.965276, -0.061429, 1
-0.241734, 0.959434, 1
0.291726, -0.950974, 1
0.013404, 0.886599, 1
-0.884410, 0.390315, 0
-0.020206, -0.896717, 1
-0.831620, 0.246296, 0
-0.612641, -0.409828, 1
0.407929, -0.258509, 0
0.531072, 0.537621, 0
0.444159, 0.450109, 0
0.813779, -0.231975, 1
-0.590695, 0.645753, 0
0.857268, 0.366909, 1
-0.694520, -0.096493, 1
-0.047467, 0.954156, 1
0.215360, 0.965937, 1
0.840755, 0.330950, 1
0.356252, -0.179451, 1
0.434233, 0.524632, 0
-0.436917, 0.645876, 0
0.012395, -0.992758, 1
0.095984, -0.173826, 1
-0.224733, 0.505289, 1
-0.528073, -0.367465, 1
-0.127802, -0.382832, 0
-0.475472, 0.177678, 1
0.520675, -0.624046, 1
-0.225116, -0.526792, 0
0.321194, 0.795398, 1
-0.008586, -0.244573, 1
0.320030, 0.058259, 1
-0.422981, 0.434834, 1
-0.466968, 0.140102, 1
0.080710, 0.545427, 1
0.147345, -0.823306, 1
0.681983, -0.156473, 0
-0.444853, -0.445819, 1
0.460695, 0.079675, 1
0.731859, -0.018630, 0
0.455629, -0.493257, 0
0.454579, 0.785739, 1
0.689122, -0.051981, 0
-0.426392, 0.009152, 0
-0.556014, -0.460689, 1
-0.709271, 0.524696, 0
0.701390, -0.543662, 1
0.360685, 0.383373, 1
0.299866, 0.915832, 1
0.937554, -0.239439, 1
-0.004493, 0.669412, 0
0.741931, -0.548864, 1
-0.823845, 0.196509, 0
-0.763124, -0.326858, 1
0.090234, -0.806520, 1
-0.508677, -0.220645, 1
0.141500, 0.064931, 0
0.788507, 0.147778, 1
0.687089, -0.493714, 1
-0.771836, 0.305044, 0
-0.158047, 0.528030, 1
0.220876, -0.220493, 1
-0.332480, -0.374926, 0
0.227031, -0.095605, 1
0.298217, -0.682735, 1
0.097876, 0.789540, 0
0.096620, -0.760624, 1
-0.145529, -0.114872, 1
0.387154, 0.070028, 1
0.117622, 0.074243, 0
0.576314, -0.125189, 0
-0.153931, 0.520673, 1
-0.666609, 0.074233, 1
-0.174282, 0.175344, 0
0.954850, -0.109146, 1
-0.737022, -0.596231, 1
-0.078624, -0.069503, 1
0.028844, -0.851593, 1
-0.534328, -0.067232, 1
0.172144, -0.028929, 0
-0.552580, -0.440702, 1
0.633541, 0.617413, 1
-0.560147, -0.520391, 1
0.138087, -0.226755, 1
0.046960, -0.726624, 1
0.203873, 0.336052, 1
-0.883258, 0.038765, 0
0.663113, -0.417586, 1
-0.855294, 0.143677, 0
-0.249215, -0.407874, 0
0.702975, -0.208116, 1
-0.842832, 0.336516, 0
-0.590702, -0.402978, 1
0.816125, 0.547384, 1
0.370266, 0.369968, 1
0.511188, 0.318855, 0
0.526073, 0.521586, 0
0.222294, -0.426967, 0
0.794962, 0.529502, 1
-0.458632, -0.001165, 0
-0.134446, -0.341890, 0
-0.691619, 0.385230, 0
0.152811, 0.059166, 0
0.977357, -0.144213, 1
0.378395, 0.318921, 1
0.420668, -0.095532, 1
-0.159493, -0.357038, 0
0.477501, -0.364531, 0
0.634305, 0.038018, 0
-0.323021, 0.671905, 0
0.302734, -0.166150, 1
-0.065768, 0.280090, 0
0.689637, -0.214717, 0
0.414615, 0.881939, 1
0.045631, -0.853838, 1
0.890366, -0.146636, 1
-0.752025, 0.268761, 0
-0.826771, 0.012792, 0
-0.688396, 0.650731, 1
0.648262, -0.515932, 1
0.669600, 0.282566, 0
0.522086, -0.653420, 1
-0.045529, 0.088771, 1
-0.735917, -0.364490, 1
-0.036163, 0.566816, 1
-0.153094, 0.158997, 0
-0.316648, -0.738478, 1
0.040936, 0.728983, 0
-0.592317, -0.068698, 1
-0.417653, -0.344342, 0
-0.799937, -0.245368, 1
-0.675699, -0.626707, 1
0.767424, -0.364095, 1
0.119972, 0.693624, 0
-0.301748, -0.357942, 0
-0.711767, -0.305334, 1
-0.407265, -0.281991, 0
-0.083409, 0.276087, 0
-0.020469, 0.957527, 1
0.005070, 0.387214, 1
-0.111171, 0.587417, 1
-0.957128, 0.088893, 0
-0.657951, -0.632827, 1
0.003077, 0.486210, 1
0.179833, -0.776589, 1
-0.234892, 0.220037, 0
0.524323, -0.835633, 1
0.190602, 0.395426, 1
-0.886565, -0.161448, 1
0.059423, 0.092966, 0
-0.203921, -0.935507, 1
-0.519820, 0.684908, 0
0.651910, -0.476948, 1
-0.109775, -0.764013, 1
0.722196, 0.628590, 1
-0.983648, -0.097971, 1
0.852002, -0.218540, 1
0.277397, 0.646389, 0
0.041815, 0.814464, 0
-0.748664, 0.155251, 0
-0.346984, 0.310759, 1
-0.751784, 0.449095, 0
0.375252, -0.271604, 0
0.134003, 0.027162, 0
0.251448, 0.907804, 1
0.021121, -0.858327, 1
-0.856210, 0.124552, 0
-0.246857, -0.948673, 1
-0.231984, -0.394856, 0
-0.167213, -0.109918, 1
-0.463529, -0.774217, 1
-0.421818, 0.578287, 0
-0.959752, -0.170482, 1
-0.266463, -0.306736, 0
-0.859722, -0.018246, 1
0.710150, 0.276362, 0
-0.457308, -0.038402, 0
0.184165, 0.563813, 1
0.103271, 0.327955, 0
-0.311634, 0.138245, 0
0.193942, 0.441509, 1
0.189572, 0.961957, 1
-0.147961, -0.620067, 1
-0.867459, 0.388511, 0
-0.394283, -0.289276, 0
-0.033202, -0.354035, 1
0.540242, 0.700335, 1
0.339229, 0.680519, 0
-0.317912, 0.481587, 1
0.196049, -0.607762, 0
-0.242051, 0.738742, 0
0.302555, -0.542893, 0
0.595352, -0.535988, 1
0.432429, -0.215076, 0
-0.574031, 0.479083, 0
-0.192718, 0.278008, 0
0.859016, -0.060176, 1
-0.333481, -0.535267, 1
0.650547, 0.633316, 1
0.110697, 0.190789, 0
0.333651, -0.550074, 0
-0.128691, -0.984260, 1
-0.592022, -0.310538, 1
-0.368423, 0.108655, 0
0.099576, 0.814274, 0
-0.634342, -0.467995, 1
-0.400802, -0.208373, 0
-0.653697, -0.263846, 1
-0.630529, 0.445534, 0
0.187640, 0.703122, 0
0.888654, 0.148013, 1
0.041062, -0.892425, 1
0.049659, -0.859362, 1
-0.327357, -0.478954, 1
-0.793055, -0.316269, 1
-0.446165, -0.726170, 1
0.012735, -0.111329, 0
-0.729320, 0.382205, 0
-0.665795, 0.458320, 0
0.085327, -0.770335, 1
0.517269, -0.195812, 0
-0.068972, -0.426926, 0
0.575983, -0.180318, 0
0.721087, -0.382955, 1
-0.072743, -0.229254, 1
-0.242317, -0.150894, 1
-0.813936, 0.430326, 0
0.370152, -0.606991, 1
-0.885943, 0.297679, 0
-0.330411, -0.332109, 0
0.571508, 0.682324, 1
0.064529, 0.890768, 1
0.300509, -0.850144, 1
-0.879567, -0.182222, 1
-0.045956, -0.822929, 1
-0.249855, -0.962662, 1
-0.295246, -0.528768, 1
-0.345617, 0.632011, 0
0.241978, 0.412066, 1
-0.518883, 0.428042, 1
-0.157608, 0.851269, 0
0.821051, -0.043551, 1
0.148948, -0.509359, 0
0.624340, -0.279544, 0
-0.827036, 0.180903, 0
-0.437355, 0.237494, 1
0.071670, 0.863154, 0
0.387349, 0.192103, 1
-0.319068, -0.658606, 1
0.369174, 0.142287, 1
0.179625, -0.068780, 0
-0.409449, 0.834008, 1
-0.436769, 0.832529, 1
0.246074, 0.044348, 0
0.260571, -0.911534, 1
-0.104383, 0.081622, 1
0.044915, -0.955435, 1
0.572263, -0.330745, 0
-0.234979, 0.745227, 0
0.850158, 0.327665, 1
-0.017279, -0.078172, 0
0.190819, -0.629930, 1
-0.288536, 0.483104, 1
0.014038, -0.062070, 0
0.476729, 0.286074, 0
0.362211, -0.627654, 1
-0.632304, -0.592874, 1
0.076381, 0.181932, 0
0.685187, -0.073461, 0
-0.490403, -0.332092, 1
0.037978, 0.962298, 1
0.572168, 0.749443, 1
0.445402, -0.413794, 0
-0.312627, 0.047825, 0
-0.220131, -0.443477, 0
0.240799, -0.192460, 1
-0.011095, 0.266302, 0
-0.447624, 0.443495, 1
-0.162019, -0.079928, 1
0.850621, 0.254892, 1
-0.139968, -0.072998, 1
-0.563176, -0.454781, 1
0.853541, -0.053579, 1
0.213127, 0.701908, 0
-0.353163, -0.748895, 1
-0.194789, -0.312079, 0
0.244444, 0.398232, 1
-0.607380, -0.766651, 1
-0.335466, -0.526096, 1
-0.301017, 0.216910, 0
-0.208145, -0.002986, 1
-0.304977, 0.228679, 0
0.542233, -0.451436, 1
-0.824901, -0.244641, 1
-0.749528, -0.178063, 1
0.006464, 0.914678, 1
0.040942, 0.007011, 0
0.024285, 0.846153, 0
0.694932, 0.181718, 0
0.431234, -0.060624, 1
-0.420050, 0.823853, 1
0.172725, 0.244483, 0
-0.538607, -0.784842, 1
0.408671, -0.401625, 0
0.595389, -0.321798, 0
0.429205, 0.137622, 1
0.226767, 0.604304, 0
-0.573759, -0.100555, 1
0.391917, 0.467183, 0
0.313337, 0.601388, 0
0.597920, -0.255429, 0
-0.459236, -0.822130, 1
-0.431576, 0.713489, 0
0.422354, -0.133818, 1
0.081340, -0.006132, 0
-0.517878, 0.064519, 1
0.194394, -0.922489, 1
0.742721, -0.376401, 1
0.215133, -0.030512, 0
-0.772097, 0.108113, 0
-0.553273, -0.345855, 1
-0.745153, 0.434665, 0
0.515402, 0.852767, 1
0.769655, 0.452991, 1
0.613842, 0.354852, 0
0.336738, -0.304818, 0
0.759700, 0.543114, 1
-0.833287, 0.111503, 0
-0.528091, -0.605384, 1
-0.780384, -0.081363, 1
0.048761, -0.772826, 1
-0.242719, 0.170089, 0
-0.858811, 0.012127, 0
-0.395246, 0.656591, 0
-0.135106, -0.216010, 1
0.712758, -0.104468, 0
0.531650, 0.482413, 0
-0.651478, 0.145491, 1
-0.162735, 0.685260, 0
0.840673, 0.185984, 1
0.504119, 0.600374, 0
-0.270902, 0.400490, 1
0.102795, -0.104189, 0
-0.488007, 0.574705, 0
0.290426, -0.268391, 1
-0.506659, -0.660813, 1
-0.041217, 0.250622, 0
0.509276, 0.099972, 0
-0.243437, 0.127643, 0
-0.101980, -0.530679, 0
0.575161, -0.211001, 0
0.016208, -0.295919, 1
-0.038433, -0.880997, 1
0.599892, 0.473559, 0
0.693707, -0.109682, 0
0.229505, 0.163952, 0
0.437670, -0.261218, 0
-0.147188, 0.020487, 1
-0.171937, 0.750832, 0
0.489807, -0.148762, 0
-0.819498, 0.441541, 0
0.222935, 0.755663, 0
-0.769460, 0.279892, 0
0.171497, -0.794477, 1
-0.159031, -0.812295, 1
-0.090396, 0.802536, 0
-0.693293, -0.490505, 1
0.399814, 0.481263, 0
-0.812537, -0.370681, 1
-0.354785, 0.625133, 0
0.368100, -0.090862, 1
0.325552, -0.779088, 1
0.004853, -0.847754, 1
-0.139026, -0.772212, 1
0.907908, 0.091514, 1
0.507681, 0.079405, 0
0.297036, -0.651350, 1
0.267110, -0.793360, 1
-0.283864, 0.427281, 1
-0.091456, 0.761695, 0
-0.254732, 0.553759, 1
0.386828, -0.886632, 1
-0.537103, -0.287619, 1
-0.665720, -0.607478, 1
-0.134004, -0.693976, 1
-0.541730, -0.327072, 1
0.764442, 0.606317, 1
0.445584, 0.061478, 1
0.954967, -0.287306, 1
0.268119, -0.893847, 1
0.622439, -0.154528, 0
0.995736, 0.009267, 1
-0.041160, -0.541367, 0
0.721648, 0.293121, 0
-0.148845, -0.412356, 0
0.599145, -0.336891, 0
0.336037, -0.442871, 0
-0.576407, 0.100479, 1
-0.418129, 0.430076, 1
-0.775433, -0.131618, 1
0.414330, 0.758000, 1
-0.270874, 0.514534, 1
0.360831, 0.318845, 1
-0.345654, 0.082479, 0
-0.388034, 0.505500, 1
-0.731475, 0.504646, 0
-0.314256, -0.307881, 0
-0.394875, -0.150809, 0
-0.438704, -0.232918, 0
-0.032395, 0.143167, 0
-0.802842, 0.192172, 0
-0.049828, -0.259325, 1
0.126022, 0.150149, 0
0.092239, 0.486027, 1
0.345862, -0.546929, 0
0.535550, 0.416838, 0
0.505707, 0.205672, 0
0.627948, 0.674317, 1
0.334287, 0.896474, 1
0.178963, -0.979969, 1
-0.411408, 0.784088, 0
-0.130778, 0.149888, 0
-0.448830, 0.836827, 1
-0.706945, -0.251672, 1
0.028999, -0.695395, 1
0.045280, 0.485838, 1
0.129320, -0.862481, 1
-0.028135, -0.524819, 0
-0.409410, 0.776737, 0
0.331812, -0.178478, 1
0.655412, -0.333901, 1
-0.282004, -0.165625, 0
-0.313870, 0.306588, 1
-0.381537, 0.555353, 0
-0.543523, 0.169633, 1
0.392180, -0.250468, 0
0.054137, -0.722222, 1
0.763616, 0.529669, 1
-0.763065, -0.264519, 1
-0.487782, -0.519761, 1
-0.046335, 0.705792, 0
-0.538665, -0.714524, 1
-0.048425, 0.245310, 0
-0.048878, 0.637705, 0
-0.448101, 0.569585, 0
0.193058, 0.008375, 0
-0.260781, -0.414762, 0
0.757907, -0.342819, 1
0.006417, -0.187957, 1
-0.065041, 0.406767, 1
-0.088540, -0.301425, 1
-0.063564, 0.148395, 0
0.434056, -0.058713, 1
0.421526, -0.070415, 1
0.215061, -0.820619, 1
0.424691, -0.049270, 1
-0.479685, -0.002600, 0
-0.015036, 0.259534, 0
0.582638, -0.257129, 0
0.554915, -0.148327, 0
0.550249, -0.067742, 0
0.614770, -0.015696, 0
-0.069422, 0.295070, 0
-0.479725, -0.417356, 1
0.177930, 0.735336, 0
-0.237975, 0.177538, 0
-0.836695, -0.351416, 1
-0.296286, 0.148270, 0
-0.124594, 0.446056, 1
-0.323494, -0.128772, 0
0.803486, 0.527200, 1
0.211059, 0.677030, 0
0.117890, -0.858362, 1
-0.027900, 0.638165, 0
-0.275718, -0.849970, 1
0.373501, 0.486307, 0
0.327568, 0.275473, 1
0.673023, 0.455836, 1
-0.018213, 0.836328, 0
-0.015402, -0.987462, 1
0.971852, -0.124261, 1
0.837371, -0.152742, 1
-0.678205, -0.486123, 1
-0.259369, 0.521972, 1
0.199002, -0.120684, 1
-0.482520, -0.182390, 0
-0.696083, 0.648700, 1
0.166454, 0.976939, 1
0.104536, -0.851759, 1
0.813267, 0.208956, 1
0.833741, -0.202135, 1
0.221494, 0.805593, 0
0.673604, 0.058864, 0
0.572741, -0.628662, 1
-0.734938, 0.092311, 0
-0.129634, -0.641610, 1
0.263412, 0.387847, 1
0.176000, 0.584543, 0
0.278828, 0.479916, 1
0.233243, -0.554718, 0
0.456856, -0.662221, 1
-0.406477, 0.270123, 1
0.546735, -0.572736, 1
-0.932011, -0.231772, 1
0.827093, -0.114291, 1
0.736993, 0.399833, 1
0.713205, 0.150356, 0
-0.757334, -0.171965, 1
-0.663342, 0.506078, 0
-0.784118, 0.512658, 0
0.090621, 0.494709, 1
-0.007426, -0.676136, 1
-0.338357, -0.466486, 1
-0.039222, 0.787542, 0
-0.023394, 0.193635, 0
0.529135, -0.196302, 0
-0.920656, 0.266128, 0
-0.796468, 0.336390, 0
0.232745, 0.916737, 1
-0.513254, 0.190414, 1
0.895005, -0.270588, 1
0.744320, 0.326112, 1
0.729040, -0.263106, 1
0.649976, 0.669031, 1
0.186324, -0.688381, 1
-0.797455, -0.094123, 1
-0.480003, 0.163322, 1
-0.306581, 0.496603, 1
-0.699699, -0.563699, 1
0.488681, -0.496167, 1
0.772691, -0.278573, 1
-0.579430, -0.740563, 1
-0.011151, 0.930289, 1
-0.452763, 0.224339, 1
0.028451, -0.799574, 1
0.562691, -0.785225, 1
-0.487955, 0.765235, 0
0.120652, 0.032042, 0
-0.071442, 0.814071, 0
-0.471356, 0.285515, 1
-0.963375, -0.171055, 1
0.721816, 0.525306, 1
0.332778, 0.494507, 0
-0.931077, -0.257207, 1
-0.911138, -0.383840, 1
-0.092283, -0.482418, 0
-0.281992, 0.709832, 0
-0.849057, 0.230054, 0
0.475067, 0.271596, 0
-0.737904, -0.596375, 1
0.085667, -0.209260, 1
0.689140, 0.122291, 0
0.619685, 0.410956, 0
-0.352403, -0.047537, 0
-0.094537, -0.105670, 1
-0.294189, -0.340593, 0
0.052903, -0.225266, 1
0.402199, 0.141765, 1
0.390894, 0.369331, 1
0.395247, -0.701390, 1
-0.765221, -0.395079, 1
0.252221, -0.614278, 1
0.834975, -0.272712, 1
0.130913, -0.257016, 1
-0.112190, -0.179946, 1
0.865276, -0.492505, 1
-0.768991, -0.487127, 1
0.459959, 0.136472, 1
0.407202, -0.834230, 1
0.795879, -0.539895, 1
-0.059496, 0.198078, 0
0.601870, -0.668602, 1
-0.432591, -0.002883, 0
-0.369992, -0.545679, 1
-0.460494, -0.135213, 0
0.059242, 0.791727, 0
0.250508, -0.105783, 1
-0.480985, -0.092174, 0
-0.008713, 0.649929, 0
-0.530018, 0.516086, 0
-0.613408, -0.299008, 1
0.837464, 0.436161, 1
0.896266, -0.047175, 1
-0.168579, 0.498136, 1
0.284222, 0.398830, 1
0.853151, 0.034760, 1
-0.220983, -0.087607, 1
-0.173514, -0.970475, 1
0.806610, 0.345502, 1
-0.062649, -0.202103, 1
-0.004570, -0.411839, 0
-0.323007, 0.465412, 1
-0.895753, 0.063585, 0
0.569366, -0.077544, 0
0.637211, 0.465632, 0
-0.036231, 0.159503, 0
0.867462, 0.459022, 1
0.073734, 0.720613, 0
-0.506218, 0.852750, 1
-0.366993, 0.320268, 1
-0.334230, -0.180374, 0
0.237513, 0.661200, 0
0.126612, 0.512035, 1
-0.021909, 0.293016, 0
0.296885, 0.214606, 1
-0.189317, -0.065904, 1
-0.319762, -0.314036, 0
0.402728, 0.644007, 0
0.845468, 0.270190, 1
0.103029, -0.080799, 0
-0.009196, 0.596811, 1
-0.228049, 0.623810, 0
-0.082921, -0.345773, 1
0.473853, 0.300940, 0
0.244048, -0.118359, 1
0.215446, -0.629340, 1
-0.918235, -0.039439, 1
0.253521, -0.107552, 1
0.578412, 0.297385, 0
0.577766, 0.423880, 0
-0.432424, -0.319206, 0
-0.656919, 0.558379, 0
-0.722395, 0.115033, 1
0.182190, 0.194684, 0
0.769260, 0.245617, 1
-0.222468, 0.243113, 0
-0.607759, -0.481571, 1
0.016479, 0.810865, 0
-0.070247, -0.088864, 1
0.744624, -0.491834, 1
-0.791479, 0.322389, 0
0.932046, -0.223903, 1
-0.665524, -0.719211, 1
0.390160, 0.516666, 0
0.475472, 0.159420, 1
-0.237717, -0.746995, 1
-0.597467, 0.308840, 1
-0.725415, -0.472714, 1
0.070843, -0.333174, 1
0.045715, 0.026384, 0
-0.277257, 0.603059, 0
0.063690, 0.739222, 0
-0.349642, 0.158547, 0
-0.498391, -0.141120, 0
-0.519064, -0.566345, 1
0.634977, -0.515880, 1
-0.235091, -0.901058, 1
0.486119, -0.759619, 1
0.258362, -0.751598, 1
-0.506614, 0.660895, 0
0.557242, -0.232029, 0
-0.811819, -0.371914, 1
0.434797, 0.233896, 1
-0.163045, -0.281840, 1
-0.288397, -0.452880, 0
0.409426, 0.213212, 1
0.406000, 0.890363, 1
0.646867, 0.040976, 0
-0.625517, -0.644351, 1
0.010429, 0.139391, 0
-0.545409, -0.503452, 1
0.379773, 0.712953, 0
-0.255050, 0.873159, 1
0.373847, -0.697807, 1
-0.358870, 0.562028, 1
-0.069722, -0.924074, 1
-0.204076, -0.415252, 0
-0.766534, 0.632879, 1
0.302908, -0.869772, 1
-0.322652, 0.293184, 0
0.227723, -0.916653, 1
0.183547, -0.125410, 1
0.124324, 0.558029, 1
0.230239, -0.865247, 1
-0.302579, 0.684830, 0
-0.368699, -0.922807, 1
0.397783, 0.376251, 1
0.950352, -0.228370, 1
0.678444, -0.408518, 1
-0.666342, -0.391278, 1
-0.332592, 0.129583, 0
0.193471, -0.099126, 1
-0.237538, -0.503621, 0
0.031102, -0.353780, 1
-0.489110, 0.708450, 0
0.791797, 0.122951, 1
-0.386796, -0.083879, 0
-0.319020, 0.843443, 0
0.050874, 0.378401, 1
0.528273, 0.682175, 1
0.455594, -0.073944, 1
0.058426, 0.405946, 1
0.697686, -0.263130, 1
0.345592, -0.335164, 0
0.160926, -0.460937, 0
0.035442, -0.403188, 0
-0.430392, 0.546333, 0
-0.694738, -0.490988, 1
0.284947, -0.902941, 1
0.013180, -0.687056, 1
0.691344, 0.269868, 0
0.746228, 0.146939, 0
-0.804077, -0.195346, 1
-0.447115, 0.893609, 1
0.541524, -0.449686, 1
0.924953, -0.112884, 1
0.215150, 0.085879, 0
0.426180, -0.219139, 0
0.009267, -0.538378, 0
0.377673, 0.578875, 0
-0.912112, 0.292902, 0
0.191053, -0.206827, 1
-0.967205, -0.067353, 1
-0.142774, 0.724139, 0
-0.797485, -0.396546, 1
-0.128922, -0.601561, 1
0.408108, 0.423964, 0
-0.707952, -0.050369, 1
0.836748, 0.189428, 1
0.302879, 0.262927, 1
0.724549, 0.347961, 1
0.030896, 0.978910, 1
0.025406, -0.189111, 1
0.604062, 0.731556, 1
0.149107, -0.538711, 0
0.455696, 0.351622, 0
0.064743, -0.673226, 1
0.750060, -0.527149, 1
0.422482, 0.725015, 1
-0.740892, 0.259230, 0
-0.085557, 0.561988, 1
-0.477843, -0.115269, 0
0.744066, 0.004617, 0
0.221076, 0.678540, 0
0.174384, -0.629818, 1
-0.860172, -0.369921, 1
0.721804, 0.204571, 0
-0.043147, 0.471864, 1
0.677422, -0.292409, 1
0.513972, 0.099904, 0
-0.567394, 0.773080, 1
-0.640867, 0.347049, 0
0.335067, -0.118710, 1
-0.768220, 0.209202, 0
0.127997, -0.535528, 0
-0.025642, 0.107207, 1
0.728060, -0.281576, 1
-0.838748, 0.332900, 0
0.481077, 0.335635, 0
0.703082, 0.620905, 1
-0.174523, -0.077433, 1
-0.103250, -0.497101, 0
0.630158, -0.589278, 1
0.409812, 0.518869, 0
-0.156774, 0.641592, 0
0.078431, 0.834124, 0
-0.579147, 0.190255, 1
0.636661, -0.417895, 1
-0.476845, 0.117738, 1
-0.261357, 0.883454, 1
0.651123, 0.564119, 1
-0.193978, -0.452126, 0
-0.041404, 0.669820, 0
-0.501057, 0.142398, 1
-0.338733, -0.525017, 1
0.550347, 0.389338, 0
-0.553794, 0.656411, 0
0.091767, 0.524636, 1
0.490535, 0.512620, 0
-0.285109, 0.127196, 0
-0.905275, 0.238046, 0
0.464283, -0.016424, 1
0.895920, 0.115406, 1
-0.452304, -0.298058, 0
0.663280, -0.385286, 1
0.138121, -0.378124, 1
-0.715466, 0.637064, 1
0.545819, -0.574459, 1
-0.608727, 0.096165, 1
0.814879, -0.162521, 1
-0.247424, -0.093354, 1
-0.637885, -0.756889, 1
-0.580733, 0.077006, 1
0.370306, -0.486008, 0
-0.684948, 0.615240, 0
-0.473542, 0.779335, 0
-0.401184, -0.577622, 1
-0.105259, 0.146512, 0
0.124319, -0.441979, 0
0.179897, -0.954240, 1
0.899504, -0.055830, 1
0.369711, -0.646677, 1
-0.458512, 0.184590, 1
0.190802, 0.294064, 1
0.537175, -0.489497, 1
-0.370076, -0.092518, 0
0.024495, -0.055024, 0
-0.477279, 0.550952, 0
-0.275690, 0.121538, 0
-0.731951, 0.097649, 1
0.360089, 0.356968, 1
-0.924965, 0.259593, 0
-0.295084, 0.670849, 0
-0.609592, 0.246404, 1
-0.144561, 0.581211, 1
-0.459532, -0.053325, 0
0.134128, -0.922357, 1
0.457178, 0.764052, 1
-0.014875, -0.518327, 0
-0.290972, 0.507846, 1
0.052389, -0.102567, 0
0.103605, 0.229461, 0
-0.073292, -0.536306, 0
-0.413571, 0.001743, 0
0.723287, -0.112432, 0
0.038828, -0.571797, 0
-0.441583, 0.429236, 1
0.674607, 0.413857, 0
0.010447, -0.784925, 1
0.908627, 0.277844, 1
-0.700617, -0.382345, 1
-0.214310, -0.667992, 1
-0.662036, 0.103382, 1
-0.687492, 0.441568, 0
-0.667157, 0.239216, 1
0.905263, -0.080728, 1
-0.759041, 0.628550, 1
0.806840, 0.279787, 1
-0.290977, 0.731360, 0
0.516999, -0.743261, 1
-0.609674, -0.697311, 1
-0.411252, -0.558681, 1
0.717763, -0.073289, 0
0.269487, -0.726458, 1
-0.203184, 0.510446, 1
0.902092, -0.396344, 1
-0.209768, 0.958846, 1
-0.031087, 0.499255, 1
0.690206, -0.251973, 1
0.218725, 0.636642, 0
-0.112328, 0.082769, 1
0.875797, -0.154972, 1
-0.144559, 0.392796, 1
0.101767, 0.245767, 0
0.695485, 0.690515, 1
0.687086, 0.413248, 1
-0.382774, 0.231788, 0
0.443519, -0.014494, 1
0.109332, -0.286995, 1
0.259049, 0.906148, 1
-0.776549, 0.161141, 0
-0.490196, 0.013683, 0
0.119987, 0.478718, 1
-0.487062, -0.189807, 0
-0.553165, 0.114417, 1
-0.185568, -0.677368, 1
0.715428, 0.061212, 0
-0.084360, 0.410912, 1
-0.248273, -0.397274, 0
-0.175840, 0.368954, 0
-0.645540, -0.056154, 1
-0.019317, 0.613508, 1
-0.150006, 0.204134, 0
-0.225350, 0.359798, 1
-0.161484, -0.269244, 1
-0.295171, 0.065260, 0
-0.537581, 0.151664, 1
-0.820323, 0.276851, 0
0.474296, -0.860878, 1
-0.053276, 0.189724, 0
0.200334, 0.862364, 1
-0.534910, 0.424796, 1
0.321015, -0.700396, 1
0.692474, 0.675475, 1
0.243450, -0.326843, 1
0.288983, -0.906556, 1
-0.174136, -0.336901, 0
0.357017, 0.288283, 1
0.814763, 0.536694, 1
-0.434866, 0.289059, 1
0.675816, 0.511858, 1
-0.521217, -0.123850, 1
0.374222, 0.079418, 1
-0.171789, 0.839312, 0
-0.495786, -0.850774, 1
0.824701, 0.382366, 1
-0.130155, 0.113685, 1
0.475810, -0.252864, 0
0.177318, -0.070948, 0
-0.157755, 0.135587, 0
0.220809, 0.668109, 0
0.798685, -0.422174, 1
-0.043608, 0.613448, 1
-0.097493, 0.790336, 0
0.033383, 0.381290, 1
-0.333514, -0.592395, 1
-0.539292, 0.494697, 0
-0.753083, -0.035078, 1
0.643924, -0.614166, 1
0.161610, 0.468625, 1
-0.417690, 0.244010, 1
-0.221410, 0.759627, 0
-0.104786, 0.393871, 1
0.288944, -0.306101, 1
0.766862, 0.209855, 1
0.876553, -0.199755, 1
-0.408855, -0.456961, 1
0.207850, 0.051853, 0
0.840601, 0.178385, 1
0.150285, 0.608801, 0
0.209839, 0.732595, 0
-0.147189, 0.988429, 1
0.492222, 0.025873, 1
0.609264, -0.612564, 1
-0.580257, -0.101791, 1
0.081336, -0.608560, 0
0.143544, 0.388683, 1
-0.522343, -0.089594, 1
-0.401462, -0.645790, 1
0.710651, 0.189683, 0
-0.102751, -0.081499, 1
-0.758465, -0.065015, 1
-0.626732, -0.741690, 1
-0.383355, -0.786131, 1
0.436695, 0.766930, 1
0.822670, -0.353466, 1
0.499524, -0.324520, 0
-0.365036, -0.008254, 0
0.379183, -0.878904, 1
0.142437, -0.539482, 0
-0.487463, -0.714019, 1
0.849201, -0.009806, 1
0.196387, -0.552261, 0
0.344404, -0.092962, 1
0.637422, -0.758347, 1
0.176638, -0.801193, 1
-0.587324, 0.573963, 0
0.560213, -0.764655, 1
-0.779503, 0.059737, 0
-0.089174, -0.144540, 1
0.099689, 0.430666, 1
-0.266725, -0.757875, 1
0.891184, 0.245812, 1
-0.471894, 0.740385, 0
-0.811875, 0.580410, 1
-0.368468, 0.825546, 0
0.822064, -0.542929, 1
0.704503, -0.001298, 0
-0.344122, 0.841771, 1
-0.208015, 0.068554, 1
0.415734, -0.647803, 1
0.303899, 0.636231, 0
0.411935, -0.785275, 1
-0.508309, 0.463418, 1
-0.173096, 0.591380, 1
-0.105915, 0.560179, 1
0.833505, -0.214731, 1
-0.194009, -0.638389, 1
-0.474346, 0.041998, 0
-0.913895, -0.286221, 1
-0.377592, -0.282364, 0
-0.460675, -0.555528, 1
0.174707, -0.756171, 1
0.443173, 0.830585, 1
-0.100862, 0.501333, 1
-0.412645, -0.796963, 1
-0.582238, 0.629255, 0
0.462708, 0.244666, 1
0.220635, -0.643207, 1
-0.195155, 0.054139, 1
0.142062, 0.610836, 0
0.415751, 0.667716, 0
-0.347167, 0.501855, 1
-0.618505, 0.275241, 1
-0.780508, -0.079180, 1
0.719713, 0.394199, 1
0.164648, 0.162887, 0
0.224783, 0.250248, 1
0.398045, -0.876078, 1
0.518400, 0.447399, 0
0.804192, -0.205769, 1
0.793174, -0.053746, 1
-0.594933, 0.208925, 1
-0.386030, 0.057900, 0
-0.289220, -0.004536, 0
-0.666858, -0.069728, 1
-0.675530, 0.080932, 1
0.215741, 0.549254, 1
-0.668820, -0.386214, 1
0.673175, 0.082762, 0
-0.028093, -0.416123, 0
-0.255145, -0.509693, 0
0.229341, 0.835467, 1
0.528472, 0.022515, 0
-0.218279, 0.933539, 1
-0.768560, 0.395690, 0
-0.008561, -0.057780, 0
-0.608845, 0.324581, 1
0.377436, -0.803038, 1
0.388371, -0.406823, 0
0.206964, 0.419391, 1
-0.197687, 0.806150, 0
0.419526, 0.774220, 1
-0.735473, -0.578698, 1
-0.101378, 0.493868, 1
-0.743231, -0.572906, 1
-0.483617, 0.038490, 0
-0.639367, -0.252177, 1
-0.565820, 0.352073, 1
0.690043, -0.174665, 0
-0.323346, 0.562535, 1
0.132774, -0.945910, 1
0.759497, -0.478855, 1
-0.352733, 0.505712, 1
-0.074896, 0.043010, 1
0.660380, -0.655371, 1
-0.182770, -0.949593, 1
-0.490990, 0.081756, 1
-0.528291, 0.407632, 1
-0.424376, -0.271522, 0
0.834726, 0.092007, 1
0.547432, 0.529874, 0
0.026484, -0.775915, 1
0.092408, -0.840742, 1
-0.721825, -0.148095, 1
-0.319597, -0.074558, 0
-0.642383, -0.078900, 1
-0.220327, 0.282721, 0
0.627350, -0.218661, 0
0.863096, -0.037831, 1
0.543992, -0.561280, 1
0.690647, 0.378718, 0
0.530728, 0.457616, 0
0.574077, 0.370558, 0
0.658765, 0.121508, 0
-0.099568, -0.314751, 1
-0.155493, 0.623769, 1
-0.155255, 0.524909, 1
-0.450789, 0.202363, 1
-0.553991, 0.328884, 1
-0.514916, -0.589882, 1
0.191458, -0.740603, 1
-0.751206, 0.054554, 0
0.221566, 0.792786, 0
0.493274, -0.087787, 0
0.171504, 0.024001, 0
-0.630171, -0.254420, 1
0.867089, 0.294991, 1
-0.286158, 0.212682, 0
0.287831, 0.558349, 0
-0.163549, -0.867423, 1
0.083258, 0.385662, 1
0.334939, 0.529267, 0
-0.285454, 0.820023, 0
0.932458, 0.130843, 1
-0.257121, -0.818748, 1
-0.123343, 0.145542, 0
-0.297328, 0.246486, 0
0.891122, 0.097231, 1
0.275080, 0.758211, 0
-0.029106, 0.680054, 0
0.547271, 0.807345, 1
0.812631, -0.369471, 1
0.193007, 0.147570, 0
-0.032407, -0.900819, 1
-0.608965, -0.099949, 1
0.230024, 0.133914, 0
0.081303, 0.415421, 1
0.098359, 0.055341, 0
0.094092, 0.975016, 1
0.221502, -0.907995, 1
-0.106004, -0.503418, 0
0.850216, 0.286218, 1
-0.514496, -0.178890, 1
-0.033728, -0.967226, 1
-0.371546, -0.221097, 0
-0.336697, 0.821461, 0
0.926473, -0.176901, 1
0.729014, -0.105933, 0
-0.077720, -0.879951, 1
0.253963, -0.124580, 1
0.567726, -0.647678, 1
0.930761, -0.338182, 1
-0.541418, 0.548840, 0
-0.776351, 0.352578, 0
-0.361204, -0.469074, 1
-0.105025, 0.605069, 1
-0.436300, 0.523430, 0
-0.616028, 0.227003, 1
0.344891, -0.689555, 1
-0.949898, 0.073905, 0
0.204512, -0.027618, 0
0.193954, -0.001370, 0
0.124686, -0.552083, 0
0.874050, -0.307588, 1
-0.199761, 0.804811, 0
0.354230, 0.127577, 1
-0.323583, -0.839895, 1
0.165390, -0.278161, 1
0.252765, 0.128946, 0
0.409255, 0.816465, 1
-0.347625, 0.793227, 0
0.043469, 0.997266, 1
-0.896328, 0.093571, 0
0.071171, 0.308184, 0
-0.693186, 0.190639, 1
-0.286958, -0.819136, 1
-0.359142, 0.922131, 1
0.050095, 0.317275, 0
0.445152, 0.428927, 0
0.108344, -0.902473, 1
0.222154, -0.848187, 1
-0.905207, 0.325827, 0
0.245384, 0.165964, 0
-0.365989, 0.311337, 1
0.431089, -0.059175, 1
-0.498024, -0.855869, 1
0.121688, -0.614972, 0
0.657412, 0.107363, 0
0.622310, -0.701730, 1
0.029494, -0.327595, 1
0.615545, 0.111729, 0
-0.112110, 0.654659, 0
0.427935, -0.092438, 1
-0.053462, -0.126913, 1
-0.029386, 0.558643, 1
-0.793305, 0.065407, 0
-0.115530, 0.452078, 1
-0.768629, 0.518481, 0
-0.236585, 0.662460, 0
-0.540694, 0.265391, 1
0.806592, 0.580994, 1
0.650419, 0.464004, 0
-0.311643, 0.272730, 0
-0.170420, -0.166976, 1
0.032477, -0.742485, 1
0.130602, -0.922925, 1
0.635718, -0.759408, 1
0.166624, -0.479812, 0
0.692670, 0.397995, 1
0.060455, -0.502025, 0
0.721477, -0.132953, 0
-0.921031, 0.371896, 1
-0.668950, -0.232674, 1
-0.355374, -0.906676, 1
-0.514824, -0.410240, 1
0.471143, 0.314757, 0
0.422784, -0.496380, 0
0.572272, 0.163370, 0
-0.517365, -0.297126, 1
0.240445, -0.483468, 0
-0.195909, -0.123837, 1
0.396351, -0.550206, 1
0.368709, 0.435020, 0
-0.094121, -0.570836, 0
-0.220711, -0.356121, 0
0.720586, 0.264466, 0
0.233639, 0.191728, 0
-0.420778, -0.343577, 0
-0.145632, 0.060238, 1
-0.305484, 0.658459, 0
0.629173, 0.332752, 0
0.901434, -0.002118, 1
-0.232228, -0.192687, 1
0.427046, -0.299233, 0
0.434670, -0.276743, 0
-0.287269, 0.433922, 1
-0.649481, 0.492020, 0
-0.243514, 0.311440, 0
0.262833, 0.335709, 1
0.967863, -0.041819, 1
0.487203, 0.787656, 1
0.136165, -0.658429, 1
-0.152105, 0.830681, 0
0.282321, 0.629203, 0
-0.882953, 0.183755, 0
-0.372914, -0.115180, 0
0.585587, 0.425738, 0
-0.222611, -0.701682, 1
-0.140340, 0.127908, 1
0.790339, -0.062539, 1
0.199012, -0.453175, 0
-0.751099, -0.538156, 1
0.420025, 0.369737, 0
0.711308, -0.147685, 0
-0.613129, 0.711338, 1
0.636610, 0.669193, 1
0.340542, 0.753658, 0
-0.147052, 0.967627, 1
-0.361523, -0.155984, 0
-0.730246, -0.200852, 1
-0.477618, 0.129414, 1
-0.933125, 0.126067, 0
-0.140454, -0.684225, 1
0.587912, -0.257920, 0
-0.467461, 0.007937, 0
0.564127, 0.823124, 1
0.534463, 0.025884, 0
0.620191, -0.124995, 0
-0.220459, -0.526861, 0
-0.157368, 0.418019, 1
0.317155, -0.135609, 1
0.642083, 0.586908, 1
-0.283678, 0.590595, 1
-0.522814, -0.216803, 1
-0.283337, 0.336732, 1
0.098973, -0.695426, 1
0.312511, -0.809372, 1
-0.831529, -0.123362, 1
-0.172363, 0.548215, 1
-0.416372, -0.552172, 1
-0.576781, 0.363170, 1
-0.079033, 0.265851, 0
-0.218812, -0.761878, 1
-0.412264, -0.458647, 1
0.384377, 0.064922, 1
0.324550, -0.898960, 1
-0.598347, -0.576477, 1
-0.594386, -0.519535, 1
-0.328908, -0.776495, 1
-0.405236, -0.315156, 0
0.781250, 0.422401, 1
-0.766941, -0.635122, 1
0.870229, -0.343722, 1
0.728048, -0.208804, 1
0.029318, -0.947628, 1
-0.067493, -0.145651, 1
0.846153, 0.520243, 1
0.395702, 0.230530, 1
-0.414835, -0.279748, 0
0.331570, -0.013182, 1
0.143774, 0.737184, 0
0.467283, 0.198809, 1
0.455309, -0.861625, 1
-0.176781, 0.203563, 0
0.472474, 0.056278, 1
0.568441, 0.342703, 0
0.712556, 0.296489, 0
0.805725, 0.163218, 1
0.687057, -0.261769, 1
-0.741526, 0.413268, 0
-0.236259, -0.156361, 1
0.830457, 0.277294, 1
0.832495, 0.297740, 1
-0.523897, 0.287804, 1
0.436115, 0.898416, 1
0.337877, -0.740666, 1
0.101980, -0.189649, 1
0.315612, -0.329579, 0
-0.846946, 0.028168, 0
-0.337147, 0.772634, 0
0.450170, -0.650090, 1
-0.489134, 0.467737, 1
0.883121, -0.230660, 1
-0.118995, -0.353139, 0
0.612978, 0.014524, 0
-0.257828, 0.443435, 1
-0.708182, -0.425333, 1
-0.258825, -0.232079, 0
-0.333663, 0.200349, 0
-0.563377, 0.768317, 1
-0.219597, -0.594353, 1
-0.549294, 0.443256, 0
0.793167, -0.310853, 1
0.368613, 0.676288, 0
0.458487, -0.750382, 1
-0.676851, 0.071465, 1
0.264142, 0.065321, 1
-0.485099, 0.555961, 0
0.639988, 0.256076, 0
-0.676118, 0.502460, 0
0.433365, -0.009781, 1
-0.297192, 0.869988, 1
-0.241464, -0.286492, 0
0.622223, 0.197273, 0
-0.122739, -0.597374, 1
0.602921, 0.327967, 0
0.228843, 0.639049, 0
-0.529650, -0.402543, 1
0.315337, 0.928837, 1
-0.152925, 0.638486, 0
0.000303, -0.888783, 1
-0.296193, 0.515203, 1
0.667178, -0.656205, 1
-0.018722, -0.450937, 0
0.262571, 0.696854, 0
-0.062912, -0.860168, 1
-0.678789, -0.303358, 1
0.584411, -0.208439, 0
0.294099, -0.100253, 1
-0.279602, -0.858826, 1
-0.461767, 0.720701, 0
-0.747610, 0.242040, 0
0.235904, 0.919568, 1
-0.788173, -0.108094, 1
-0.368280, 0.243724, 0
0.383556, -0.917209, 1
-0.891183, -0.148645, 1
0.547997, 0.612564, 1
0.221590, -0.157904, 1
-0.016730, 0.050544, 1
0.662689, 0.235660, 0
-0.707416, -0.101407, 1
0.155228, 0.878419, 1
-0.094224, 0.065856, 1
0.310509, 0.117603, 1
0.404061, -0.410518, 0
-0.464614, 0.387372, 1
0.470164, -0.732893, 1
-0.229704, 0.498317, 1
-0.302865, -0.681707, 1
0.110881, 0.918725, 1
0.160390, 0.623192, 0
-0.326263, 0.523402, 1
0.379320, -0.033679, 1
-0.578005, -0.465452, 1
-0.155260, 0.327772, 0
-0.554625, 0.558165, 0
0.446910, 0.849435, 1
0.236808, -0.694063, 1
0.901237, -0.293028, 1
-0.426956, -0.328466, 0
-0.794711, 0.270180, 0
-0.010173, 0.316170, 0
0.188905, -0.849783, 1
-0.060638, 0.049618, 1
-0.706124, 0.613099, 0
-0.426980, 0.673196, 0
-0.420580, -0.004985, 0
-0.792256, 0.424159, 0
0.579408, -0.231839, 0
0.366313, 0.026318, 1
-0.382403, 0.513960, 1
0.008614, 0.854405, 0
0.819898, -0.090149, 1
-0.438624, -0.607058, 1
0.581385, -0.233335, 0
0.663122, -0.428788, 1
-0.917165, -0.147974, 1
-0.278571, 0.022197, 0
0.901644, 0.015305, 1
-0.364703, -0.525336, 1
-0.311499, 0.214717, 0
0.469679, -0.103755, 1
-0.361124, 0.792466, 0
-0.295608, -0.781716, 1
0.244601, 0.178224, 1
0.584666, -0.746785, 1
0.032629, 0.404564, 1
0.163066, 0.594005, 0
0.797506, -0.255550, 1
-0.639330, 0.460627, 0
0.315662, -0.556495, 0
0.465702, -0.785703, 1
0.052395, -0.899001, 1
-0.311039, 0.740896, 0
0.315716, -0.841360, 1
-0.827125, -0.488268, 1
0.412239, 0.417476, 0
0.689956, -0.003095, 0
0.670691, -0.277415, 1
-0.598532, -0.166243, 1
0.578207, -0.322741, 0
0.659601, -0.106130, 0
0.120764, 0.972255, 1
-0.069040, -0.413533, 0
-0.312534, -0.124487, 0
0.034153, -0.638607, 1
0.957773, -0.014741, 1
0.496991, 0.115166, 1
0.548124, 0.186947, 0
-0.887929, 0.218816, 0
-0.287487, 0.630780, 0
-0.096619, -0.627886, 1
-0.655631, 0.455610, 0
-0.389388, -0.469079, 1
0.438965, 0.298078, 1
0.406434, 0.163217, 1
0.301259, -0.559413, 0
0.524610, 0.259032, 0
0.425846, 0.227537, 1
0.389680, -0.077163, 1
-0.657297, -0.062196, 1
-0.031688, -0.790808, 1
0.839972, 0.148819, 1
0.172964, -0.602692, 0
-0.071771, 0.259197, 0
0.081654, -0.665337, 1
-0.577586, -0.617087, 1
-0.224750, 0.947025, 1
0.174562, 0.031624, 0
0.123933, 0.517264, 1
0.969428, 0.233717, 1
0.253034, -0.059651, 1
-0.664760, 0.498472, 0
-0.378826, -0.824788, 1
-0.352709, -0.325887, 0
-0.460167, 0.820255, 1
0.071420, -0.639935, 1
0.619262, -0.314514, 0
0.068399, 0.109562, 0
0.310658, 0.163262, 1
0.741968, -0.565409, 1
-0.319474, 0.711397, 0
0.668308, -0.347437, 1
0.837444, -0.078658, 1
-0.580186, -0.785913, 1
-0.652104, 0.067105, 1
-0.111801, -0.112271, 1
-0.112640, 0.959619, 1
0.247794, -0.508808, 0
0.959268, -0.132944, 1
0.176678, -0.706420, 1
-0.091268, -0.754923, 1
0.403142, -0.102568, 1
-0.044579, -0.286200, 1
-0.939305, -0.302611, 1
0.148391, -0.258779, 1
-0.591214, -0.183300, 1
0.393784, -0.753770, 1
0.738042, -0.013303, 0
0.200783, -0.233191, 1
0.224960, -0.911017, 1
-0.951398, -0.097668, 1
-0.698550, -0.321881, 1
0.575552, -0.019313, 0
-0.581608, 0.636246, 0
0.678076, 0.566783, 1
-0.616518, 0.771252, 1
-0.242052, -0.247995, 0
0.518814, 0.504340, 0
-0.952285, 0.173352, 0
0.006316, -0.471380, 0
0.734988, -0.315609, 1
-0.228747, -0.521115, 0
0.883706, 0.104344, 1
-0.399591, -0.358345, 0
0.856349, -0.120211, 1
-0.399613, 0.375162, 1
-0.615871, -0.351899, 1
-0.255582, -0.375802, 0
-0.779038, -0.151395, 1
-0.530732, -0.778676, 1
0.254242, -0.007542, 1
-0.753047, 0.364471, 0
0.091200, 0.253269, 0
0.893091, -0.173812, 1
-0.061357, -0.291087, 1
-0.532620, -0.177651, 1
0.813257, 0.067789, 1
0.464004, 0.669606, 0
0.044768, -0.668293, 1
-0.287508, 0.593282, 1
-0.667503, 0.456910, 0
-0.782520, -0.446541, 1
-0.694485, -0.313252, 1
-0.225217, 0.559758, 1
0.679207, 0.021736, 0
-0.075771, -0.229593, 1
-0.724996, -0.182680, 1
0.596595, -0.787335, 1
-0.194185, -0.464763, 0
-0.078422, 0.273195, 0
0.357587, -0.265165, 1
-0.659016, -0.178409, 1
-0.595560, -0.711438, 1
-0.114018, 0.449208, 1
-0.379730, 0.598474, 0
0.042491, -0.047233, 0
0.055384, 0.259971, 0
0.506225, 0.360900, 0
-0.079343, 0.625926, 1
0.302744, 0.844886, 1
-0.603667, 0.577748, 0
0.790413, 0.468020, 1
-0.471835, -0.288009, 1
-0.258785, 0.885752, 1
0.446825, 0.082199, 1
-0.292658, 0.851265, 0
0.370762, 0.593324, 0
0.191797, -0.657035, 1
-0.056202, -0.752818, 1
0.602936, -0.549977, 1
0.608081, 0.549655, 1
-0.268969, -0.471261, 0
0.175581, -0.966225, 1
-0.626376, 0.571914, 0
0.611524, 0.035830, 0
0.564842, 0.401937, 0
-0.886073, 0.245065, 0
-0.672735, -0.313899, 1
0.412018, 0.698026, 0
-0.720576, -0.287508, 1
0.689057, 0.471222, 1
0.055456, -0.367145, 1
0.718403, -0.341608, 1
0.082879, 0.326485, 0
0.855223, 0.383628, 1
-0.044458, 0.459209, 1
0.264678, -0.479616, 0
-0.138855, 0.768528, 0
-0.386610, -0.024928, 0
0.013593, -0.407851, 0
-0.464176, 0.340858, 1
0.278249, 0.947842, 1
0.038884, 0.557673, 1
-0.339667, -0.272058, 0
0.028895, 0.715790, 0
0.360797, -0.252701, 1
-0.625818, -0.556324, 1
-0.842146, -0.078602, 1
0.564479, 0.422532, 0
0.441782, -0.574376, 1
0.191060, -0.944828, 1
0.400697, -0.795346, 1
0.884363, -0.415604, 1
0.483244, -0.455304, 0
0.312337, -0.487861, 0
-0.739514, -0.326866, 1
0.259438, -0.365333, 0
0.116810, 0.333221, 1
0.216896, 0.374395, 1
0.262228, 0.182752, 1
0.479666, 0.420082, 0
-0.895850, 0.044145, 0
-0.157385, 0.545932, 1
0.601104, -0.129534, 0
-0.193013, 0.783840, 0
-0.826004, -0.308651, 1
-0.631764, 0.657239, 0
0.236045, 0.680573, 0
-0.830622, 0.496531, 1
-0.646293, 0.428816, 0
-0.868802, 0.470517, 1
-0.237963, 0.348094, 0
-0.155088, -0.975735, 1
-0.469154, -0.675422, 1
0.444347, -0.365004, 0
0.368723, -0.713038, 1
-0.819071, -0.161507, 1
0.708959, -0.441035, 1
0.207294, -0.288959, 1
0.939871, -0.254679, 1
0.419164, 0.060751, 1
0.385329, 0.690537, 0
-0.414994, -0.245948, 0
0.592545, -0.701864, 1
-0.452032, 0.301503, 1
-0.142899, -0.421574, 0
0.817448, 0.199905, 1
-0.217119, 0.024743, 1
0.910946, -0.355426, 1
0.468083, -0.697440, 1
-0.324354, 0.407954, 1
0.047881, -0.864466, 1
0.479023, 0.263719, 0
-0.642541, -0.101813, 1
-0.675531, -0.396351, 1
-0.151803, 0.709798, 0
-0.705814, 0.433203, 0
-0.536150, -0.728315, 1
-0.430179, -0.252894, 0
0.357898, 0.426921, 1
0.325532, 0.175347, 1
-0.373173, -0.891587, 1
-0.799910, -0.462227, 1
-0.247013, 0.668173, 0
-0.159668, 0.428633, 1
0.076127, 0.888213, 1
0.564167, -0.444850, 1
0.151932, 0.921625, 1
0.453337, 0.476401, 0
-0.474726, -0.698466, 1
0.186199, -0.180540, 1
0.734737, 0.650049, 1
0.091146, 0.933875, 1
0.706444, 0.660966, 1
-0.319019, 0.064343, 0
0.087888, -0.993487, 1
-0.747513, -0.132087, 1
-0.892047, 0.092819, 0
-0.703454, 0.184080, 1
-0.018968, 0.860712, 0
0.782338, 0.192567, 1
0.609365, -0.692388, 1
0.494101, -0.204436, 0
0.127072, 0.228838, 0
-0.554387, -0.781782, 1
0.162713, -0.847943, 1
0.216400, -0.032928, 0
0.850208, 0.456089, 1
0.895869, -0.065727, 1
-0.972907, 0.129592, 0
0.187901, 0.008125, 0
-0.009695, -0.072869, 0
0.141089, -0.227358, 1
-0.880302, -0.249546, 1
0.080255, 0.613800, 0
0.546017, -0.792673, 1
0.849046, 0.360087, 1
0.271801, 0.699253, 0
-0.183824, 0.953587, 1
0.664387, -0.287955, 1
-0.112139, -0.502567, 0
-0.284133, -0.085046, 0
0.923079, -0.382670, 1
-0.169101, 0.064168, 1
0.389973, -0.049403, 1
0.814622, -0.529773, 1
-0.435603, 0.360639, 1
-0.322446, 0.407035, 1
0.352269, 0.103099, 1
0.412386, 0.495956, 0
0.407828, 0.261432, 1
-0.143957, -0.320371, 0
-0.039315, 0.672219, 0
-0.366784, -0.374928, 0
-0.615736, 0.521077, 0
0.122506, 0.100131, 0
-0.563970, -0.250468, 1
0.003898, -0.640891, 1
0.366862, 0.834797, 1
0.423277, -0.243166, 0
-0.214606, 0.237899, 0
0.227061, 0.349791, 1
-0.401462, 0.904615, 1
-0.243174, 0.950807, 1
0.007714, -0.830788, 1
0.446763, -0.584458, 1
0.430645, -0.697194, 1
0.095171, -0.608670, 0
0.016403, -0.640711, 1
0.249463, -0.861092, 1
0.459420, 0.685494, 0
-0.111560, -0.536682, 0
-0.701885, 0.467879, 0
0.012136, 0.083510, 1
-0.294222, -0.760803, 1
-0.566699, 0.304316, 1
-0.856188, 0.190127, 0
0.255123, 0.151526, 1
0.359340, -0.298114, 0
0.567068, -0.210016, 0
0.004692, -0.337761, 1
0.181315, -0.020282, 0
0.339007, 0.640089, 0
-0.663374, -0.201573, 1
0.325583, 0.225065, 1
0.261745, 0.370185, 1
0.480367, 0.559861, 0
-0.161935, -0.507497, 0
-0.356629, 0.543843, 1
-0.268300, 0.076672, 0
-0.151842, -0.124488, 1
-0.194833, 0.594107, 1
-0.583876, 0.809859, 1
-0.743654, 0.597438, 1
-0.210423, -0.353028, 0
-0.072989, 0.612645, 1
0.356846, -0.811244, 1
-0.017170, -0.162786, 1
0.329716, -0.608012, 1
0.468659, -0.787104, 1
-0.063071, 0.735459, 0
-0.683824, -0.036032, 1
0.361598, 0.121343, 1
-0.441925, 0.777721, 0
-0.068798, -0.185578, 1
0.375160, 0.720779, 0
0.461394, 0.170315, 1
0.302096, -0.223626, 1
0.361100, -0.341058, 0
-0.034870, -0.656070, 1
0.496156, -0.286253, 0
-0.835175, -0.174128, 1
0.105734, 0.529562, 1
-0.112711, -0.425606, 0
-0.211815, 0.671450, 0
0.179977, 0.346261, 1
0.449171, -0.888821, 1
-0.839318, -0.175669, 1
0.370532, 0.296741, 1
-0.542305, -0.268368, 1
0.075562, 0.451839, 1
-0.863429, 0.240387, 0
-0.722289, 0.242305, 0
-0.230051, 0.164999, 0
0.816699, -0.487593, 1
-0.010783, -0.873449, 1
-0.428959, 0.777402, 0
0.123663, 0.247172, 0
0.862198, 0.284345, 1
-0.093579, -0.933851, 1
0.375477, -0.723047, 1
0.362890, 0.833172, 1
0.008585, 0.318573, 0
0.255996, -0.915853, 1
-0.229589, 0.392567, 1
0.324534, 0.048122, 1
-0.365128, -0.905517, 1
-0.786879, -0.548429, 1
