1.283941, -0.926478, 0.119372, -1.245907, -0.156713, -0.048201, 1.048810, -0.703861, 0.213638, 1.879956, 0.592449, 0.927438, -2.383805, 0.855117, -0.111674, 1.606997, 1
0.564892, 1.602762, -0.234828, 0.401144, 0.361994, 0.027923, -0.633692, 0.161814, 1.733263, 0.272679, -0.357866, -0.693726, 0.163470, -0.196070, -0.032813, 0.352719, 1
0.980981, 0.563475, -0.305097, 0.386404, 0.575069, 1.350853, -2.181953, 0.850162, -0.625430, -0.724547, 0.031629, 1.127957, -0.682254, 0.744528, 0.445028, 1.539995, 1
0.936364, 0.274184, -0.523680, 0.551121, -0.812284, 0.388640, 0.216784, 0.279817, 0.095106, -0.670323, 0.237494, 0.317584, -1.439795, 0.984929, 0.687085, 0.343275, 1
0.953228, -0.951932, -1.558906, -0.312686, -0.343330, -0.378971, 0.204667, -0.400568, 0.435898, -0.078696, 0.877461, -0.844934, 0.331169, 0.687362, -0.569808, -1.189727, 1
2.289943, 1.115268, -1.043275, 0.549229, 1.062212, -1.847723, 0.391630, 0.001542, -0.637038, -0.776362, -0.917790, 0.728565, -0.067383, 1.111890, 0.047266, -0.627826, 1
0.185604, -0.450261, -0.143031, -0.370487, -0.837855, -0.475316, 0.211212, 0.650781, 1.293345, 1.775658, -1.065456, -0.216963, 0.845260, 0.934398, -0.964899, 0.209136, 1
-0.376659, -0.341467, -0.447744, 0.212006, 0.698700, 0.284969, 0.408638, 0.631082, 0.321658, 0.212124, 0.459808, 1.013717, 1.151565, -1.081908, 0.560540, -1.399261, 1
1.358422, -0.183962, 0.448350, -0.714011, 2.171238, -0.298872, -1.010817, 0.436193, -0.041487, -0.724816, 0.651270, -0.051502, 1.706658, -0.538206, 0.452219, -0.591690, 1
2.410744, -0.768966, -0.601472, -0.074312, 0.903396, -0.021351, 0.661795, 0.505935, 0.429152, 0.052165, 1.952615, -0.645381, 0.941339, -0.503770, -1.420072, 0.124103, 1
-0.125753, -0.676697, 0.751347, 0.875783, -0.780767, -0.439357, -0.190017, 0.853390, -0.092755, -0.723271, -0.571093, -1.380212, 0.241862, -0.606460, 0.909142, -0.185083, 1
1.571368, -1.204417, -0.801406, 0.179559, 0.876183, 0.614829, 0.251363, -0.563832, 0.963295, 0.243539, 0.034426, 0.996485, 0.217388, 1.024763, 0.393765, 0.087711, 1
1.346576, 0.645172, -1.906589, -0.139789, -0.646443, -1.550838, 0.364661, -0.171029, 1.085611, -0.335212, 0.835681, -0.438805, -1.222851, -0.250438, 0.011862, -1.077951, 1
0.923293, 0.218612, 0.537994, -0.141975, 0.173848, -0.017628, 0.736856, -1.525598, -0.682542, 0.566153, -0.434481, 0.022097, 0.335770, 0.551210, -1.077981, 1.405855, 1
1.116229, 0.364506, -0.001543, -1.056243, -0.247113, -0.935880, 1.606299, 0.620126, -1.749898, 1.373408, 0.342456, 0.345876, 0.432238, 0.020024, -0.834700, -1.123108, 1
0.834287, 0.025793, -0.977624, -0.225850, -0.371874, 0.474087, -0.698209, -0.468134, 0.047001, -0.656058, -0.795700, 0.002264, -0.580423, 0.369333, -0.720584, 0.706953, 1
0.634047, -0.675153, -0.050766, -0.073611, 0.723692, -0.157004, 0.123313, 0.085731, 0.801653, 0.445470, 0.239156, 0.962369, 0.607501, -0.789566, -0.524628, -0.794566, 1
0.690311, 1.037458, -0.864320, 0.463501, 0.851125, -0.548711, -1.379041, 1.557779, 0.036028, 0.979498, 0.976155, 0.166513, -0.856435, -2.048404, -0.200233, 1.804318, 1
0.975087, 0.841514, 0.503977, 1.200021, 0.796553, -1.562411, -1.293563, 1.096419, -1.090141, 0.678048, -0.056581, 0.035028, -0.723680, -1.474068, -0.147988, 1.011090, 1
0.905982, 0.135601, -1.133712, -0.158901, -0.572841, -0.144222, 0.101044, 0.831251, 0.995239, 2.105895, -0.577619, 0.223186, 0.889957, 0.103685, -0.182305, -0.400920, 1
0.720481, 0.035291, -0.442676, 1.162545, 1.403511, 0.277570, 0.220662, 0.336847, 0.964971, 1.112970, 0.719773, -0.418469, -0.648983, 0.057830, -0.260859, -0.084542, 1
1.533617, -0.466868, -0.587641, 1.585481, 0.539590, -0.861589, 0.585004, 0.988825, -0.594755, 1.583828, 0.593932, -0.000990, -0.966897, 0.142413, 0.880525, 0.110645, 1
0.573356, -1.090429, 1.553846, -0.207854, 0.179973, -0.094970, -0.344979, 0.585562, -1.430412, -0.409550, -0.575885, -0.488635, 0.234357, -0.989462, -1.239879, -0.425025, 1
0.595159, 0.592094, -1.115094, 0.354202, 0.578025, 0.221474, -0.108087, 0.327872, 0.321847, 0.121419, -0.728463, 0.328582, -1.263465, 0.664577, -1.394528, 0.578591, 1
1.898616, 0.281673, 1.098460, 1.071211, 0.252569, -0.417815, -1.252132, -0.814657, -0.429487, -0.092870, 0.591511, 0.586678, 0.326137, 0.459253, -0.287929, 1.271746, 1
2.206299, -0.206803, 0.278077, 0.056042, 0.140285, -0.381828, -0.661151, -0.003026, -0.031708, -0.397069, -0.333137, -0.312657, 0.031429, -0.757404, 0.279724, -0.729114, 1
0.904379, -0.062727, 0.035985, -0.134585, 0.069084, -0.566531, 0.433707, 0.822924, 0.515122, -1.701806, -0.798100, -0.486927, -1.494346, 0.993293, -1.300574, -1.646789, 1
0.763583, -0.157898, -1.007228, 0.209761, 0.668809, 0.232140, -0.252653, -0.190832, 0.814452, -0.326136, 0.951876, -0.577874, 0.864943, 0.085605, -0.415612, 0.144294, 1
1.696239, -0.223761, 0.296762, 0.039245, -0.269659, -0.737501, 0.009190, -0.080489, -0.538124, 0.473468, -1.566996, 0.969016, 0.039548, 0.906574, -0.611672, 1.402923, 1
0.524799, -0.094728, -0.488412, -0.090149, -0.452521, -0.674275, -0.835981, 0.439690, 0.514568, 1.805886, -0.909193, 0.391676, -1.216593, 1.151901, 0.265474, -1.283913, 1
0.419686, 1.182600, 0.401539, 1.304873, -1.732676, 0.828792, -0.040261, -0.208820, -0.780759, -0.071474, -0.303845, 0.479768, 0.416555, -0.409525, -0.674846, -0.047441, 1
1.875551, -1.682097, -0.673165, -1.237041, -0.360612, -1.065578, 0.703439, -0.443445, 0.798612, -0.686563, -0.809622, 0.810117, 1.905796, -0.535603, -0.876165, 0.318324, 1
0.139241, 0.056915, -0.104589, 0.603125, -0.051802, 0.601815, -0.365154, 1.056773, 1.402137, -1.479089, -0.296417, -0.136027, 0.738250, 1.050440, -0.393485, 0.372256, 1
-0.089952, 0.682986, -1.409644, 0.669240, 0.443520, 0.242545, -0.043281, -0.177453, -0.283528, -0.700341, -0.816716, 0.015103, 0.918046, 0.110644, -0.107366, -0.417137, 1
-0.554455, 0.587029, -1.138110, -0.496607, 0.460985, -0.146897, 1.187752, -1.377336, 1.214656, -0.629304, -0.376946, 1.199839, -1.711353, -1.110858, -1.419443, 0.809892, 1
0.620236, 0.323764, -0.759777, -0.101410, 0.126412, 1.093302, -0.523392, 1.123169, -0.196902, 0.266744, 0.293444, 0.043485, -0.523486, -1.015793, 0.435440, 0.876247, 1
1.559726, 0.286899, -0.164798, 0.595338, -0.700190, -0.708814, 1.061185, 0.844524, -0.200616, 0.714303, 0.727481, 0.942458, 1.209038, 1.018998, 0.942221, 0.227510, 1
2.916507, -0.373364, -0.836190, -0.217970, 1.100636, -0.139123, 0.153346, 0.652108, 0.390690, 0.294006, 0.308575, 0.914397, -0.689319, -0.146587, 0.370413, 0.109236, 1
-0.226075, 0.549350, 0.198080, 0.633887, 0.652700, 1.351633, -1.084329, 0.332719, -0.730740, 0.010430, 0.382311, 0.367718, -0.680603, 2.278885, -1.033460, 0.611078, 1
2.195178, -0.205460, 0.242936, 0.473057, 1.119915, -0.260314, 0.182546, -0.384657, 0.045805, -1.003288, 1.012538, -0.530391, 2.003574, -0.177312, -1.057561, 1.091496, 1
3.839023, 0.122304, 0.330881, -0.868817, 1.034774, -0.311565, -0.623885, 0.068449, 0.542604, -0.441366, 0.211155, -0.646835, -0.282545, -0.914547, 0.586570, 0.692278, 1
1.160182, -0.333211, 1.397206, -0.213512, -0.095431, -0.447852, 0.121794, 1.171454, 0.851028, -0.537105, -1.152256, -0.608032, -0.562268, -1.363006, -0.034508, 0.133345, 1
1.619836, -0.942905, -0.135533, 0.298077, -0.088892, 0.085689, -0.050663, 0.053505, 0.752035, -0.638556, -0.644871, -0.676153, 0.556768, 0.869292, 0.338708, 1.567311, 1
2.441043, 1.240219, 0.340349, 0.420745, 0.189186, 0.330925, 0.888545, -0.665794, 0.518470, 0.564672, 0.159100, 1.760400, -0.656328, 0.700329, 0.836437, -0.441872, 1
0.984680, 0.490724, -0.166514, 0.010945, -0.137125, 0.368909, 0.128769, 0.337026, 0.256708, 1.002273, 0.283978, -0.166128, 0.586817, 0.723480, 1.028583, 0.230608, 1
0.744226, 0.255792, 0.873159, -0.611702, 0.162469, -0.772907, -0.698973, 0.931087, -0.568721, 0.214545, -1.146011, 0.224146, -1.152437, -0.406797, 0.036882, 0.312141, 1
1.039750, 0.504317, 0.246166, -0.057474, -1.156752, 0.358131, -0.391891, -0.336414, 0.317864, 1.186614, 0.522727, -0.511540, 0.822647, -0.045036, 0.585508, 0.008781, 1
0.887567, 0.043551, -0.497661, 0.433993, -0.907166, -0.246605, 0.437510, -0.199650, 0.287600, -0.087650, 0.980585, -0.168244, -1.419549, -0.108297, -0.685823, -0.816006, 1
0.556340, -0.128604, -0.224269, -0.587743, 1.321303, 2.541085, -0.615546, -0.538395, -1.267536, -1.184740, 0.954461, -1.267001, 0.215665, 0.832016, 0.329953, -1.429309, 1
0.808935, -0.424566, 0.296623, -0.132574, 0.940744, -0.114609, -0.695456, 0.814118, -0.344871, 0.007533, -0.039726, -0.923931, 0.668485, 0.230151, -0.971243, -0.004036, 1
0.716888, -0.565237, 0.038950, 1.068329, 0.287437, -0.516990, 0.948036, 1.269524, -0.067456, -0.282714, -0.321176, -0.298339, 0.128961, -0.376416, 0.531799, 0.378288, 1
1.094642, -1.400706, 0.774285, -0.564950, 1.586387, 0.880895, 0.657117, 0.518127, 0.547074, -0.875974, -0.455788, 0.162920, 0.221922, -0.764096, -0.376601, 0.200649, 1
0.636615, -0.186679, -1.823761, 1.942372, 1.292877, 0.467870, -0.291141, 0.786651, -0.504109, 1.136280, 0.351110, -0.800543, 0.068887, -1.662295, -1.201327, -0.284286, 1
0.812348, -0.292137, -0.075769, -1.201554, 0.249501, 0.014738, 1.201063, -0.039190, -0.704410, -0.608215, 0.717879, -1.736825, 0.604666, 1.007766, -0.876245, -0.892398, 1
-0.364926, -2.306747, -0.154717, 0.545871, 0.248731, 0.722795, 0.123298, 0.613966, 0.817429, -0.196880, -0.109008, -0.343281, 0.687518, -0.520628, 0.337607, -0.349900, 1
0.510543, 0.647041, -0.152381, 0.566559, 0.015890, -0.846869, -0.479499, 0.146700, 0.045640, -0.506177, 0.786673, 0.516526, 1.564165, 0.424337, 0.931441, -0.882761, 1
0.343572, -0.562654, -0.075164, -0.219799, -0.139845, -0.300683, 0.427428, 0.998941, 0.327337, 0.015378, 0.109798, -0.720481, -0.215904, -1.030472, -0.516583, 0.650082, 1
1.612170, 0.351350, -0.115092, 0.237460, -0.910774, 1.033448, -0.601676, -0.397082, 0.027649, 0.805524, 0.911969, -0.123984, 0.784752, 0.118933, -0.924092, -0.649035, 1
0.732100, 0.693335, -0.978686, -0.720878, 0.367234, -1.337084, -1.391504, -0.322963, 0.407853, -1.032787, -1.590607, 0.927702, 0.259417, -0.385274, -0.290415, 0.024059, 1
0.121203, 0.041743, 0.707240, 0.535223, 1.765741, 1.881756, -1.183342, 0.630122, 0.449301, 0.286387, -0.068337, 0.702869, -0.034744, -1.006170, 1.153175, 0.301988, 1
2.076581, -0.449447, -0.415490, 0.155024, 0.761925, -0.323754, -0.661616, 1.727027, 0.549689, 0.706901, -1.104836, -1.078110, -0.529267, -0.354852, -0.086380, 0.458091, 1
0.524820, 0.208100, -0.400408, -0.344887, -0.524635, -0.369058, 0.718581, 0.572723, 0.222324, -0.254089, -0.982232, 0.086227, -1.470303, -0.075336, 1.887922, -0.071191, 1
0.171673, 2.072331, 0.588281, -0.451176, 0.968926, 0.114237, -0.486972, 0.825519, -0.684870, 0.623671, 0.331152, -0.654126, -0.665381, 1.129361, -1.475525, -0.359343, 1
0.739531, 0.127216, -0.365697, -1.139431, 0.284333, -0.557359, 0.528422, 1.000767, -0.211178, 1.044768, 0.525823, 0.355043, -0.708805, -0.533018, 1.139920, 0.738537, 1
0.285671, -0.512141, 0.692589, -1.170653, 0.497974, -0.879114, -0.047029, 0.589057, 0.620392, 0.165456, -0.051843, 0.493815, 0.357961, 0.613694, 0.185100, -0.291754, 1
1.291120, -0.095225, -0.504937, -0.099940, -0.673709, -1.023284, 0.498445, 0.606252, 0.264289, -0.184317, -0.973048, 0.967039, -0.020480, 1.427984, 0.134713, -1.004515, 1
-0.628833, -0.832030, -0.729081, -0.686411, 1.155273, 0.643906, -0.180409, -1.642905, 0.581968, -0.481520, -1.322869, 1.285124, 0.153485, 1.283509, 0.582745, 0.725959, 1
2.286478, 0.251290, 3.213661, 0.005928, -1.299826, 1.291746, -0.110751, 0.145881, -0.515903, -0.001546, 1.994878, 0.208736, 0.641180, -0.392803, 1.174658, 0.472641, 1
1.373940, 0.877151, 0.180414, -1.558749, -1.314754, -0.443628, -0.555913, 0.621077, 1.089049, -0.311838, -0.369919, -0.478718, -0.913478, 0.075140, 0.507038, 0.952114, 1
1.703958, -1.691511, 1.535943, -0.897758, 0.066826, 0.670967, 0.183164, 1.236995, -0.270110, -1.116308, 1.054709, 1.018491, -2.013808, 0.262758, 0.138070, 0.693303, 1
1.386974, -0.100303, -1.905255, -0.498584, 0.498215, 1.568049, 0.109365, -1.263705, 0.449183, -0.625178, -0.696245, -0.300839, -0.481450, -0.921673, 0.621673, 0.851045, 1
0.953508, 1.070583, 0.367710, 0.266216, -0.660328, 1.813939, -0.680490, -0.232057, 0.101287, -1.834933, 0.186394, -0.839527, -0.485003, 0.765054, 1.538901, -1.108380, 1
1.309580, -0.527084, 0.025607, 0.016872, 0.084489, 0.553346, 0.276170, -1.111907, 0.571014, 0.564422, 0.470596, -1.726395, 1.705849, -0.252635, -0.434996, -0.866189, 1
1.713343, 0.345230, -0.693233, -0.781929, -0.143161, 0.342447, 0.450491, -0.812898, 0.116393, -0.241664, -0.763023, 0.712843, 0.927610, -0.484525, 0.076649, 0.373687, 1
0.309402, 0.381028, 0.492835, 0.093846, -0.501084, -0.108335, 0.695301, 0.073258, 0.596765, 0.202559, 0.114331, 0.218518, 0.465959, 0.402252, 0.197589, -0.140381, 1
0.643815, -1.407104, -0.499193, -0.535782, 0.095420, 0.773108, 0.181516, 0.348618, 0.151714, -0.985956, 0.838413, 1.006269, -1.001820, 1.536578, -0.583752, -0.385762, 1
1.350239, 0.533105, -0.464407, -0.316476, 1.338430, -0.796752, 1.115480, -0.586511, 0.399585, 0.071212, -1.041538, 0.476131, -0.107176, -0.315735, 1.131379, 1.353968, 1
1.270964, -0.398363, -0.175417, 0.167887, -0.516590, 0.547370, 0.462150, -0.105928, 0.301814, -0.196770, -0.412294, 0.567487, 0.480240, -0.599615, -1.320121, -0.671933, 1
0.761273, 0.169327, -0.198994, -0.135080, -0.508343, -1.438446, 0.123126, -1.225286, 0.875948, -0.575238, 0.728160, 0.148232, 0.895562, 1.741876, -0.974832, 1.544737, 1
0.372601, -0.128532, 0.521821, 0.173391, -0.184572, 0.025532, -0.689786, 0.854901, -0.499440, 0.621508, 0.152259, -0.780842, 0.080570, 0.122397, -0.135535, 1.003499, 1
0.199535, 0.133235, 0.053556, 0.255218, -0.489351, 0.970965, 1.124416, -1.561765, -1.126434, -0.820538, -0.400476, 0.295546, 0.379246, -0.228028, -0.440788, 0.346043, 1
-0.054455, 1.143051, 0.806132, -0.557528, -0.432297, 0.264450, 0.357325, 0.884326, -1.327493, 0.250955, 0.062955, -1.081662, 0.980870, -0.860579, -0.974279, -0.159083, 1
1.005018, -0.211258, -1.438707, -0.139410, 0.379220, 0.076654, -0.689821, -0.631665, 0.557712, -0.209525, -0.066917, -0.510311, 0.268622, -0.058434, 0.470704, -1.413044, 1
-0.134029, 0.775374, 1.038280, 1.057727, 0.344733, -0.244631, 0.315301, 0.484502, 0.756304, 0.220155, 0.324930, -0.658070, 1.004737, 0.761257, 0.388735, -0.623605, 1
0.294210, 0.578231, -1.318557, -1.893075, -0.367199, -0.265535, 0.342265, 0.423623, -0.239627, -0.388631, 0.209361, 0.372264, -0.892386, -0.941815, 1.060130, -1.132208, 1
1.756191, 0.737413, -0.042921, -0.889287, -0.367041, -0.965398, -1.573143, 1.160086, 0.250991, -0.810360, -0.635421, 0.159025, -0.073750, 0.158056, 0.456907, -0.579545, 1
0.397683, 0.282907, -0.439882, -1.892030, -0.035930, -1.852105, 0.183804, -0.279940, 0.517539, 0.566672, -0.927180, 0.315003, -0.084351, 0.790362, -0.506600, -0.987212, 1
0.731193, -0.740868, -0.117776, -1.115324, -0.997261, 0.121580, 0.445475, -0.984653, -0.199950, -0.240646, -0.350536, -0.873970, -0.180737, 0.123152, -0.080291, -0.249105, 1
2.083704, -0.250590, -0.082326, 1.129216, 0.987210, -0.041647, 0.432943, -0.315151, 0.281364, 0.438359, 0.118193, -1.103423, 1.011576, -0.008605, 0.517870, -0.454657, 1
1.996534, -1.118290, -0.312859, 0.082433, 0.659123, 0.591704, -1.725182, 0.283986, -0.688041, 0.047654, 0.036361, 0.357252, 0.072108, -0.630002, -0.048343, 0.156188, 1
0.694986, 0.529595, -0.226999, -0.465443, -0.227815, 0.513407, -0.028850, 0.497612, 0.381631, 0.309288, -0.200940, -0.599031, 0.075454, -0.363104, 0.180813, -0.515505, 1
1.077441, 0.309195, 1.143162, 0.941777, -1.611369, -0.635884, -0.864653, -0.704572, 0.616794, 0.664006, -0.236313, 0.129897, 1.327886, 0.617557, -0.299873, 0.219373, 1
1.580492, -0.269290, -1.385943, -0.561755, 0.045649, 0.646841, 0.269822, -0.733657, -0.583052, -0.874098, -0.557166, -1.738628, -0.610007, 0.116199, -0.888456, -0.957228, 1
2.890319, 0.217213, 0.508943, -0.456140, 0.674108, -0.781651, 1.148103, 0.661584, 0.045294, 0.398886, -0.934967, -1.074728, 0.628543, 0.334641, 0.000324, -0.416385, 1
-0.469094, -0.150875, 0.741498, 0.278286, -0.610469, 0.847406, 0.736171, -1.004021, 0.535038, 0.782059, 0.231958, -0.163851, 0.171153, -0.006230, 0.200478, 0.324351, 1
1.188986, -1.034094, -1.626541, -0.635237, -0.443324, 0.608079, 0.186730, 0.453191, 0.825896, 0.371759, 1.806744, -0.573618, 1.047197, 0.092216, 0.431652, -0.891544, 1
-0.387215, -0.545659, 0.093470, 1.294234, 0.364474, -0.181070, 0.085927, 0.055003, 0.100269, -0.262546, 0.009897, 1.050379, -0.732007, 0.124282, -1.608422, -0.298031, 1
1.882320, -0.616016, -0.266127, -0.031135, 0.457966, -0.074655, -0.453465, 0.463408, -1.116327, -0.417140, -0.138753, 0.567546, 0.005691, -0.908506, 0.125403, 0.548389, 1
1.866971, 0.432329, -0.273806, 0.381016, -0.480645, 0.982944, -1.766182, -0.262898, -0.029972, 0.170818, 1.477567, 1.153511, -0.890004, -0.379021, 0.079636, -0.911031, 1
1.459856, 1.379696, -0.383149, -0.015249, 0.115928, 0.104733, -0.173584, 0.514764, 0.312999, 0.709805, 0.010134, -0.630766, 0.295774, -0.894332, 0.106868, 1.045234, 1
1.780319, -0.447915, 0.357733, 0.230122, 0.374261, 0.701533, -0.200054, 0.096834, -1.529685, -0.679732, 1.009238, 0.566399, 0.006579, -0.702617, 0.579309, 0.150100, 1
0.913930, 0.727639, 0.580907, -0.828241, -1.385681, 0.021801, 1.076474, -0.462765, 0.326477, -0.135951, 0.129094, 0.604861, -0.829543, -1.082164, 1.825539, -0.233832, 1
2.076362, -0.414421, 0.440986, 0.457234, -0.696339, 0.285184, -0.570673, -0.531492, 0.395042, -1.254229, -0.017138, -0.656128, -0.078278, -0.831107, 1.347311, -0.196085, 1
1.533634, 0.045587, 0.829676, 0.755454, 0.339017, 0.839003, 0.655720, -0.415046, 0.236608, 0.194685, 0.348540, 1.204392, 1.154920, 0.889092, -0.393533, -0.518343, 1
0.487584, -0.566475, -1.026688, 0.819322, -1.466625, -1.315848, 0.258606, -1.547194, -0.009758, 0.532693, 0.238294, -0.350778, 0.325402, -0.436502, 1.381306, 0.537964, 1
1.260771, -1.166284, 1.016297, 0.150357, -0.653832, -2.224813, -1.277472, -0.346220, 1.432147, -0.630414, 0.682331, 0.367567, -0.395309, 0.716420, 0.382306, -0.620801, 1
0.231055, -0.648998, 1.549441, -1.215251, 1.642616, 0.854125, -0.525047, 0.435313, 0.995332, -0.210954, 0.648192, 1.155527, -1.074368, -0.416432, -0.103054, 0.197594, 1
1.029756, -0.531235, -0.942508, 0.945069, 0.417882, 0.851037, 0.995747, 0.089039, 0.745789, -0.203888, -0.054996, 0.019459, 0.413847, -0.138211, -1.198287, 0.352369, 1
2.083961, 0.162118, -1.121917, 1.149221, -0.258528, -0.018168, 0.064718, -0.250837, -1.100860, 0.925322, -0.656232, -1.214779, -0.533378, -0.537930, -1.135803, -0.049611, 1
2.193192, -0.766430, 1.452923, 0.354363, 0.873641, -1.014669, 1.464144, -1.126550, 1.282563, 0.289616, -0.408710, -0.482826, 0.656002, -2.411654, -0.184533, 0.590272, 1
0.979786, 0.506994, 0.924218, -0.694118, -1.325220, -0.098017, 0.101883, 0.498630, 0.755272, -0.983205, -1.099842, -0.189604, -0.002194, 0.564374, -0.060228, 1.348924, 1
0.833724, -1.350843, 0.184124, -1.105992, -0.675658, -0.524088, 0.211148, -1.936772, 0.116313, 1.375015, 0.687602, -0.117543, -0.752186, 0.496898, 0.123271, -0.749116, 1
2.666070, 0.615136, -0.560397, -0.519704, -0.414913, 0.349036, -0.817557, 1.287952, -0.602657, -0.124986, -0.058438, -1.323907, -1.134466, -0.307208, 0.045561, -0.739512, 1
0.695116, 0.171293, -0.468463, 0.729489, 0.648899, 0.187625, -0.008297, 0.477091, -0.388155, -0.930217, 0.434845, -0.067917, -0.646309, 0.215430, -0.298087, 0.212512, 1
1.320233, -1.016638, 0.193229, 0.583014, -0.821954, 1.503794, 0.866024, -0.170949, 0.889882, -0.716853, -0.557764, 0.014803, -0.491743, -0.959515, 0.231817, 0.504446, 1
1.146889, -0.319939, 0.026457, -1.024367, 0.221315, -0.743178, -0.512150, -1.054328, 0.970139, 0.042736, -0.190448, -0.028230, -1.231677, -1.307556, -0.040074, 0.140056, 1
0.263650, 0.213931, 0.825304, 0.574610, 0.404720, -0.150447, -0.883693, -1.038363, 0.918097, -0.379508, -0.061656, -0.555608, 0.750001, 0.212374, -1.276821, 0.761192, 1
1.919416, 0.663565, 0.665388, 1.183244, -0.642383, -0.413544, 0.569292, -1.738065, 0.338923, -0.863724, -0.331276, 0.444236, 0.855419, -0.456374, 0.855591, -0.024471, 1
1.364437, -0.279059, 0.876141, -0.691224, -0.068620, 0.450567, 1.200172, 0.348289, -0.000880, 0.618398, 0.724479, 0.543782, -0.317925, 0.548046, 0.272748, 1.432235, 1
1.932691, -1.197073, 0.076682, 1.665214, -0.246297, 0.452611, 0.320395, -1.379138, -0.089372, -0.815986, -0.224660, 1.656707, 0.038591, -1.750557, -0.041369, -0.524710, 1
1.161175, 0.247010, -1.247446, -0.825835, -0.303914, -1.709107, 0.243929, 0.482302, 0.437341, -0.406460, -0.022974, -1.203629, 0.937258, -0.870422, 0.376509, -1.594871, 1
1.023903, 0.025390, -0.063535, 1.268402, -0.513154, 0.343767, 0.300361, 0.314109, 0.550515, 0.225289, -1.025032, 0.213314, 1.250546, 0.465658, 0.280023, 0.147365, 1
1.460196, -1.719758, -0.279432, -0.254786, 1.559847, 1.022308, 0.504885, -0.301913, 2.383093, 0.319060, 1.329951, 0.129522, -0.382499, -0.227513, -0.378470, 0.532057, 1
1.201096, 0.540017, 1.097411, 0.540740, -0.451786, 0.499438, 0.137176, 1.655916, -0.397083, 0.436431, -1.678429, 0.488514, -0.876705, -0.497057, 0.488577, -1.299418, 1
-0.092432, -0.692700, -1.176405, -1.256400, -0.777402, 0.169785, -0.857452, 0.079363, 0.190207, 0.536991, -0.488233, -0.141282, -1.515641, -0.663930, 0.530730, 1.287085, 1
-1.355600, -0.174312, -0.534996, 0.390013, -0.065026, 0.408706, 0.970969, -0.532182, 0.374229, 0.477505, -0.407228, -0.250760, 0.495174, -0.531384, -0.080643, -0.510396, 0
-1.122322, -0.374054, 0.093387, -1.196034, -1.727095, -0.234724, -0.186625, 0.457007, -0.146103, -0.594847, -0.814561, -0.609034, -1.718491, -0.136154, 0.323137, 0.993467, 0
-0.669742, -0.085660, -0.034965, -0.312441, -0.649005, 0.948920, -0.017630, -1.323620, 0.582488, -0.437096, 0.245584, 0.283088, -0.401182, 1.554882, 0.895107, 0.606210, 0
-1.477855, -0.176857, 0.867015, -0.130720, 0.495835, 1.027074, 0.342080, -1.185543, -0.947764, 0.344735, -0.950357, -0.185767, 0.669882, -0.510098, -0.321063, -0.279178, 0
-0.267186, -0.224732, 0.578553, -0.116727, -0.109746, -0.653981, 0.016455, 0.739070, -1.034952, -0.359784, 0.382787, -0.345497, -1.079919, 0.081024, -0.709155, -0.685835, 0
-1.521350, -0.862835, 0.844423, -0.471582, 0.728754, 0.661693, -1.078252, -0.091589, 0.531750, 0.996191, -0.772684, -0.824811, -0.206728, -0.388941, 1.178706, 0.148544, 0
-1.018539, -0.111053, -0.513168, -1.365188, 0.320994, 0.497144, 0.636986, 0.178391, -1.236616, -0.153469, 0.219348, -0.284103, 0.275167, -1.064273, -0.086747, -1.300173, 0
-0.326546, 1.097073, 0.368927, -0.811049, 0.520168, 0.686814, 1.088960, -0.410514, -0.046435, 0.870917, 0.111172, 1.945976, 0.713098, 0.714136, 0.304466, 0.471955, 0
-1.580927, 1.710200, -1.274615, 0.073668, -0.132548, 0.312410, -1.357049, 0.687477, 0.797136, 0.013365, -0.895298, 0.179546, 0.889954, 0.114918, 0.510839, 0.355740, 0
-1.876279, 0.034004, 0.344250, 0.116776, 0.001576, 0.190774, 0.318625, -0.514888, 1.274175, 0.115527, -0.828961, 0.516200, 1.088509, -0.072216, -0.823483, 0.549116, 0
-0.258880, 1.060210, -0.676258, -0.340078, -1.558085, -0.407840, 1.156732, -0.389896, -0.788480, 0.447270, -1.057034, 0.722936, 1.282079, -0.199298, 0.089319, 0.884788, 0
-1.247941, 0.706013, -0.514839, -0.452576, -0.912177, -0.158475, 0.244429, 1.671916, 1.376843, -0.332503, -0.659503, 0.455358, 0.336374, 1.191973, 0.552692, 0.704263, 0
-2.219316, 0.553765, 0.237362, -0.878846, -0.674738, 0.047659, 0.416279, 0.137283, -0.344914, -0.303159, -0.228414, 0.216876, 0.331972, 0.002699, 1.914584, 0.655921, 0
-0.742928, -0.059532, 0.114125, 0.576877, 0.448038, 0.566940, -0.257488, 0.912173, -0.634544, 0.576638, -1.010328, 0.256503, 0.158245, 0.855791, 0.147080, -0.705719, 0
-0.905643, -0.541941, 0.885813, 0.132181, -0.028606, -1.514231, -1.449656, -0.604712, 0.052549, 0.958296, 0.081751, 0.315533, -0.150244, -0.228407, -0.341443, -0.406180, 0
-2.246949, 0.081798, 0.186840, 0.459166, -0.171644, -0.602575, -0.090717, 0.527925, 1.268040, 0.462526, 0.748258, -0.892009, -0.098334, -1.179924, -0.565632, -0.903597, 0
-0.872614, -0.633026, -1.176676, -0.898357, 0.302440, -0.435882, -0.109201, -1.335009, -0.135321, -1.777239, -0.276906, -0.701878, -0.084510, -0.775719, -0.587345, 0.036497, 0
-1.050490, 0.551309, 0.289866, -0.283985, -1.291083, -0.096138, 0.489094, -0.463982, 0.779221, -0.509427, 0.551778, -1.140037, -0.726279, -0.080348, -0.029572, 0.173432, 0
-0.571369, -0.461908, -0.835738, 1.272228, 0.146485, 0.609188, 0.068597, 0.173295, 0.739482, -1.065962, -0.307365, -1.325308, -0.805641, -0.932965, -0.102991, -1.393704, 0
-1.047575, -0.578743, -1.316486, -0.127442, 0.078213, 0.359179, 1.186502, -0.790416, -0.002864, 0.060017, 1.307510, -1.032562, 1.184614, -1.219405, 0.692470, -0.561426, 0
-0.086549, -0.914797, -0.584892, 0.393494, -0.560705, -0.471495, 0.227287, 1.130971, -0.664011, -0.391849, -0.744125, 0.441813, -0.410757, 1.070259, -1.006394, 0.218945, 0
-1.355585, 0.138161, 0.214863, 0.537105, -0.181542, -0.074825, 0.987064, 0.430022, -0.526755, -0.603521, 0.211488, 0.102863, 0.036813, 0.270884, 0.155718, -0.489976, 0
0.146182, -1.004858, -0.048953, -2.111093, 1.167358, -0.510141, 0.768038, -1.444300, 0.879906, -0.127961, 0.152476, -1.128633, -1.524977, 0.653781, 0.411407, -0.485723, 0
-1.878703, -0.506557, 0.865649, -2.435236, -0.962119, -1.683398, -0.065349, 0.749789, -0.077558, -0.771993, 1.936282, -0.137271, 0.952271, -0.624176, -0.941784, -0.034193, 0
-0.873738, 0.452111, 0.678611, -0.494705, 0.585826, -1.550362, -0.057175, 0.560802, -0.696870, 0.226387, -0.412848, 0.093446, -1.448795, 0.192026, 1.593107, -0.526351, 0
0.024812, -0.949520, -0.152302, -0.276051, 0.441814, -0.326463, 1.894504, -0.766835, -0.387500, -1.003952, -0.003320, 0.042249, 0.646874, 0.689449, -0.026393, 0.314670, 0
-1.889096, -0.684216, 1.033125, 0.121276, -0.292688, -0.982520, 0.418465, -0.072253, -0.085758, -1.559673, 0.810858, -0.178668, 0.461460, -0.676447, 1.079520, 0.297837, 0
-0.851882, 1.185002, 0.310829, -0.623190, -0.726444, -0.761865, -0.448661, -0.069760, -0.252160, -1.097183, 0.391707, -0.171281, -2.011205, 1.712194, -1.644238, -0.237499, 0
0.398301, -0.795524, 0.391388, 0.100711, -0.256047, 0.428481, 0.583078, 1.100522, -1.311008, 1.652845, 0.573035, -1.909739, 0.275990, 0.128319, -0.677754, -0.225464, 0
-1.854371, 1.292263, 0.056749, -0.101660, 1.645415, 0.438019, 2.107816, 0.484612, 0.772114, 1.226166, 0.672673, -0.672350, -0.175467, 0.452327, -1.005053, 0.075512, 0
-0.735960, -0.891057, 0.207000, 0.432739, -0.409880, -0.681540, -0.481219, -0.459041, 0.176571, -0.159549, 0.846387, 0.461940, 0.272571, -1.077630, -0.744220, 0.458852, 0
-0.518024, 0.265492, -0.934415, -0.295449, 1.240900, 0.249801, 0.236927, -0.568302, -0.340350, 1.360652, 0.076307, 0.994172, -0.949440, -1.288497, 0.837105, 0.694809, 0
-0.759091, 0.439290, 1.137579, 1.041089, 0.700964, 0.929879, -0.011693, -1.062006, 0.686199, -0.004007, -0.065913, -0.038156, -0.693907, 0.173612, 0.170852, 0.306208, 0
0.334970, -1.133587, 0.790005, -0.525889, -0.695338, 1.418101, 0.300938, 0.152726, -1.419760, 0.420286, 0.641114, 1.024385, 1.222938, 0.426543, 0.132129, 0.573245, 0
-0.283192, 0.937136, -0.248931, 0.136616, -0.614377, 0.990381, -0.468807, -0.163488, -0.675557, -0.155867, 0.095388, -0.170350, -0.634346, 0.994744, -1.373224, -1.395082, 0
-0.715413, 0.433880, 0.911897, -0.151191, 0.459734, -0.943241, 0.377966, 1.437706, 0.363195, 0.582462, 0.088975, -1.091369, -0.768725, 0.743365, -0.184988, -1.471226, 0
-0.421361, 0.060564, 0.479645, 0.518842, -0.560502, 1.089881, 0.793346, -0.037612, 0.680520, 1.427776, 1.211359, -0.303994, 0.564279, 2.916932, 0.353256, -0.727625, 0
-0.944068, -0.406682, 0.730789, -0.847394, 0.160066, -0.293808, 0.878660, 0.513577, 0.717176, -1.778849, 1.201336, 0.546731, 0.295769, -1.154500, 0.185265, -1.706730, 0
-1.394214, -0.316312, 0.317735, -0.574411, -0.624703, 0.040057, -1.387866, 2.329588, -1.154737, -1.723226, -1.202859, -0.244816, -0.045878, 0.189693, 2.148243, 0.074753, 0
-0.237365, -0.192111, -0.455216, -0.630502, -0.368499, -1.022584, 0.943857, -0.225712, -0.799385, 0.292315, 0.942417, -0.702519, -0.053804, 0.354020, 1.668490, -1.194811, 0
-1.616559, -0.843812, -0.339138, 0.110078, 0.973989, -0.817053, 1.016862, -0.819463, 0.159208, -0.328452, -0.595722, 0.270543, 0.744224, -0.615132, -0.088832, -0.588723, 0
-0.563370, 0.179813, -0.229652, 0.509755, -0.030782, -0.547234, 0.341767, 1.639590, -0.707203, -0.055547, -0.562796, 1.662962, 1.260668, 1.306690, -1.239290, 0.000890, 0
-0.494533, -1.020760, 0.065313, -0.445328, -1.212200, 0.521027, 1.388694, -0.948396, -0.185079, 1.979000, -0.280494, -1.013026, 0.386680, 0.630681, -0.178633, -0.357203, 0
-1.099987, -0.078774, -0.296708, -0.574305, 0.513318, -0.912749, -0.345384, 2.020260, 0.716967, 0.704930, 1.717863, -1.196385, 0.535496, -1.094390, 0.541935, 0.026457, 0
-2.032428, -0.637085, 2.085424, 0.158837, 0.695272, 0.434556, -1.253546, 0.702068, 0.546393, -0.602781, 0.568630, -0.242300, 0.173350, -0.948209, 0.208945, -0.582303, 0
-1.070248, 0.895777, -0.333315, 0.182215, -0.424752, 0.539503, -0.103586, -0.524064, -0.143688, 0.915951, 0.075526, 0.472971, -0.595701, 1.090012, 0.079130, -0.275618, 0
-0.988803, 0.058331, -1.068314, 0.529233, -0.478205, 0.872428, -0.661610, 0.751198, -0.653991, -1.045601, 0.552426, 0.906926, 0.070074, -0.842808, 0.561955, -0.641365, 0
-0.823560, 0.105747, -0.354459, -0.667548, -0.899823, -0.296376, 0.144798, 0.570651, 0.028060, -0.489999, 0.171546, -0.524310, -1.080748, 0.090285, 1.409305, 0.073045, 0
-1.625087, 0.778917, 0.469448, 1.093096, -0.795281, -0.030460, -0.689013, -0.471360, -0.437832, 0.016158, -0.744357, -0.523794, -0.119991, -1.708671, 0.078748, -0.511636, 0
-1.452528, 0.703105, 0.807575, -0.662410, -0.023089, 0.992007, 0.240274, -0.460197, -0.215706, -0.156377, -0.493263, -0.192336, 0.780928, -1.525233, 0.800170, -0.757485, 0
-2.243454, 0.046939, -0.144358, -1.397269, 0.407009, -0.497038, -1.111701, -1.092334, -0.002856, -0.315361, 1.128181, -0.642139, 0.363521, 0.330066, -0.345615, -0.427676, 0
-2.197052, -1.147110, -0.507160, 0.743156, -0.326185, 0.014884, -0.788434, 0.315370, 1.040865, 0.542534, 0.591366, -0.421854, 0.935287, -1.245929, 0.232291, 0.482056, 0
-1.437863, -1.089187, -1.944577, 0.228030, 1.068576, -0.268754, 0.020306, 1.537519, -0.459739, -0.707805, -0.852832, 0.676057, 0.533233, 0.072080, 0.245761, 0.476424, 0
-1.228316, 0.531105, -0.502964, -0.658332, 0.057501, 1.740161, -1.676286, -0.185178, -0.938967, -0.407125, -0.463732, 0.497585, 0.436315, 0.533063, 0.051144, 0.495454, 0
-0.995832, 1.494269, 0.490204, 0.255759, 0.334195, 1.154106, -1.561105, -0.926479, -0.675955, 0.383915, 0.830453, 0.230867, 0.989416, 0.906330, -0.635180, 0.073498, 0
-1.711704, -0.128244, 1.037379, -0.302690, 0.175148, 0.476562, 0.688514, -0.059617, -0.320473, 0.176018, -1.057336, 0.641998, 0.721681, -0.391845, -0.520640, -0.220800, 0
-1.353031, -0.726512, 0.198485, -0.767751, -0.547151, 1.279208, -0.299093, -1.051879, 1.781833, 0.250796, -0.438076, -0.238467, -0.175294, -0.822790, -1.772542, -0.907367, 0
-0.960635, -0.500433, 0.179024, 0.577809, -0.784624, -0.759767, 0.090565, 0.442394, -0.751317, -0.511645, -0.069726, 0.223121, 0.189433, 0.039426, 0.130152, -2.175200, 0
-0.530370, -0.157929, 0.431193, -0.282286, -0.082415, 0.423695, 1.122646, -0.447054, 1.383166, 0.533112, -0.154469, -1.425976, -1.235309, -0.744997, -1.206086, -0.302947, 0
-0.844512, 0.847709, 0.707873, -0.707615, -0.108515, -1.234826, 0.754535, 1.229438, -0.340258, 0.862578, -1.331361, 0.283688, 0.246613, 0.768738, 0.577117, 0.971059, 0
-1.509898, -1.120924, -0.991254, 1.084525, -1.511859, -0.684894, 0.062490, -0.184966, 0.698603, 1.021809, -0.523821, -1.245548, -0.582657, -0.752733, -0.001341, -0.238208, 0
-1.713259, 0.297158, 0.390262, 1.224074, 0.093120, -0.316810, -1.391887, 0.668647, -0.534459, -1.847684, -0.795925, 0.499896, 0.488651, -0.783530, 0.787605, -0.215661, 0
-0.560848, -0.033951, 0.269759, 0.427096, 2.135586, -0.720128, -0.175700, -0.875996, -1.670710, 0.855427, 1.399785, -0.773852, -0.574208, 0.171747, -0.032899, 1.367194, 0
-0.827869, -0.237964, 0.833633, -0.310390, -1.040836, -0.831306, -0.787167, 1.378107, -0.352987, 0.099841, -0.329794, -1.533419, -0.362095, 0.663518, -1.341914, 0.006788, 0
-2.450467, -0.478899, 0.152360, -0.277359, -0.738559, 0.889972, 0.259590, 0.187216, 0.827260, 0.606570, -1.727031, 0.144314, 0.702638, -0.174874, 0.026245, -0.149026, 0
-0.347760, -0.102677, 1.061677, -0.717348, 0.145170, 0.166641, -0.477508, 0.303921, -0.961229, -1.350836, -0.153805, 1.659854, 1.208266, 0.750262, 0.031032, 0.172340, 0
-1.091718, -0.033838, -1.058240, -0.100103, 0.043331, -1.445112, -1.576355, -0.315686, -0.013776, 0.334648, -0.812805, -1.157569, -0.760423, -1.460892, 0.542318, -0.236859, 0
0.468482, 0.598014, -0.553270, 1.052580, -0.876609, 0.239855, 0.958562, -0.009563, 1.958544, -0.230994, 1.062731, -0.861912, -1.266312, 1.205822, -1.680232, 0.106436, 0
-0.921760, -0.445980, 0.404088, 0.437270, -0.922978, 0.555032, -0.722476, 1.624269, -0.624203, -1.228052, 1.463662, 0.315544, 0.643853, -0.904205, 0.005713, -0.241365, 0
0.176951, -0.630563, -0.119316, -0.460968, -1.429932, -1.084632, -0.435030, 1.120978, 1.045666, 0.396814, 1.056545, 0.954279, 0.212273, 0.974754, 1.562931, 0.008970, 0
-2.858442, -0.314141, -0.788637, 0.448584, 0.279464, 0.628727, -0.926496, 0.253824, 0.756813, -0.354372, 0.488860, -0.531457, 0.442283, 0.539164, 0.989358, -0.823097, 0
0.045114, 0.284094, -0.727233, -0.036076, -0.659073, 0.226681, -0.443937, 0.912434, 0.147545, 1.035456, -0.648648, 0.551769, 0.464529, -0.059016, -0.763283, -0.168526, 0
-1.126621, -0.093535, -0.528692, -0.111311, -0.136209, 0.280696, 0.289678, 1.787187, 0.153286, -0.544072, -0.062876, -0.001881, -0.150286, -0.015282, 0.810371, 0.064852, 0
0.022203, 1.180430, -0.073030, -1.157759, -0.152730, 1.404723, -0.414910, 0.947116, -0.150655, -0.450342, 1.316217, 0.126305, 0.587688, -0.580289, 0.960597, -1.236418, 0
0.109989, -0.063459, -0.719406, -0.094916, 1.578347, -0.090752, -0.333808, -1.098540, 0.698435, 0.228754, -0.566045, 0.292186, -1.884994, 0.727564, 0.309138, -0.730893, 0
-1.349598, 0.289041, 0.496242, 1.129874, 0.734466, 0.569230, -0.787971, -1.008462, 0.490257, -0.841165, 0.489142, -0.055282, -1.256901, 1.135823, -0.217209, -1.354910, 0
-2.199118, -1.557933, 0.658690, -0.859338, 0.422586, 1.408607, 0.326033, 0.332266, -0.387442, 0.176832, 0.083414, 0.091428, -0.780820, 0.370172, 1.325351, -0.372096, 0
-1.301862, 0.130885, 0.001127, -0.361820, 0.297158, -0.634445, 0.513279, -0.897251, 0.990132, 0.376097, 0.071038, -1.862848, -0.069350, 0.132665, -0.015898, 0.656922, 0
0.405397, 0.652728, -0.521102, -0.209656, 0.389976, -0.496290, -0.143729, 1.050277, -0.867156, -0.554322, 0.148898, -1.196218, 0.217194, 0.702127, 0.383510, 0.441130, 0
-0.311673, -0.767256, -0.169799, 2.119717, -0.356671, 0.054044, 0.076652, 1.865596, 1.876414, 0.094083, 0.271897, 1.516571, -0.309517, 0.430850, -0.854290, -0.124870, 0
-1.182968, 0.230486, 0.131883, -1.288305, 0.275256, -0.344336, -0.210597, -0.808947, -0.179906, -0.497733, 0.009203, -0.409330, -0.293016, 0.646548, -0.621219, -0.955511, 0
-1.868058, -0.648393, 1.242411, 0.519703, -0.246848, -1.101130, 1.512324, -0.205570, -0.049897, 0.609942, -0.152044, 1.169380, -0.122233, -0.269204, -0.353838, 0.176124, 0
-1.485035, -1.053510, 1.359167, 0.473335, -1.436521, 0.976302, -0.388371, -0.058933, -0.187796, -1.097393, 0.095551, 0.096198, -0.317923, 0.714186, -0.531525, -0.432750, 0
-0.250371, 0.244559, -0.171719, -0.011839, -1.113153, 1.176886, 0.067600, -1.781045, 1.383269, -0.467002, -1.208975, 0.262786, 1.029989, 0.688185, 1.616587, 0.392290, 0
-0.649073, -0.178593, 0.159283, 1.297018, 0.022969, -0.171715, -0.016797, -0.549356, -0.623351, -0.890306, 0.033616, 0.001681, -0.772808, -0.779918, -0.489409, -0.010585, 0
-3.052880, 0.133265, 0.025172, 1.193070, -0.618376, 0.413657, -0.261926, 0.713996, -0.608571, -0.459777, 0.856682, -0.355562, -0.619556, 0.329787, 0.041060, -0.037482, 0
-0.111210, 1.489487, 0.729075, 0.066206, 0.698702, 0.232347, -0.054576, 0.876095, -0.097895, -0.997707, -0.229071, -0.884944, 1.373205, -0.227890, -1.073781, -0.182129, 0
-1.553347, -0.505856, 1.044033, 0.135151, -0.679567, -1.772033, 0.817905, 0.572559, -1.067352, -0.054788, 0.082106, -0.197263, 0.967420, 0.882235, 2.276583, 1.151934, 0
0.258063, 1.350940, 0.419275, -0.068582, 1.135887, 0.302105, -0.274200, -1.185923, 0.702562, -0.265697, 0.384524, -0.711287, 0.160187, -0.474676, -0.366517, 0.262481, 0
-2.191535, -0.418350, 0.305237, 1.994768, 0.294730, 0.221456, -1.424180, -1.491765, -0.390657, 0.773803, -0.252755, -1.254903, 0.626627, 0.425296, 0.111467, -0.428983, 0
-1.544300, 0.241990, 0.373154, -0.092054, 0.688218, -0.332994, -1.336072, -0.590394, -0.805163, 1.510167, 0.553734, 0.262241, -0.472394, 1.152455, -0.668639, -0.824772, 0
-1.095107, 1.458638, -1.631556, 0.799254, -0.657906, -0.906919, -1.722980, 1.120969, 0.609750, -0.521069, 1.362927, 1.122106, -1.390839, -0.486455, 0.427411, -0.573209, 0
0.108724, 0.594771, -1.871940, 0.233364, -0.439598, -0.192009, 0.922678, 0.484624, 0.034681, -0.705112, 0.070126, -0.002222, -1.110239, -0.706903, 0.906514, 0.169877, 0
-0.627931, -0.605495, 0.199338, 0.611134, -0.198793, -0.573906, -0.019744, 0.133080, 0.056385, 0.851127, -0.697508, -0.367151, -0.052545, -1.071414, -0.390817, 1.400501, 0
-1.346697, 0.987595, -0.065246, 1.164447, 0.812046, -0.508549, 0.125522, -1.084232, -0.797211, 0.616549, -0.636551, -0.501572, -0.172866, 0.531242, 0.304519, -0.057937, 0
-1.177839, 0.286273, 0.133604, -1.047723, 0.138401, 0.214396, 0.611904, 0.698482, -1.153883, -0.091921, -0.249650, 0.355016, -0.650868, -0.375540, -0.603367, 0.506273, 0
-0.033726, -0.721498, -0.141782, 1.715656, -0.161468, -1.063767, 0.218595, -0.716184, 0.035376, -0.613992, 0.395171, -0.452424, 0.670177, -0.565317, 0.142732, 1.103080, 0
-0.489326, 0.118318, -0.508576, -1.711293, 0.193238, -0.715858, -0.726722, -0.158822, -0.444655, 0.627055, 0.445442, -0.680155, -0.128080, 0.691215, 0.009389, -1.037551, 0
-0.317020, -1.045308, 0.639246, -0.221820, -0.169886, -0.695405, 0.026313, 0.245901, 0.169676, 1.281324, -0.316321, 1.261351, 0.626849, 1.468294, -0.578011, -1.052904, 0
-1.785366, -0.242465, 0.713393, -0.723902, 0.268078, 1.231081, -1.324577, -0.603249, 0.663498, 0.208242, -0.903250, 0.316888, 0.167914, -1.910023, -0.160481, 0.180497, 0
-1.573088, 0.237712, -0.288228, 0.340482, 0.130515, 1.050215, 1.083717, 0.075196, 0.150494, 1.531305, 0.770387, 0.137995, 0.612004, 0.438586, 0.536222, -0.625185, 0
-0.878605, -0.392570, -0.217076, 1.471689, -0.974391, 0.069808, 0.041721, -0.120927, 1.346668, -0.261056, -0.843181, -0.698768, 0.289757, -0.422415, -0.053384, -2.092799, 0
-1.206429, -0.267580, 0.077492, 0.140949, -0.295563, -0.529999, -0.427707, 1.223569, -0.636068, 0.977731, 1.083790, 1.363518, -0.794001, -0.361221, 0.266055, 0.935610, 0
-1.347647, 0.356150, -0.322923, 0.912156, -0.360556, -0.743090, -0.719401, -1.478622, -0.196118, 0.535567, 1.013347, 1.031292, 0.193945, 1.163190, 1.093722, 0.650027, 0
-1.052268, -0.269295, 0.870550, -0.061749, -1.105614, 0.536214, -0.347062, 0.339022, 0.587268, 2.174628, -0.592167, 0.844393, 1.106989, -0.662803, -0.094553, -0.776452, 0
-1.031622, 0.997167, -0.012046, -1.111367, 0.707140, 0.454592, -0.084625, 0.362303, 0.640494, -0.395426, 0.367807, -1.046891, 0.151217, 0.705780, -1.507079, -0.505436, 0
-1.688877, 1.086224, 0.547161, -0.189618, 0.594306, -0.193345, 0.092313, -0.403008, 0.480873, 0.410342, -0.478517, 1.631721, 0.773422, 0.432066, -0.136878, -0.106027, 0
-0.193133, 0.797214, 0.409998, -0.439500, -0.380160, -0.115114, 1.026284, -1.327963, -0.507352, -0.511100, 0.418635, -0.079341, -0.598177, 0.530782, 0.655505, -1.624132, 0
-0.910195, -0.579100, 0.261443, -1.575605, 0.068422, -1.196697, -0.066527, 0.168706, -0.090520, 1.017081, 0.084691, 1.518109, 0.868474, 1.513522, 1.292831, 0.268888, 0
-1.093440, 0.311918, 0.599499, -0.397769, -1.492029, 0.963128, -0.901173, -0.619994, -1.642528, 0.828011, 0.042254, 0.577191, -0.492697, 1.136843, -0.141150, -0.203998, 0
-1.031430, 0.097179, 1.102586, 1.546557, 0.234790, 0.642422, -0.087649, -0.020060, 0.122657, 0.762112, 0.568235, -0.020589, 0.646006, 0.503994, -0.505640, -0.208442, 0
-1.977342, -0.574825, 0.946951, 0.234867, -0.320144, 0.766272, 0.801463, -0.876779, -0.824466, -0.471826, 0.176649, 0.185859, 1.267594, -1.022761, 0.316735, -0.215874, 0
-0.666733, -0.454759, -0.949325, 0.075556, -0.668945, -0.408651, 0.097303, -0.838973, 1.111793, 0.188511, -1.367943, 0.736698, 0.495424, -0.972749, 0.390276, -0.866216, 0
-0.074002, 0.265265, -0.691002, 0.386151, 0.032626, 0.533117, -1.026632, -0.134089, -0.405957, 0.829083, -0.127090, -0.935595, 0.434367, 0.221512, -0.054992, 0.058472, 0
-1.016004, -0.348651, -0.501642, -1.486186, -0.780698, 1.256564, -0.007637, -0.264049, 0.597535, 0.024783, 0.175519, 0.292423, -0.505197, -0.259687, 0.247130, -0.228455, 0
-2.215148, -1.289354, -0.035842, 1.570526, 0.084626, -1.062239, -0.178022, -0.830047, -0.216182, -0.038381, 0.414918, -1.520777, -1.250727, 0.178823, -0.815136, -0.162251, 0
-1.524727, 0.736657, 0.835438, 1.485590, -0.010943, 0.402744, -1.310815, -0.637095, -0.790597, -0.786282, 0.683537, 0.008732, -1.550769, 0.734086, 0.568011, 0.125607, 0
-0.903398, -0.009520, -0.600481, 0.917950, 0.226515, 1.065567, -0.161569, -0.533635, 0.777868, -0.299460, -0.451435, 0.254207, -1.903183, -0.137669, 0.336058, -0.321785, 0
-0.688928, -0.439586, -0.142867, -0.124628, 0.571028, 0.504523, 2.432373, -0.683461, 0.355759, 0.905857, 0.716773, -0.272486, 0.197109, -0.505177, -0.651326, 0.081023, 0
-1.655255, -0.967734, -0.722769, -1.379749, -0.190124, -1.468975, -0.839910, 0.916159, 0.187544, -1.105445, 0.415044, 0.488249, 0.627043, 0.712829, -0.107421, -0.765536, 0
0.473263, 0.866891, -0.627146, -0.115059, -0.009629, 1.131714, -1.251391, -0.198967, -0.652006, -0.067603, -0.505828, -0.469346, 0.917937, 0.372475, 1.109442, 0.070836, 0
-0.703888, 0.593784, -0.553861, 0.235627, -0.113583, -0.440267, -0.787911, -0.250082, 0.150818, -1.348972, 0.091871, 0.274405, 0.287467, -1.600499, -1.530347, 1.092788, 0
-0.531568, 0.596790, -0.409000, -2.011230, -0.580372, -0.064326, 0.449616, 1.093373, -0.235954, -0.598096, 0.435355, -1.490401, -0.089033, 0.844373, 0.156829, -0.821714, 0
-1.544491, 0.348657, 0.156610, 0.375021, -1.192053, -0.270056, 1.024404, -0.714948, 0.446516, -1.153070, -0.782156, 0.286537, 0.435532, -0.004269, 0.341920, -0.433374, 0
-1.862186, 0.196379, 0.370083, -0.948015, 0.883798, -0.535104, -0.945216, -0.574874, 1.413435, -0.483611, 0.104285, -0.369325, 0.380345, -0.812821, 0.553238, -0.014008, 0
