0.107882, 4.624590, 2.862175, -4.111301, -0.875404, 4.943890, -0.064381, 2.290878, -1.627197, -0.174498, -0.198153, 2.235723, -1.184156, 2.615202, 0.884508, -6.076027, 5.219355, 1.035116, 0.185907, 0.560715, 9.603449, 5.073776, 4.067810, 7.921467, -0.725731, -0.287144, 0.214756, -0.166542, -3.575169, -1.451012, -0.058735, -1.469103, 1
3.622387, -4.082411, -3.566362, 4.839106, 2.355509, 13.890810, -1.503469, -7.216089, 9.989681, -6.029833, 6.372473, 8.295650, -2.215572, -1.091976, 2.075829, -4.805109, 4.491671, -2.785440, -2.849560, 3.184896, -2.733448, 3.509890, 1.274317, -4.272852, 9.029980, 0.906246, -0.751009, 4.134043, 4.906473, 1.103994, 7.661449, -4.196520, 1
3.842741, 1.141989, 3.110657, 2.550337, -1.746960, 5.956915, 1.297569, -0.133989, -1.635246, -2.314816, 6.598267, 3.755648, -2.397058, 3.148285, 4.891726, -3.662006, 5.708231, 0.204432, -2.742462, 10.524736, -7.852071, -2.931513, -0.049791, 2.965277, -0.810219, 0.577740, 4.908709, 2.995043, 3.238396, -2.315517, 6.690281, -1.334965, 1
-1.041739, -2.798740, 6.160671, -5.676345, 3.563831, -1.784201, 4.425257, 1.150784, 3.971956, 2.716557, -1.726143, 5.201336, -0.583075, 1.375593, -0.407389, -0.884155, -3.843462, -1.173874, -6.427638, 6.016300, -0.606218, -8.666280, 8.162531, -3.365213, 4.982122, 6.192190, -3.390871, -8.408714, -0.529387, 7.023363, 9.173105, 0.091921, 1
5.845367, -1.600834, -1.330210, -2.490627, -3.063606, 1.707317, 5.335196, -7.522577, 5.057985, 12.249712, 1.678814, 0.359091, 6.878407, 1.271547, -4.999611, 2.497183, 2.629042, 4.868408, 2.558880, -3.413157, 3.252771, 0.371019, -0.205257, 0.285700, 0.722441, 4.514017, 3.359108, -7.532517, 3.370346, 2.035200, 5.871170, 1.396084, 1
7.637032, -1.758770, -7.288597, -0.888603, -1.753496, 5.247089, 2.394552, -8.638556, -4.207470, 9.752594, 4.119026, -4.105846, -2.645437, -1.719830, -3.410820, -1.995325, -0.224201, 1.641699, 3.869240, 1.262520, 5.104431, -6.157843, 0.117958, 5.876034, -0.566561, 4.207182, 4.152790, 2.720867, 7.634119, -8.446209, -1.241692, 2.084213, 1
0.165800, -3.964857, 8.808359, -2.098742, 3.745646, 0.936377, -3.602835, -0.306810, 5.188538, 5.229145, -2.152534, -0.769148, 2.870043, 4.686985, -0.221363, 11.241220, -2.425844, 6.272827, 2.389458, -1.058420, -8.683386, -1.636513, -1.866318, 9.283995, 2.126518, -6.372277, 3.643200, 1.781164, 5.756779, 3.405523, -0.906366, 8.250954, 1
1.061144, 3.378378, 5.366405, -0.632576, -4.205429, 0.281069, -5.224200, 3.054714, 9.984028, 5.284281, 3.313261, 2.156181, -2.944021, -4.844978, -2.930231, 3.017067, 2.017696, -2.692860, -0.599121, -2.634859, -7.467327, 3.207703, 4.279680, 3.214781, 3.191078, 5.234394, -7.672291, 6.873968, -0.353693, 2.894215, 0.887266, 3.867804, 1
3.693613, -3.282389, -5.879585, -7.186158, 3.520037, 0.911161, 1.658861, 1.075907, 0.775110, -4.591824, 1.566957, -0.805609, 0.565756, -4.289917, -4.689054, -2.225409, -14.364588, -4.086248, 6.108459, -1.494349, 3.204269, -1.049746, 8.012310, -6.959359, 16.316381, 14.375277, -3.163403, -7.201960, 4.709122, -8.381612, -4.947428, 0.414417, 1
-3.224058, 5.000172, 2.813183, -1.222416, 0.954741, 2.356485, 4.578552, 3.816364, 3.245907, -0.463804, -4.111208, 2.760921, 10.385082, -4.146090, 0.918480, -5.285255, 0.862988, 1.873959, 0.199921, -1.659668, 0.750519, -0.293009, 0.804613, 8.127811, 4.958197, 5.740799, -1.576157, 0.960913, 0.154312, 3.183365, 2.084768, 6.276304, 1
3.484081, 1.034758, 4.427511, -5.218810, -0.396151, 0.166779, -1.741190, 3.432261, -2.877373, 1.847443, 3.021141, 6.580904, -0.477148, 6.770668, 8.195530, -7.157923, 0.603540, 0.383877, -4.595015, -8.140793, -1.732613, 0.298923, 5.035868, 4.581182, 2.864328, -4.216064, 5.558550, -3.053619, -4.576767, 0.347710, -6.711829, -2.771009, 1
-2.162014, 3.521748, -1.579588, 0.470060, 1.619085, -1.510376, 8.663244, 2.021093, -2.967148, 7.344666, -0.182526, 4.615681, 2.992437, -0.874262, 0.810774, 7.423178, -7.540534, 9.249283, 4.600025, -0.276970, 2.666998, -0.198009, -3.169724, -4.275579, -0.495190, -1.433863, 7.117517, 1.923985, 6.930664, 3.911238, -3.859987, -3.543003, 1
9.480715, -2.941742, 1.325125, -0.212702, 4.100716, 2.619976, 1.646309, -2.468931, 7.852964, -0.196493, -5.606539, 6.606256, 10.250546, -1.112995, 10.976164, -0.272507, -6.354869, 0.148539, 2.436287, -7.670657, 2.886620, 1.340736, 5.644512, -0.701925, 2.821554, -0.508200, -1.791677, 4.107170, -10.009944, 1.903738, -1.066446, -3.262899, 1
-4.548534, 6.191359, -6.483841, -1.413244, 3.737318, -0.278770, -6.379396, 4.789696, 6.015028, 0.623800, 3.846579, -1.131210, -3.321218, 2.817499, 5.317587, 1.335228, 2.850653, 4.721373, 1.025023, 1.577858, 3.143572, 6.089508, 6.210451, -1.332653, 0.498001, 9.527739, -0.281391, 7.537868, 0.859863, -1.061050, 2.225666, -1.459705, 1
9.035246, 1.220444, 2.978859, -2.533070, -8.112444, 10.375269, 4.219618, -1.641272, 5.271868, 0.171448, 1.364082, 2.725021, -0.802155, -0.294361, -4.738220, 1.227770, 4.077637, 3.148840, 1.862299, 2.406473, -2.412386, 4.843399, -2.916389, -6.118507, -4.369732, -5.638734, -3.930531, -1.633934, 0.909521, 2.269308, 5.540905, -0.628057, 1
-2.910664, -0.670380, 4.351410, 1.338295, 3.411510, -3.717815, -4.269516, -3.205193, 6.085703, -5.592419, 11.247431, -1.913857, 0.191404, 2.592152, 7.720337, -0.604162, 7.021646, 4.749502, 8.333202, 3.873425, 8.612289, 4.065304, 5.271460, 5.070772, 3.566528, 5.939850, 7.503242, -2.726786, 1.735035, 6.732279, -0.540173, 10.307175, 1
0.679398, -1.564739, 1.002716, -2.151287, 6.452408, -3.478874, 2.335527, -1.139935, 7.991692, -2.822060, 0.083630, 3.391565, 6.086018, -0.656805, 3.749756, -1.571243, 4.057398, -2.587452, -6.102423, -0.845945, -4.647287, -1.750828, 7.683350, 5.086897, -5.925511, 9.230070, 1.833065, 1.623583, 7.947741, 4.304291, 0.082653, 3.401903, 1
6.197828, -3.641613, -2.285511, 0.127523, -5.914737, 10.680271, 4.394768, 2.990168, 4.418678, 6.995804, 0.734053, -2.822170, -4.264797, -1.551167, 2.854277, -3.205179, 0.490067, 7.626705, 8.777630, 4.767286, 5.256422, 4.854395, 6.819220, -2.396912, -1.801115, -0.903091, 2.680431, 0.954546, -2.567141, 3.751556, -6.203803, -0.063278, 1
2.616243, -5.679727, -4.930050, -4.907576, 0.696474, 0.766214, 1.620825, -4.685579, 9.154013, 1.953117, 12.400545, 1.879425, 2.924824, 0.796429, -0.469969, 1.484755, 2.689417, 4.198671, 7.124857, -2.788830, 5.793558, -3.057398, 1.616043, -3.408434, -11.257278, 3.338417, 1.301434, 1.273897, 6.340408, -5.400395, 1.330240, -6.724815, 1
6.771479, 2.005156, -3.329330, 1.962454, 0.834248, 3.283779, -4.449581, 4.992041, 0.431564, 7.294786, -5.316221, 7.428877, 8.689190, 5.516123, 0.131941, -0.114174, 4.562117, 2.530338, 2.580317, -7.081147, 1.142082, -3.357677, -3.671600, 3.116905, -1.665770, 10.889961, -0.905544, 5.606548, 0.937965, 2.741451, 1.662289, 1.842146, 1
-4.752806, 5.610695, 15.852682, -2.992451, 5.721828, -2.457844, -5.867762, 8.303358, -2.406507, 1.444082, 6.542761, 1.232141, -1.402739, -1.025967, -0.822933, 5.219305, -1.619564, 0.601133, -0.514517, 1.628748, 0.402929, -1.721245, 3.239258, -3.818035, 3.954275, 6.513399, 4.650778, 0.382652, 2.983923, 2.799429, -1.066078, 7.264395, 1
0.492813, 4.882250, 1.470528, -12.536039, 8.649401, -1.512981, -3.832062, 3.138231, -0.038469, -3.963104, 6.297911, 2.616352, -6.727633, -3.410282, -7.326427, 4.556334, 4.217289, -0.113091, 9.150257, -0.399931, 2.286936, 1.406195, -2.039534, 3.160229, -1.966112, -2.198114, 3.161737, -4.001215, -5.102540, -8.442111, -0.052046, -4.438490, 1
8.338491, -2.164652, 7.059509, 6.478214, 3.873703, 5.288168, 1.171045, 5.578957, 3.597132, -2.678684, -6.372129, 6.091341, 1.612635, 1.959953, -0.530128, 3.867363, 3.206455, 1.191469, 0.922878, 7.817459, -0.620281, -0.630980, 0.857143, 4.964346, 6.783695, 0.714371, 7.424871, -1.046757, 1.314699, 1.112686, -1.744562, -3.229242, 1
-0.782703, 5.565056, -3.108257, 4.905296, -0.734133, -5.985625, -0.141869, 1.434996, 0.984697, 5.988049, 0.875196, -3.912283, 4.023050, -2.610224, 3.599564, -5.460076, -1.171164, 6.841709, 6.880251, -2.604565, -4.150167, 2.925798, -5.009604, 0.912226, 0.790205, -5.349931, 0.089994, 0.413126, -4.250433, -2.318562, -6.678473, -2.915241, 1
-5.921323, 5.213720, 7.814337, -2.548958, 4.623058, -3.797827, 6.411547, 4.727211, -1.039963, 2.711428, 3.087179, 6.747717, 1.069860, 2.744532, 1.092104, -0.481323, -6.366769, 0.495592, 2.553820, 5.212513, 0.784826, 5.879019, -4.045168, 6.037697, -2.470936, -4.938688, -1.993557, -1.287737, -8.600457, -1.115183, -1.416662, -3.785019, 1
4.161572, -0.980099, 7.284077, -3.904436, -7.008678, -4.706741, 8.578453, -2.713644, 5.020536, -3.322775, 9.183498, -2.300797, -1.617182, -2.125551, -1.138081, -3.904083, 2.164501, 1.687706, 0.862106, -0.735256, 6.245136, -6.306848, -1.038515, 6.969406, 5.108177, 12.056700, 8.020102, 4.999388, 1.317097, 6.483032, -5.670097, 10.424337, 1
-0.121834, -0.330877, -2.864481, -2.775986, -3.559538, -1.364447, -6.494875, -6.095299, -3.288628, 3.688046, -0.668255, -4.474569, 1.899233, -1.224476, 3.750299, 3.036882, -1.765421, 6.100323, 5.466719, -6.009070, -2.280062, 2.515661, -0.976641, 2.183899, -4.880991, -5.351531, -7.113342, 2.402977, -2.513426, 2.031979, 5.307941, 7.653486, 1
-1.109543, -3.352547, 7.659752, 0.286823, -2.066198, -3.745373, 0.230371, 2.970551, 8.973087, 0.836805, -0.720318, -0.829918, 5.544029, -0.264374, 0.898130, 0.811274, 6.188292, -5.236257, 2.913628, -7.348320, 3.859285, -5.695717, 3.302879, 0.863649, 2.556660, 2.062706, 0.651060, 3.603075, -8.915694, 1.486740, 5.683186, 5.865982, 1
3.710569, -3.708485, 2.971436, -1.724918, -3.484989, -0.286655, 3.823101, 9.285414, -2.239422, 2.938871, 1.709808, 1.253443, 1.367249, 2.032427, -0.607647, -4.623611, 2.033358, 4.126074, -1.476772, -4.492762, 6.300337, 4.464092, -6.090286, -5.763882, 0.470743, 1.490543, -0.538891, 11.056650, 7.848085, 0.017282, -2.091162, -6.361283, 1
-4.774994, 4.761864, 8.962296, -5.775375, -0.478939, -7.234332, -4.884495, 4.121906, 1.895237, -2.149521, 1.664698, 3.038330, -2.752806, -0.329794, 4.076378, 7.152260, -6.688132, -5.204487, 3.625317, 1.676426, 1.713457, 11.136442, -7.863378, -1.622492, -7.260283, -4.749634, 0.401150, -0.012934, 0.029705, 1.316132, -0.355682, 4.925930, 1
-1.433477, -7.159699, -4.464500, -2.019550, -1.029902, -4.554075, 1.794291, -2.302792, 5.640429, -3.367552, 1.728397, -5.512897, -2.919376, -7.205571, 0.719402, -4.124968, 9.157188, 4.379229, -5.032299, -0.076216, -4.211163, -8.853608, 0.310854, 2.431110, 5.597279, 3.631720, 0.782242, 0.466637, -4.038239, -1.931202, -2.668213, -0.174328, 1
-5.933608, -3.623285, 3.018826, -3.138611, -2.849403, 0.160715, -6.021096, 4.454876, 4.347359, -6.506493, -8.624587, 7.018988, 3.183615, 4.445673, 2.892162, -4.061899, 5.823637, 1.978003, -7.922023, 6.995026, 9.643515, 0.274401, -0.528902, -0.245283, -11.090103, -2.927713, -1.705523, 6.141939, 7.796356, 0.950933, 4.264708, 7.486307, 1
0.461203, 7.415115, -1.498938, 0.053474, 7.515133, -11.539118, 6.298708, -3.130827, 2.588348, -2.085014, -2.017393, -2.543715, 0.262177, -3.448740, 3.566034, 1.457541, -0.963963, -1.266571, -3.495268, -8.495944, -2.210699, -9.579526, 1.722052, -1.049868, 3.981461, 8.157446, 5.341681, 5.119562, 8.866497, -4.885637, 3.742830, 0.099287, 1
-2.703318, 5.782194, 2.709881, -2.161537, -4.224031, -1.858273, 0.566111, 2.048714, -0.671896, -8.702014, -2.145149, -0.070086, 14.842207, -4.073059, -5.553631, -3.654490, 0.265005, 8.118557, 3.549549, 4.724916, 1.577814, -0.155954, 1.493034, 2.606848, -4.179102, -4.456421, 5.491560, 7.072380, 3.352409, 3.715582, -2.028360, -0.662762, 1
-6.483855, 0.902071, 7.674082, 1.714306, -6.789480, 3.101309, 4.849974, -0.280476, 2.683718, 3.406963, -0.750669, 1.744183, 0.520294, -8.817653, 3.565508, 0.242502, 6.773235, 7.342094, -3.245834, 5.219776, -0.642675, -2.189812, 3.321451, -8.791120, -7.740717, 4.137955, 3.808327, 0.235367, -1.849747, -1.020052, 4.085157, -4.188616, 1
5.640760, -2.701719, 1.837576, -9.441099, 1.871998, 1.525522, -1.486692, -10.719110, -6.566186, 1.345877, -7.989404, 2.546198, 4.386967, 10.268265, 2.503300, -2.574907, -1.915003, -0.466457, -4.728683, 5.502821, -1.263008, -8.122266, -1.412041, 2.569725, 15.728189, -1.114885, -1.806650, 4.256334, -0.826092, 4.751440, 3.324690, 6.303600, 1
-1.064289, -2.811142, 5.472881, -0.448181, -2.074770, -1.866159, -1.366150, -5.188653, 6.007605, 2.688610, 1.211857, 7.776718, 1.979259, -1.298609, -4.864902, 4.784584, -4.901970, 0.274258, -9.102553, 3.548969, 3.085308, -1.986340, 0.438086, 3.934673, 0.945328, 8.263332, 3.627781, 9.511822, 1.445484, 8.686802, -2.733582, -1.811108, 1
2.401009, 3.954662, 4.198366, -9.302471, -2.797789, -2.050486, -2.276567, 0.010181, -0.570147, -3.317942, 1.544523, -3.606615, -2.426548, 5.785833, 0.711163, 8.043261, 0.247877, 2.017294, -3.250959, -1.595852, -6.305400, -3.874975, 2.775135, 2.467560, 3.516567, 9.547134, -4.479593, 4.839941, -3.782078, -0.561792, -2.090498, 3.597389, 1
-4.656239, 2.207706, 1.737247, -4.145008, -0.254791, 4.170660, -0.073879, 1.080534, 4.235584, 0.577635, -2.849686, 10.042900, 7.646292, 1.188381, -7.053479, -3.458094, -0.023048, 9.243917, -0.428564, 0.931190, 1.474123, 5.818346, 3.491043, 3.627172, -2.736347, 7.261684, -5.724931, 8.796219, 1.154316, 1.810034, 3.115053, 1.775152, 1
13.723368, -5.471481, -1.797424, -1.790749, 0.884069, 8.726543, 4.431364, -12.749757, -1.945383, 1.958031, 4.677967, -5.071721, -3.198666, 3.110081, 4.836073, 1.004602, 1.695637, 0.556812, 8.810642, -0.995535, 2.058022, -3.720131, 2.796984, 4.716063, -5.547746, 4.381155, -0.482609, 0.303429, -1.509970, 1.804613, -2.600512, 1.383551, 1
-0.249800, -3.864052, 3.300064, -2.879942, 8.179571, -1.310308, 2.266029, -0.476904, -0.064667, -6.077641, 15.699255, -4.050602, 4.244183, 2.994535, -0.056051, 8.160643, 6.519873, -3.247747, -9.597857, -1.590233, -3.755564, -0.665306, 2.630322, -3.166363, -4.006914, 6.572945, 0.748909, 0.310989, 0.425968, 9.349064, -0.800056, 3.155750, 1
2.810719, 4.004225, 1.291311, 4.049425, 5.394445, 4.215744, -1.452658, -2.936787, -1.947615, -12.261363, -5.422178, -1.828680, 9.007107, -4.841560, 0.247086, 0.180536, -0.481001, 3.199839, 3.388180, 6.382042, 6.154791, -1.282822, -8.752337, -3.906698, -4.425020, -2.087908, -7.526678, 0.947285, 5.620686, -3.668831, 3.414486, 7.070084, 1
-5.046967, 8.304453, -0.497416, 3.596739, 4.587833, 4.664341, 2.562056, 1.458769, -2.470173, 3.714436, 7.767885, 0.790453, -2.074667, 1.582724, -4.618731, 7.751059, 4.923325, -1.324089, -6.440053, -1.803209, 0.914043, 4.862652, 10.808077, 6.125170, -3.408228, 8.758780, -1.262190, 1.066216, 5.586941, 4.842438, 1.742619, 5.961363, 1
2.419338, 2.912727, -1.418629, 3.967093, -4.331028, 4.831484, -2.361618, -0.891996, -3.978119, 2.079422, 2.524792, 1.020325, 10.681004, 1.571556, 0.517155, 6.867123, -2.412355, 6.226355, 3.328423, -5.381996, 3.485468, -5.833889, 7.843040, -2.063114, -6.253929, -5.969262, 1.551672, 1.368279, -4.106710, -7.003031, 11.028421, 5.907558, 1
3.467726, 4.598423, 3.433016, 0.099554, 6.694098, -0.257578, 2.011452, 4.047333, 4.224876, 5.596899, -11.440722, 3.636265, 4.064184, 6.605665, -1.357800, 10.030344, 2.604982, -1.802982, -10.886366, 7.088442, -3.019604, -1.644114, 13.012743, 2.212624, -2.652214, 4.763927, -0.971453, 0.955460, 4.064449, -0.566925, -2.446814, 0.959524, 1
1.768291, -5.303882, -3.071775, -2.016338, -1.356045, -1.649595, -9.227814, -2.661152, -7.663741, -0.020370, -6.257306, 1.643000, -6.298397, -6.817570, -7.043692, 1.419634, 1.753750, -5.303164, -2.251596, 1.467184, 3.112726, -1.370668, 5.696545, 3.013201, 0.992584, -5.926600, -4.862520, 0.835911, 2.608906, 2.125048, -0.745050, -1.016706, 1
5.026169, -0.875093, -4.781763, 3.301744, 4.552065, 2.873125, 0.897993, -0.434008, 2.204300, -8.439879, 3.128538, 5.094225, -5.116728, 0.611671, -3.269533, 2.609457, -0.527166, 8.106335, 0.426836, 7.700254, 1.742897, 9.959520, -0.735191, -0.706633, 8.758352, 11.637541, 2.236353, 2.195486, 10.264843, 2.818012, 5.934679, 3.584978, 1
1.847879, -7.955614, 0.807713, 8.363947, -1.059349, 5.746740, -1.531845, -0.499865, -10.489199, 1.120342, 2.644861, -0.505394, 3.937309, 1.369360, -2.629391, 2.026051, 3.353415, 11.536772, -2.679504, -1.320734, 6.189047, -0.584000, -6.717956, 4.643572, -4.018888, 6.662016, -0.682638, 6.942778, 1.297358, 4.387121, -0.366953, -10.428650, 1
-6.585074, -0.811712, -2.175249, 0.416306, 0.221113, -2.323019, 5.198582, 1.147047, 2.845171, -1.646347, 4.070566, 5.403290, -1.264341, -10.183026, -0.403172, 6.291960, -0.970863, -9.054531, -2.143818, -1.366800, 0.329176, -2.237289, 1.030884, 6.982367, 4.150112, 5.710335, -5.496329, -6.107579, 1.613892, -4.657949, -1.465940, 2.273520, 1
8.081610, 2.984718, -3.901302, -2.741749, 3.478291, 4.295376, -0.223186, 0.987543, 2.584890, 2.118134, 2.520098, -6.536687, -2.865398, -0.809517, 5.895506, 6.795691, 1.233791, 6.264574, 0.730280, -0.257175, 0.191231, -1.875124, 6.945221, 5.875921, 3.127493, 7.138132, 1.073244, -5.679862, 0.240515, 5.451214, 1.208981, -2.020937, 1
-3.664860, -0.089634, 0.291046, -1.387280, 3.997049, 0.395939, 2.075947, 5.543932, -6.901555, -1.247869, 2.666273, 7.268686, -2.049288, 6.715336, 7.326712, 4.773903, 1.119387, 3.212965, 3.576647, 5.365267, 4.174707, 0.798338, -1.100819, -6.202949, -3.339962, 1.308071, -0.783434, 0.587378, 3.073580, 2.119640, 6.451351, 6.853350, 1
2.810141, -3.126167, -1.087252, 2.310169, 3.026941, 3.541994, -9.142792, 3.813477, -4.222034, -0.466183, 4.050856, 9.906466, -1.342348, 7.889349, -1.396280, 3.884541, 2.177734, -0.200830, -0.759806, -5.100349, 0.861494, -0.515907, 6.444410, -0.929556, -0.842669, 1.678770, -4.316103, -4.997829, 7.703239, 3.900656, -4.433092, -4.369917, 1
-0.378138, 1.417614, 2.189182, 1.585722, 0.875614, 2.202175, 4.489210, 0.884493, -2.294491, 2.105339, 3.062586, -3.666502, 11.243864, 3.176634, 7.595600, -0.176937, 9.343739, -4.176607, -2.758047, 10.314123, -6.327993, -5.471523, -0.814255, 4.689692, 3.771936, -3.410299, -1.817413, -6.887285, -3.767668, -1.602854, 2.600691, 4.499043, 1
7.943760, 0.584944, 1.239855, 4.333937, -4.754076, 5.998194, -0.169395, 5.341793, -11.542450, -13.459032, 5.132607, -0.617493, 1.617064, 1.420820, 0.363373, -2.903212, -6.940256, 1.975632, -1.952980, 3.118900, 0.163994, -4.474224, 4.327356, -4.069658, 4.839447, 1.582739, -0.933538, -4.400940, 5.353998, 10.469427, -8.066825, 8.087280, 1
4.248178, -1.406193, 4.465168, -8.767127, -0.999599, 6.343691, -2.383364, -0.140890, 7.617254, 2.876352, -4.812817, 1.160656, -9.463101, 2.047646, -3.674046, -0.114782, -0.923788, 1.939274, 6.074898, -1.634687, 5.924782, 3.435125, 1.297789, 9.225828, 7.757174, 2.971058, 1.376545, 1.475880, 1.684065, -0.879368, 9.619379, -0.877926, 1
-0.016954, 7.131954, -1.086355, -1.451721, -3.891790, -5.363585, 1.822723, 3.840876, -5.064952, -1.773247, -1.924040, -6.001767, 2.391905, -1.049881, -3.907843, 2.951612, 0.385605, -4.961193, -3.067928, 3.684525, -1.757940, -0.545601, -2.333727, -1.049749, -1.620525, 0.921288, -1.025875, -3.584269, -0.468666, 3.342974, -7.698243, 1.351387, 1
-6.576299, 2.387871, -6.064958, -1.521784, 5.486437, 7.386036, 1.360912, -3.253799, 3.024767, 8.500561, 1.816933, 2.067810, -0.284845, 2.407980, 1.949480, -0.516216, 4.477667, -0.577770, -2.227518, -2.166124, 0.586956, -6.774132, -2.234453, 2.205070, -3.300373, -0.821440, 2.903627, -1.751131, 7.233368, 3.184769, -2.127495, -0.664003, 1
2.729805, -9.106640, -0.968048, -5.001863, -7.351690, -8.072438, -8.568704, 3.323105, -2.329123, 4.678389, 5.227787, -3.264795, 7.079071, 0.555458, -5.633375, -2.794216, -0.253387, -6.379371, -1.073082, -6.130167, 1.597660, -0.895458, -5.586125, -4.308184, 3.573112, 0.174107, 1.721592, -7.298095, -2.937668, 2.366240, -10.997604, 5.226368, 1
4.131605, 3.983543, -2.362167, 0.284376, -4.850805, -2.245085, -4.863033, -5.806917, 1.151207, 0.496256, -3.461418, -0.358608, 1.437777, -1.117464, 5.214514, 4.654615, 0.718271, 0.612701, -1.169430, -1.130434, -1.128197, 0.865604, 6.145210, 0.052874, -1.281033, -4.226421, -3.390190, 7.708418, 1.713724, 5.424419, 7.880280, 5.656786, 1
1.582092, -2.858850, 9.319422, 3.783850, 4.719076, 2.769352, 2.241001, -2.343014, -8.398179, -4.378241, -4.740833, -3.338362, 1.888515, 0.481615, 6.207832, 3.152189, -2.321245, 4.910818, 5.306047, 4.122166, -0.674891, 7.651022, 2.644306, 1.177969, 5.573727, 1.606714, -4.120367, -4.224731, 0.562479, 5.249502, 3.988903, 0.244583, 1
6.847116, -8.844176, -6.349663, 4.135464, -3.907015, -3.064924, 4.663311, -3.126799, 4.994089, -1.738901, 1.113077, -3.021898, -0.649122, -1.454214, 8.060698, 1.615410, -4.180981, -4.747318, -0.861574, -2.354626, 2.163586, -3.002182, -2.999132, -7.724894, -7.502662, 3.337509, -4.831865, 2.575701, -5.203762, -1.434666, 0.066610, 6.805300, 1
-2.559448, -3.826639, -0.559267, 5.655146, 1.886892, 2.619860, -1.256260, 1.797789, 5.902058, -2.324934, -0.465738, 3.181087, 1.486778, 3.412676, -0.915188, 5.344053, 3.572243, -3.018606, 4.332890, 1.495178, 0.226164, 1.254370, -0.959637, 3.144512, 2.100029, 3.684484, -5.437106, 1.300497, 4.857147, 5.113503, 1.409725, 2.495558, 1
-0.596941, 0.588301, 3.296301, -3.072464, -1.036730, -1.673605, 11.534365, 8.518679, 4.506685, -3.066101, 8.105879, -3.786060, 1.261791, 0.100594, -3.789351, -3.671898, 6.471571, -3.454081, -0.394426, 1.943386, 10.983728, 1.967222, -5.625025, 6.558409, 8.838705, 1.665083, 7.938181, 2.448952, -4.342863, 4.709766, 1.689287, 1.414433, 1
5.216772, -3.688961, 5.502348, 3.056206, 4.877455, 1.437460, 5.175617, -1.001028, 0.899035, 0.011799, -8.189199, 3.234901, 1.575134, 1.554819, 3.227678, 7.073023, 2.514002, 3.568407, 1.685719, -0.311546, -0.436966, 1.091839, -2.194675, -1.430405, -0.428043, 6.917557, 2.708035, -4.086138, -7.512932, 2.993204, 1.595713, -0.473423, 1
1.129566, 5.462938, -5.200067, 3.364353, 4.709219, -4.516474, 1.613941, 2.006798, 4.261612, -4.709414, -7.898540, -7.600147, 2.413595, 1.770264, 11.893198, -0.726677, -1.133751, 2.247726, 0.604296, 4.952801, 0.006586, 2.475883, 3.305429, -0.795622, 6.524031, 0.396782, 5.425732, -1.950712, 4.039846, 7.164724, 5.852278, 12.784246, 1
-3.002842, -0.152660, -0.493158, -0.552816, 0.846704, 0.207476, 4.241838, 2.809710, 6.360563, -1.045830, -1.254770, 3.045160, -1.886492, 7.101192, 4.902695, -5.019999, 2.138712, 2.029026, 5.704683, -2.429676, 8.915842, 2.400175, -5.602693, 0.801064, -1.609297, 5.716864, -2.775894, -1.432995, -0.373079, 1.321102, -1.640598, 5.696732, 1
0.975624, 5.354149, 2.810667, 11.124411, 0.739750, 3.367140, -0.044727, -4.518314, 5.327091, 4.315937, 3.364479, -1.751547, 1.932266, 5.549089, 6.908531, 1.249500, -6.741771, 0.126886, 3.734177, 0.207388, 9.398525, -3.069748, -2.920086, -1.790073, 1.150537, 1.331936, 3.456396, 1.649086, -1.230648, -9.645824, 2.389633, 3.141380, 1
1.931391, 8.527792, -3.826260, 1.988272, 4.046940, 8.302553, 9.812403, 4.463285, 3.525013, 5.442863, -3.141872, -2.254654, -0.883465, -7.012068, -1.780071, 3.031399, 8.434999, 3.102791, -1.144470, 4.215620, 8.100586, -0.717251, 1.680122, -2.450760, 11.245012, -1.834393, 1.913939, 4.849648, -1.140429, 2.501734, 3.250599, -4.108561, 1
-1.210897, -2.570318, 4.188231, -4.962660, 9.918697, -5.054201, 3.317017, -6.999830, 6.383196, 2.346096, 2.089842, -4.312366, 5.707481, 1.561592, -0.122097, 4.433201, -2.127075, -2.429089, 0.708714, -3.449558, 1.374067, 3.746717, -0.349834, -0.962831, -2.280375, 11.936499, 4.307894, -5.921256, 5.492220, -8.365724, 0.706341, 5.248495, 1
-5.593035, 8.499910, 0.563431, 0.587488, 9.540491, -0.581291, -6.762706, 2.485365, 8.631260, -1.137564, -5.411109, 1.016172, 1.791456, 9.543362, -6.822723, 6.128328, 2.649469, 6.337616, 0.419638, 5.563202, 1.561703, -2.201433, -7.092564, -1.790621, 2.871124, 2.692532, -1.636587, 5.097181, 11.017126, -2.177874, 8.463749, 4.481960, 1
5.303694, -4.025209, 1.910261, -3.405869, 8.478819, -1.633148, 1.334398, 0.083555, -2.621908, 5.536865, 1.464298, -5.831947, 1.173731, -3.410940, 11.791574, 0.248262, 4.588430, 0.499521, -0.780664, 7.648266, -1.596571, -8.545122, -4.003429, 10.119629, -3.143568, -2.404778, 2.261917, 1.810303, -1.565769, 2.233248, -0.972519, 0.796570, 1
12.503279, 1.264839, 4.708775, 0.145401, 8.580477, 1.081564, 10.343576, 0.630871, 6.488880, -2.554785, -4.878727, -6.079366, 7.249424, -1.673019, 4.194483, 5.197504, 6.296276, -1.782948, -2.990601, 6.329735, 1.075247, -1.066282, 2.905508, 6.320179, 3.339689, -6.308890, 8.770994, 4.514639, 1.520948, 1.433455, 7.839802, -8.422370, 1
1.111671, -2.624403, 3.819098, 2.737453, -5.560229, -5.871769, -0.857357, -1.095388, -0.542057, 3.330500, -3.423693, -1.738295, -3.313259, -2.483683, -1.897415, 7.577925, -11.303585, -1.206699, -2.213535, -2.821781, 3.420723, -10.464067, 1.710390, -1.672712, 1.007919, -4.384398, 4.629513, 5.538683, 5.261883, 4.132792, -8.132022, 4.233900, 1
0.429609, -1.795074, 0.800993, 3.807888, -0.773382, 2.448990, 4.605219, 2.080597, -3.021080, 3.668203, 5.971024, 1.389822, 4.792583, 1.582474, 0.926733, 11.905046, 4.259663, -1.033794, -0.562931, 1.470341, -0.809664, 3.147202, 3.429142, -5.410104, 0.441290, 1.277838, 2.004988, 2.334593, 6.380463, -7.529665, -0.349382, 4.112148, 1
0.760841, 7.772848, 1.498306, 3.462595, -4.907499, -1.546455, 3.516090, -4.064571, 2.932148, 6.372025, -0.276831, -2.254433, 1.032814, 0.709074, -1.929863, -2.209044, -1.904135, 1.147408, -1.116829, 8.656975, 3.642345, -5.120574, -4.058912, -2.669132, -1.376287, 0.668852, 9.955542, 0.487154, -4.293007, -1.634405, 2.449549, -3.974215, 1
3.885088, -6.811802, 4.380032, -2.614485, 7.936140, 8.077646, 3.599142, 1.091949, -2.723944, 4.028343, -5.962036, -4.265543, 11.535280, -3.019501, 3.913422, -5.690825, 8.256651, 3.838125, 1.990597, -1.660341, 3.093851, 9.852921, 4.026251, 5.545685, -2.138258, 2.297688, -0.948181, 6.712719, -0.020548, 2.005228, -7.580840, 6.055120, 1
-0.021223, 4.586576, -3.787752, 5.467659, 0.221420, -0.101820, 4.126808, 3.037491, 4.580912, 2.139471, 2.810013, 3.696056, 2.006685, -5.243163, 1.395466, -2.350780, 6.082243, -1.970230, -1.654947, -3.376167, 3.757261, 12.885481, 4.450611, 4.701492, -1.033478, 3.121309, 0.304161, 4.664715, 4.061611, 1.759020, 0.573921, -4.509487, 1
5.045959, 4.230322, -5.767554, -1.554438, 3.448175, 1.656052, -5.886177, 10.142260, 4.196342, 4.115860, -3.309057, -9.175623, 0.877398, 5.706251, 1.829615, 2.894510, -3.724136, -0.937801, 6.144743, -3.549347, 2.680340, 1.188471, -2.097767, 0.854443, 4.109856, 7.514925, 1.660057, 2.181988, 0.360106, 11.532976, -4.029142, 3.606556, 1
0.902044, 3.993309, -5.149483, 8.481464, 9.470879, 5.784262, 3.051874, -6.147215, -5.857544, 5.549879, 1.554142, 7.227659, -4.160984, 1.558136, 0.451960, -1.132174, 4.031269, 4.155409, 4.532545, 0.511000, -3.823589, -3.010973, 3.662947, -4.543800, 0.771261, 8.406319, 8.745268, 0.581066, -2.653257, 0.875746, 8.370138, 2.710020, 1
-3.022936, -0.668331, 3.611280, -1.792519, 3.269867, 0.459845, -0.563864, -0.270102, -5.030031, 2.496586, 2.588751, 3.151899, -1.424690, 6.651873, 0.439171, 2.801922, -2.445585, -4.618116, 4.144169, -0.065796, -5.674110, 3.495117, 3.760334, 7.139713, 3.897339, 6.638496, 5.142721, -0.059475, 5.050257, -0.856192, 8.102695, -6.221702, 1
3.417370, -6.865479, -0.411097, 9.125872, -1.094742, 2.063944, 8.944418, 3.117365, -0.837229, -2.206211, 1.646986, -10.317393, -7.161874, 2.986053, -0.142265, -0.716810, -8.559764, -2.833784, 4.028254, -5.015072, 6.419065, 4.843784, -0.447630, 12.459269, 1.441740, -1.151440, -0.674541, 5.391350, 3.051119, 0.443203, 3.423588, 6.837233, 1
3.643190, 1.316881, 3.359087, -6.830158, 2.165108, -1.073206, -6.929643, 7.589828, 3.977608, 0.877199, 0.133663, 0.383499, 1.453646, -0.452757, -2.824005, 1.986530, 8.996914, -2.824919, -8.735346, -0.913679, 2.318361, -4.492144, 2.038691, 3.022934, -3.097717, -3.399521, 5.981764, 0.821739, -11.413380, 8.752499, 2.227106, 1.413414, 1
9.904495, 1.492180, 3.023376, -4.566757, -4.086391, -3.096764, 1.862452, 8.186977, 1.024767, 8.724106, -1.567074, -3.649586, 5.410141, 3.865971, 6.145931, 2.962950, 6.499720, 0.672417, 5.326574, 9.757652, -2.276628, -0.344692, -6.597913, -0.137594, 0.648071, 6.696709, 3.582645, 3.853716, 7.901016, 6.949230, 4.061874, 5.280563, 1
-0.935387, 0.158411, 4.545727, -0.191589, 4.973503, 7.060364, 1.390837, 4.426619, 7.226524, 3.923681, 4.944933, 2.376020, -1.659782, 8.907074, -4.405703, -2.758810, 5.875765, 2.189104, -5.411244, -7.547306, -3.698593, 4.461119, -0.784998, 6.293554, -5.710844, -2.965744, -0.758825, 0.249166, -3.530796, 3.852482, -3.908360, -2.715258, 1
-6.804511, -1.923824, 5.360834, 0.270496, -0.049347, 0.362698, 3.391539, 1.764605, 0.966833, -2.356272, 5.842888, 4.239798, 2.232479, -0.752287, 2.941597, 4.140434, -0.879633, -1.152227, -0.709402, 2.294271, 7.649647, 0.231438, -6.205000, -5.336973, -8.165438, -0.291168, 12.129686, -7.364839, -9.370144, 6.910786, -5.405593, -0.524422, 1
-6.271142, 8.072342, 3.056812, -8.474519, -6.976666, 2.327106, 2.144814, -0.998293, -4.310160, -3.582129, -0.897131, 4.050737, 0.553877, 6.374693, 7.320827, -4.129278, 1.134857, -1.099855, -4.242277, 7.110991, 2.878712, 5.627295, 1.280357, -1.656855, 1.632387, -4.713917, 0.115774, 4.287870, -5.170792, 3.789345, 2.150805, 2.929100, 1
6.268053, 2.769238, 3.622486, -5.550265, -3.839390, -4.426331, -4.747507, 1.264887, 6.407251, -8.038462, -0.670702, -2.574266, 0.867510, -0.694752, -2.754282, -0.088915, 1.040129, -1.186781, -4.982338, 0.542868, 1.251635, 1.569185, -6.080399, -0.622160, 3.564451, -10.456424, -4.080029, 4.949102, 7.642019, 2.555988, 4.423466, -4.543703, 1
5.858511, -3.925488, 5.675663, 0.736273, 7.635189, 0.293901, -0.855934, -2.309879, 7.301702, -4.070543, -0.998213, 8.307392, -1.414289, -0.378160, -4.040913, -3.404137, 2.016670, -6.360347, 0.871426, 2.229923, 0.594919, -2.917557, 3.706278, 0.077742, 1.547264, -5.435223, -0.918964, 2.355284, 4.387259, -1.942915, -8.339131, -1.716951, 1
2.539465, 6.456757, 4.444862, 3.236376, 4.712019, -4.505013, 2.993128, 3.007511, -5.921777, 0.547949, -7.882485, 2.302755, 1.829145, 6.772449, 4.989698, 3.985680, -5.439845, -5.985823, 0.838839, 0.355810, 5.035681, 3.044348, 1.810574, 1.630745, 9.641232, -4.070154, 4.978983, 2.354820, -0.877319, 9.887062, -3.989105, -2.003275, 1
-1.974049, -6.843352, 5.960815, -2.292212, -0.507139, -1.531054, 5.199688, -0.398745, 1.554449, -2.936604, 3.878515, -0.255547, 3.324732, 0.484957, 0.240349, 4.190208, 6.882515, -0.367302, -1.486786, 0.009857, -1.274265, -6.791559, -2.532475, 6.325191, 6.829006, 3.468903, 3.759703, 1.145472, -1.732508, -6.983624, 5.405241, -6.912008, 1
4.702471, 3.098341, -0.423496, -1.862358, 0.941166, -8.055512, -2.679586, 3.304930, 6.004311, 6.004543, -3.216669, 5.367226, -0.513016, 2.332556, 1.659082, -2.759211, 5.358578, 0.297188, 0.790117, -2.409140, 8.016335, -0.980677, -1.011194, -1.213535, -4.157211, -1.481531, 5.689152, 8.455860, 6.410997, 10.557976, 0.342625, 10.635042, 1
14.139635, 10.584158, -1.724201, -0.228065, 0.641199, 1.773230, 12.903086, -2.811634, 1.290035, 1.221666, -1.250147, 5.090519, 1.832380, 1.308769, -0.207752, 6.446409, -4.964781, 0.182602, -5.388237, 6.010851, 4.080299, 3.486099, -0.055965, 1.709530, 7.440865, -12.283364, 5.014839, 0.552370, 1.762642, 1.375879, 3.182749, -0.140240, 1
4.820045, 4.802732, -2.096373, 0.919449, -2.594196, 1.350056, 2.943180, 1.136124, 5.341217, -6.054980, 0.562006, 7.670439, 2.955050, -2.690239, 4.949657, -0.653158, -5.489285, -12.622022, -0.030163, -3.526577, -0.442051, -0.984892, 1.239832, 5.547014, 1.351267, 4.772375, 4.013981, 10.479359, 1.145216, 6.242254, -1.296835, -0.989216, 1
9.533787, 5.429029, -0.812399, 1.811131, 5.511145, 2.484346, 6.692726, -0.295448, -0.864901, 5.092482, -5.671345, 0.424994, -3.262325, 10.154921, 3.646502, 2.163574, 4.828077, -5.876231, -1.893431, 1.790243, 5.048239, -0.394011, -1.691803, 9.379892, 1.486738, 6.454065, 6.489529, 5.207558, 2.496881, -0.307665, 4.806070, -0.730394, 1
-0.144588, -1.148296, -5.170024, 0.282576, -6.952915, -2.559269, -0.977587, 7.359077, -1.318523, -0.229616, 12.031908, -2.299713, 6.661930, 6.276978, 1.642210, -0.166817, -2.912813, -0.717358, 0.399878, 0.101231, 2.772388, 2.890472, -7.288340, 0.439947, -3.766537, -0.759367, 4.529882, -1.546961, -10.317539, -11.502933, 6.285690, 3.225422, 1
5.402330, -2.307970, -3.183643, -8.985494, 3.291367, 2.714176, -1.362156, -2.204502, 2.220163, 7.695454, -8.092034, 0.855042, 3.067688, 9.222878, 5.349054, 2.913124, 3.608576, 3.889965, 3.934847, -1.260160, 0.408978, -4.841663, 6.205368, -0.926325, 5.080683, 8.643353, 6.647209, -5.799321, -1.021816, -5.552546, -0.217577, 5.359375, 1
1.576614, -3.631418, 3.655117, -0.616928, 2.555002, -2.904955, 4.355026, -1.395735, 1.667099, 1.943497, 8.845533, 7.826641, 0.572086, 2.602543, -5.225635, 7.431034, -2.020666, -6.519328, 1.823805, -5.655628, 4.139137, 8.145304, -2.685244, 1.517422, 4.103622, 4.923969, -6.684436, 3.126423, -1.914640, -3.440512, -3.176083, -0.256117, 1
5.038534, -0.547773, 1.535263, 1.761751, 5.137627, -8.581001, -7.386146, -2.831627, 0.410315, -5.120273, 1.817993, -2.708191, 6.230837, -2.000366, 0.147730, 0.104944, 2.172764, 8.998476, 4.732962, -3.736732, -3.983709, -0.197145, 0.134699, 4.130121, 0.101141, -1.084146, 2.026709, 1.781122, 4.716522, 0.062395, 1.698235, -1.232529, 1
0.133024, 3.266424, 6.029156, 7.677032, -6.519703, 5.992018, 4.903519, -10.311271, 2.646196, 4.894163, 2.722471, 3.018284, 10.947550, 0.790909, 0.778536, -0.750769, -2.609978, 1.486769, 7.563036, -2.876444, -3.528431, 9.991623, 5.893299, 2.972486, 0.949402, 2.233246, 2.345499, -3.641520, -1.013865, 4.418587, 1.645624, -4.435692, 1
7.998043, 4.011232, 3.577133, 2.862904, -3.691576, 0.029133, -0.190933, 2.839270, 1.462624, 1.744087, 6.643631, -7.304096, 5.259178, -2.926567, 6.419502, -0.901417, -3.631685, 8.388708, 4.567614, 4.757282, 3.526499, 9.483124, 4.396477, -3.915174, 4.571718, 0.151468, 0.320614, -5.323847, -0.724161, 1.228703, -0.246025, 5.132154, 1
-0.336912, 3.730978, -7.233305, -6.020003, 1.713287, -3.922657, 1.878235, 2.382393, -0.686478, 0.569881, -2.028795, 8.840212, -1.426558, 6.831921, 0.896711, -4.483297, 2.102823, 4.314146, -7.558597, -0.011255, -3.084406, -0.210745, -4.427376, 0.598103, -1.301825, 4.219868, 7.103779, 4.678871, -4.303164, 10.154703, 3.382549, 5.666584, 1
0.569725, -3.535513, -0.018793, 9.115042, 3.321835, 11.325460, -1.428814, -1.398285, 0.867628, -0.740353, 2.073071, -3.592928, 4.092167, -4.070343, 5.572605, -2.665457, 2.045126, 1.528341, 0.015957, 7.838818, 0.374643, 2.935677, 0.245388, -0.907906, -2.180620, -3.648888, 4.966644, -3.707306, -9.514597, -2.286983, -1.540745, 4.643885, 1
0.691050, 3.047129, 1.926447, -6.935607, -0.096962, 2.775103, -5.856174, 5.897984, 3.176569, 6.735006, 4.406569, -4.499758, 3.456276, 3.656071, -9.559174, 3.732109, -0.877901, -3.710861, -1.388479, 0.419542, -3.470753, 3.243471, -0.472004, 5.858139, -2.044355, 0.332214, -5.590013, -0.547606, -3.666660, 7.118113, 4.695704, 0.469284, 1
5.996120, 5.317774, 0.299910, 0.432699, -0.090353, 0.496611, -1.059677, -2.862051, 0.823339, 0.480917, 1.333628, 2.229525, -5.161773, -1.343159, -0.303415, -6.647323, -3.794928, 1.439682, -0.176126, -3.544743, 6.926874, 0.842863, 8.440956, 6.656685, 1.203188, 0.828512, 4.701313, -6.195806, -2.389545, 2.820326, 12.554789, -7.172830, 1
1.980919, -3.789772, 0.401144, -0.472662, 7.559423, -4.406927, 1.659271, -0.227211, -5.356746, -2.013866, 7.451736, 3.670170, -0.138039, 5.822727, -1.880983, 5.580509, -4.284618, -2.119806, -0.625156, 7.462875, 0.294233, 0.307266, 5.971296, 6.999941, 3.886637, 2.408503, 2.184807, 5.196484, -11.249256, -1.064859, 3.669968, 9.037863, 1
-0.462261, -0.785364, 5.308535, 1.270565, 7.522884, 4.311897, -0.299763, 7.872583, -1.936390, -1.361479, -2.126961, 6.971294, -5.625789, 12.238035, 5.719482, 5.403954, 0.958426, 0.746365, -1.207743, 2.161894, 6.441273, 0.949030, -3.545250, 5.694235, -2.367830, 2.191109, -2.302067, -8.894567, -6.038104, 8.181368, 5.066116, -0.702333, 1
-3.347256, -6.941492, -1.670025, -2.849499, 8.294453, -6.851699, -4.736217, 3.352739, 3.683849, 4.898760, 0.913061, 11.703913, 1.661194, -0.110741, 8.189617, -0.269800, -0.544596, 3.511633, 3.111040, 6.684744, 0.074221, 4.045334, 8.100714, -5.474614, -2.067787, -8.539309, 4.454172, 3.568741, 8.741999, -0.081882, -1.795294, 5.315151, 1
-3.162092, -2.011600, 7.410089, 3.062391, -2.602537, 6.257137, 0.185595, 0.309540, 6.444761, 7.197878, 3.093893, 4.720284, -5.000378, -2.102245, 6.415474, -0.225798, -1.849085, 2.388847, -2.785280, 0.192255, 0.548790, -4.467859, 4.764572, -9.130527, 3.709946, -1.094946, 1.566772, 1.333233, -1.617430, -1.042549, -0.740791, -0.829065, 1
6.584320, -2.578699, -3.255878, -4.389969, -4.042196, 1.424845, -3.297295, 0.491629, -1.165005, 7.233633, 3.553942, 8.262609, -6.223450, -0.688463, 1.243607, -1.399124, 4.174274, 5.617727, 2.434929, -2.210171, -10.438334, 0.898970, 8.884089, 5.630981, 1.512428, 5.907785, -7.547949, 1.110241, -0.401775, -3.942368, 0.476118, -2.938892, 1
2.133009, 4.407593, -2.441912, 1.963572, -0.603859, 1.423923, 3.915251, -1.820660, 0.489305, -2.752943, 0.158546, -2.575905, 2.576008, 4.200920, 4.213865, -2.412605, -1.667681, 1.393984, -1.899075, 3.371046, -5.290876, 10.026197, 3.776657, -3.063585, 3.604847, 7.592392, -1.427677, 6.365870, 5.347609, -0.752678, -8.324285, -7.284440, 1
1.278563, -3.448944, 4.359818, 4.602852, 4.249887, 3.343903, 7.699924, 2.276327, -0.559338, 0.830576, -3.063015, 4.904737, -2.758148, -0.839514, -0.829655, -1.831394, -7.366850, 4.648602, 0.575886, 3.019846, 1.484373, -1.034433, 3.357655, -5.321557, -0.923252, 12.100523, 0.594599, 9.860468, 1.435923, -6.753770, 6.691265, 1.875742, 1
-4.171049, -3.112898, -3.937286, 0.629034, -0.403976, 1.594446, 12.196924, -2.107931, 2.273825, 7.320175, 7.455999, -0.321095, -0.855518, -3.276297, -5.799349, -1.224876, 2.582121, 10.920734, 2.424904, 4.609709, -1.034468, 1.248417, -6.948211, -3.836235, 0.287907, -5.855126, 7.870501, 10.677610, 3.233017, 6.344669, 1.425076, -0.799168, 1
-0.504375, 2.040857, -3.030933, 0.960735, 0.046791, -4.596342, 0.600117, -3.395798, 8.733564, 1.558912, 1.905012, 3.341576, -3.917646, 1.335533, 7.687202, 2.659578, -5.562121, -3.953003, 0.066837, 0.361435, -6.696025, 3.360226, 1.472836, -0.581701, 0.498987, 4.048956, -1.384426, 2.756866, 2.260258, 6.601824, -2.510210, 5.263876, 1
-2.094931, -2.370070, -1.606771, -3.275564, -8.403656, -5.490848, 0.665003, 6.350481, 1.465191, 0.351896, -3.051416, 7.105507, -1.560108, 1.742477, 0.858938, -8.023637, 6.816332, -1.039686, -0.697943, -7.638033, 3.260201, -0.428774, 1.633121, -7.078645, -6.740526, 3.010197, -7.299049, -6.426118, -0.527887, 5.133871, 2.422670, 0.089725, 1
1.821966, 10.828388, -4.581671, 3.807041, -5.473933, -0.107979, 11.039331, 0.568699, 0.032137, -8.220686, -2.258104, -1.473867, -2.421776, 4.033703, -5.790409, 0.903496, -6.123080, 6.170645, 3.501343, 2.761574, -1.574385, 0.890034, 1.508732, -2.927448, -3.331135, -0.741034, 3.905212, -1.941860, 7.627628, -5.718882, -1.848503, 0.890951, 1
-8.173135, -0.832039, -2.994223, 3.907557, 4.511509, -0.412836, -13.768818, -6.292338, -1.283062, -0.247150, -0.482836, 2.995672, 7.783108, 2.005640, -2.209051, 5.045912, 0.537722, -4.544949, -3.846188, 1.741419, 2.785204, -3.187435, 3.648804, 0.489874, -3.218805, 10.980623, -0.651253, -4.266312, 0.692900, 8.066532, -0.268452, -3.897245, 1
1.168930, -1.970427, -1.999851, 2.119341, -0.069864, 0.288664, 7.400631, -2.018589, -0.857544, 2.125332, 1.278748, 2.408577, -2.381405, -3.573874, -0.500546, -5.494700, 1.335234, 0.661640, -0.183859, -1.193407, 1.703255, -5.162663, 2.739815, -1.669310, 0.410017, -3.734823, -1.583467, 0.706268, 1.043867, 2.190611, 3.003548, 2.397146, 1
6.087646, -0.197447, 0.707331, -0.746729, -0.287010, -4.202232, -0.367928, 6.589075, 2.432838, 0.126846, 1.092289, 2.249010, 1.346104, 6.195288, 3.416605, -0.260885, -0.792002, 2.673080, -0.499952, -6.348696, -2.093203, -1.834204, 4.662537, -0.485863, 9.419943, -2.423130, 3.066683, -3.868681, 11.916807, 3.827385, 1.174746, 2.475258, 1
-1.517395, -0.673267, 0.502451, -7.485970, -1.001497, -2.977623, -1.800472, -2.930319, 4.438982, -3.562939, 2.208494, -3.535194, 2.155407, -0.876980, -3.467470, 2.032343, -0.181801, 3.127756, -6.327481, 2.868992, 2.990143, -8.220778, -1.373606, 4.884180, -2.385263, 4.021196, -2.760885, 2.810987, -2.691195, 1.592531, 0.815338, -3.763115, 1
3.382957, -2.862520, 5.789934, 5.861864, -8.545105, -2.848040, 5.511702, 2.301382, -3.578867, -4.052797, 5.679762, 2.656883, 8.939283, 4.918369, -1.909376, 3.012217, -9.509661, 1.888935, -0.784548, -5.383688, 3.010937, 6.787472, 4.767313, 0.604866, -4.560205, 3.408932, -0.046040, 6.717335, -0.389624, -0.617733, -2.498837, -7.096815, 1
-2.335054, 1.670204, 5.646990, 3.987494, -5.368409, -1.009344, 5.998903, -6.335779, -6.732320, -2.776300, 2.837130, 4.415735, 0.823101, -0.276617, -0.426989, 4.625835, 2.340014, 0.209370, 4.924013, 3.312529, -5.252590, -0.718317, -0.572144, -5.128917, 5.108011, -4.314604, 2.459654, 6.491682, 0.054539, 9.914921, 1.443033, 2.471590, 1
1.169565, -1.298548, -2.895969, -3.353483, 3.925745, 3.392572, 2.848633, 4.957111, -0.334703, -0.863897, -4.621733, -1.325211, 4.128042, -7.843163, -2.138931, -5.737754, -1.022461, 11.338503, 4.077183, 7.749020, -9.176251, -5.535310, 9.342567, 1.579220, -2.856691, 1.548634, 8.517284, -1.386339, 5.944141, 8.374012, -1.493853, -0.961523, 1
2.177290, 0.353882, 0.719774, -6.567616, 7.984110, -1.382935, -3.649681, -2.758217, 2.033575, -8.897264, -4.006279, 7.553356, -1.362490, -0.831270, -8.879532, 7.182957, 1.147367, -6.427917, -1.958599, 1.720110, 0.446980, 3.413633, 5.700943, -5.056583, 2.860336, 9.601437, -1.920948, 4.828711, 2.839781, 4.084377, -2.127470, -4.611729, 1
2.991560, 1.747694, 4.723429, 6.080559, 3.927357, 1.703386, -1.412338, 2.594065, 0.776346, 2.362537, 4.195206, 2.997368, -0.301117, 8.906580, -4.495743, -0.227690, 3.077183, 1.091681, 1.732401, -0.842499, 1.321148, -5.008514, 2.361719, 0.308039, 6.947510, 10.149881, 4.525387, -1.250738, 3.884655, -8.771541, 0.576271, -1.046391, 1
-8.202749, -3.816233, 2.535820, 2.227804, -1.221111, 1.208096, -3.280613, 4.751303, 4.129208, 9.386803, 4.910086, 6.842922, -2.066500, -2.237862, 9.827391, 4.623358, 8.890335, 6.420034, 0.539293, 5.581312, 3.550381, 3.904966, 4.881742, -5.902202, 2.184877, 1.456308, 0.760731, 4.559639, -3.808908, 0.475704, -1.315147, -4.605476, 1
0.078293, -3.370941, -1.951284, 1.869917, 3.547443, -1.935307, -11.235923, -5.888693, 6.789009, -2.610912, -5.727537, 0.893858, 2.237135, -0.418673, 0.513449, 1.602930, -3.352825, -6.130474, -1.573387, -8.722450, -0.201080, 5.773481, -1.048054, 5.695263, 0.267687, -0.131989, -9.808915, 1.969624, -7.158685, 2.793631, 2.954287, -0.570559, 0
0.287750, 6.009249, 3.705252, 2.511843, 5.065895, -5.375330, 6.996004, 0.984831, -1.171478, -6.677790, -3.615177, -0.208570, -7.541210, 2.045456, -3.001465, 6.576536, -1.730698, -2.408125, 2.371134, 3.796761, 11.311914, 2.549477, 3.265244, -7.269465, -1.626429, -1.325510, -1.185507, 5.753391, -4.982830, -4.372444, -5.801090, -2.715359, 0
5.864313, 6.423805, -1.123196, 1.603727, -5.069510, 4.343695, -2.462835, -3.079723, -3.841688, -3.412018, -7.080659, -9.889718, 6.240946, 1.288383, -1.304033, -0.432541, 3.444231, 0.017941, -7.550442, 5.190203, 2.954958, 0.668089, -7.609254, -2.044207, -0.557392, 4.733828, 4.270536, -6.736834, 2.156303, 0.533760, 5.576710, -5.012730, 0
-0.230791, -2.536427, -8.694969, 0.059765, -2.225006, 1.818958, -2.955679, -8.817228, 1.795980, 0.447048, -3.748058, -2.180372, -6.228672, -9.920293, 8.872576, -1.083366, -2.463676, 4.575239, -8.523850, 5.588629, -2.507502, 1.103159, 6.555588, -5.958557, 0.385843, -3.947857, -6.806034, -0.885912, -2.316196, -1.667126, -0.348143, -1.106991, 0
2.768677, 4.152824, 3.880302, 1.447960, -2.753075, -0.845907, -6.004831, 2.295071, 4.733862, -5.825624, -3.980886, -0.618181, -3.645716, -3.289471, -0.915102, 4.486961, -0.579409, -5.673506, -2.036940, 5.679609, -0.536100, -4.277109, 6.399336, -3.224155, 0.887907, 0.352301, 0.847342, -1.210752, -2.856396, -0.861034, 7.225452, 1.253660, 0
-3.746531, -4.363556, 0.900639, 3.255819, 1.725094, -1.851627, -3.012236, -2.308638, -6.264904, 3.418589, -0.858566, -0.357784, -1.435162, -10.109698, -7.079874, -8.437897, 2.210005, 2.157572, -0.479488, -2.140301, -1.348465, 2.499002, 1.906656, -2.441261, -1.809549, -3.953215, -0.560822, -10.951056, -2.668808, -4.858789, -2.046030, 2.163536, 0
1.997766, -5.237631, 1.878790, -7.388019, 2.504595, -7.266738, -2.753355, 2.054354, -2.049309, -3.834473, 5.316538, -1.749153, 5.995724, -5.878185, -9.105491, -4.015554, -1.067654, -3.939344, -4.239973, -2.938772, -0.704441, -2.791809, -6.050613, 1.425678, -6.389252, -4.038549, 0.290731, 8.216257, -3.463308, 0.392832, 1.074375, -7.638382, 0
4.903008, -3.687901, -8.639967, -1.467100, 2.998449, 1.004158, -1.608315, -1.577974, -5.371086, -1.008125, 6.522221, -4.541899, -5.858305, 0.114458, 0.829582, 7.002792, 3.853243, -2.500353, -2.168840, 1.442842, 3.641373, 5.094379, 5.431389, -2.747906, 1.505877, -1.983265, 5.797859, 1.618523, -0.424364, -6.006380, 6.384411, -0.970909, 0
-2.212193, 2.907440, 0.524660, 2.149229, 0.108980, -2.452353, 1.614059, -2.771032, -4.403679, 2.845835, -2.871326, -8.624763, 5.687958, 5.622490, 9.365637, 6.064825, -8.545562, -7.467004, -3.626453, -12.035817, 2.792536, -6.888771, 2.147858, -3.715279, -2.333021, -3.611462, -6.223959, -2.921217, -5.615715, -0.716850, 2.432810, -6.230677, 0
-8.169021, 6.156256, -1.771374, -10.248940, 0.236032, 0.432663, -2.429077, -2.094151, 6.178650, 3.707417, -5.729155, -1.570375, 6.711285, 3.243404, 4.093718, 2.808489, 4.173815, 0.895815, 4.605633, 6.347231, -5.956247, 4.213148, 1.138597, 0.424417, 4.313169, 2.557680, -1.099716, -1.340679, -7.503988, 2.521198, -5.697195, 4.008997, 0
-5.104160, 0.981129, 0.694717, 1.595289, -2.759584, -1.482065, -4.135464, 0.292774, -0.136152, -0.720287, 1.774242, -8.475061, -5.089855, -5.480919, 1.508648, 5.974190, -5.921280, 5.536236, 0.559223, 2.191961, 5.037045, 4.457996, -0.532690, -9.993531, -5.233700, -3.359629, 1.314245, 1.563606, 4.070871, -0.878662, 2.598753, -6.617958, 0
-2.844025, -1.265982, 4.107363, -3.147537, 1.899246, -4.716328, -2.724855, 6.750000, -9.986996, -6.098820, 1.683578, -2.900879, 1.334614, 0.444529, 0.994516, -4.690546, 0.595047, -1.795860, -2.420702, 1.560400, -0.149256, -3.158390, 4.071739, -1.532604, -1.373924, -2.699450, -0.201729, 4.484194, 1.250277, 0.817242, -2.815125, -0.550545, 0
-8.489771, -1.149254, -10.892196, -4.922075, 8.001820, 0.302168, 0.223135, -4.872633, -11.024730, 4.053728, -4.828901, -7.971372, 6.612755, 0.839697, 1.220991, -2.524616, 6.623085, 9.217714, -1.397587, -3.531731, 3.453714, 3.694429, -2.076672, -5.851791, -4.780535, -0.508556, 0.287430, 1.824347, -0.139328, -1.964895, -2.631044, -4.760492, 0
10.394629, -0.108505, -0.202574, 1.847361, 5.101120, 3.218618, -1.122267, 13.718370, -4.600281, -3.922571, -1.680643, 9.710615, -1.116463, 7.134106, 2.725052, -6.418936, 3.671125, 6.779247, -1.482630, -6.504763, 0.551010, -1.510399, -0.400930, 3.975809, 4.499178, 5.550884, -0.040144, -4.113302, -7.527486, -0.065666, -5.564623, -3.898733, 0
-10.832895, -2.751818, 4.187590, 2.282034, -10.217764, -10.294517, 0.883224, 5.449644, -3.901545, 1.648087, -3.242264, 1.787777, -1.377672, -1.363159, 2.671509, -1.016163, -2.483669, 3.925709, 0.797096, -1.586248, 0.758995, -1.657299, -1.758251, 2.326759, 5.162199, 3.306412, -3.277412, -6.121666, -1.456232, -8.442745, -2.354309, 5.023775, 0
2.911343, 1.325512, 5.056540, -4.196968, -0.678926, -4.295135, -1.465387, -0.611446, -1.504696, -4.379333, -1.008759, 2.357288, -8.995776, -1.972530, 4.439232, -2.629469, -5.257746, -5.536867, -2.751783, 0.809885, -4.603960, -5.396063, -3.077583, -4.786596, -4.580534, 3.525246, -0.347588, -4.953016, -0.447376, -2.192488, -5.193167, 6.372297, 0
-2.079447, 2.434361, 0.025951, -1.919174, -1.815386, -3.034847, 3.722254, -11.869745, 1.101557, 2.524281, 3.690189, -3.973421, -3.360388, -2.123772, 0.739256, 3.196165, -6.886370, -3.270193, -0.736275, -1.793226, -8.035463, 1.220730, 7.983812, -1.997433, -2.570740, -7.205188, -1.605694, -7.303987, 3.898846, -6.894630, -3.938780, 0.160734, 0
0.851931, -9.219593, 2.148663, -7.357702, 0.444735, -11.320722, 1.992653, 0.277458, 2.337976, 0.863628, 3.038370, 7.609478, -2.258133, 2.884262, -5.288858, -1.605639, -11.812630, -7.382429, 2.551163, -6.955292, -9.565217, 1.489950, -0.829981, -4.648005, 4.304844, -2.637854, -1.971495, -7.483516, 1.393606, 4.945009, -6.013197, -11.550533, 0
-5.074091, 0.681133, 0.531956, 1.844824, 4.921663, -2.029539, 2.700001, -3.696077, -0.324945, -5.465338, -6.908491, 3.320835, -5.271980, -3.548847, -7.843250, 1.121786, -6.755608, -0.873623, -1.791664, -3.098719, -4.345407, -0.264347, -4.502125, -3.521923, -5.478426, 8.150692, -1.576992, -2.327047, -1.415453, 3.889711, 1.543327, -0.662296, 0
0.172022, -5.051682, 0.863323, -1.624689, 3.093693, -1.466141, 4.156851, 2.450354, 0.429264, -2.726452, -0.750847, 0.832056, 0.785740, 0.732523, 4.561810, -3.789610, -0.357105, 0.392651, 7.043364, -3.106947, -12.988854, -5.778303, -6.901628, 6.926907, 1.667454, -1.613701, 0.069136, -4.844881, -3.413996, -2.111528, 1.654631, -3.328743, 0
3.966509, -1.921446, -1.855074, -9.622633, -0.198122, -8.120427, -4.820326, -3.163555, 3.867134, 3.292084, 4.728678, 1.990376, 0.159451, 6.327654, 3.237976, -0.133038, 4.063019, -1.962820, 5.769545, -8.525693, -0.427864, 3.577868, -5.877857, -10.757581, -4.818180, 3.291910, 0.328842, 0.941391, -1.401320, -0.171944, -6.392296, 3.287880, 0
2.113155, -1.831825, 3.074703, 6.365667, -2.134550, 5.368156, -0.922718, 6.617584, 1.403414, 0.527914, -3.972223, 2.383831, -5.846540, -2.992899, -1.419350, 1.782759, -7.307320, -0.933641, -0.409389, -3.626913, -2.381180, -3.842686, 0.234741, -2.493479, -6.134939, -1.065689, 6.228172, 0.911373, -7.865843, -2.764406, -4.345829, -4.366188, 0
-9.214491, 4.274971, -2.209454, -4.376352, -6.413015, -6.361193, 5.098680, -2.971361, -4.277357, 1.880230, -8.177593, -4.314869, 5.478029, 2.336817, 5.110748, 5.245897, -4.452923, -3.069788, -8.082736, -8.363724, -1.345701, 0.775223, -2.039553, 1.015791, 0.432949, -3.318117, 2.050335, -4.324360, 8.644068, 0.345760, -8.256342, -4.065939, 0
-3.476244, 2.801165, -6.722706, 1.018375, -6.970921, -0.856615, 1.434750, -0.275200, -10.269312, -4.445513, -2.521988, 4.455706, -6.097363, 1.582436, -4.448147, -7.924172, 0.310419, 9.045992, -8.342392, 0.313107, 5.342022, 2.059278, -2.424442, 7.192852, -4.562801, -7.596212, -5.092411, 1.378023, -3.699907, 1.595018, -1.115105, 1.793463, 0
6.548820, -9.665672, -0.743103, -7.958921, -2.410799, -0.771866, -5.357935, -2.762318, 4.298477, -2.234169, -1.204807, 3.520945, 1.474300, 1.264147, -0.161055, 3.798979, 8.401327, -5.236633, -3.652857, -2.574768, -6.480127, 2.210428, 0.448513, -8.162362, -0.336264, -2.252970, -4.677685, -2.308146, 0.767435, 8.546875, -2.073013, -0.556923, 0
-5.331945, -3.502893, -6.752811, 0.085726, 2.516312, 5.696079, 0.875475, -4.788740, 0.357353, -0.720739, 3.237465, -5.292255, 6.656336, -9.362269, 4.269905, 4.720547, -5.590357, -3.689131, -6.225468, -3.012144, -0.523520, 0.996624, 4.805300, 7.559828, 0.805502, 2.815657, 2.726242, -6.964783, 3.563007, -0.266541, 2.578241, 6.364515, 0
1.259693, -4.822622, 2.205278, 1.397173, -2.143560, -5.092838, 1.688538, 1.017710, -5.170126, 7.369345, 2.459885, -1.674780, -6.003193, -3.542961, -7.380291, -8.017678, -1.543789, 2.999493, -7.869575, -5.048521, -1.517878, -1.664192, -0.753836, -1.485912, 6.965065, -3.074366, 0.152924, 2.266479, -1.023945, 4.237614, -2.176767, -5.535437, 0
0.833158, 5.167503, 0.910582, -3.402021, 2.852747, -2.487942, -4.775560, 2.920395, -9.534125, 1.718946, -0.390093, -2.173706, -9.819344, -1.215387, -7.189408, 5.682690, -0.516741, -3.310526, -3.902559, -8.847284, -11.800978, 0.208765, 3.744211, -6.451830, 6.037914, -8.495692, 1.048353, 1.492748, -1.901463, -6.511944, -6.715364, -3.274750, 0
-8.610734, -0.545006, -8.034383, 1.051270, -3.558180, -1.750565, -4.131975, -1.163040, 2.972919, -4.992527, -2.678686, 0.792557, -2.732185, -3.266148, -10.248111, -1.217272, 4.269482, -6.989985, -0.913618, -3.989689, 4.188541, -6.460794, 0.408127, 6.189068, -2.799015, -0.808449, -8.524642, -1.581442, 5.144789, -4.617027, -0.552183, -0.058172, 0
3.145090, -4.027012, -1.567923, 6.399765, -2.506416, 7.372391, 0.793280, 7.262714, 3.400969, 0.115416, -1.263666, -4.620234, -0.485426, 1.404303, 4.461874, 4.436676, -2.187937, -10.294339, 1.948034, -1.995708, -0.404541, -6.899948, 0.193476, 0.276731, 3.500307, 2.341518, 1.460262, -4.303671, 2.094646, -2.658083, -3.267855, -6.869688, 0
-2.444319, 4.140066, -0.041941, -4.535069, -2.691542, 2.368217, -2.765188, 2.583525, 0.115971, 5.104206, -9.832744, 2.592014, 0.354555, -0.201759, -1.482990, 1.191212, 1.634888, -3.447319, -4.661816, -2.120695, -4.872494, 0.479774, 2.431961, -7.409017, 2.884991, -13.067437, 4.562931, 0.941771, 5.725616, -2.963421, -6.440207, 0.438366, 0
-2.733276, -3.619396, -7.126596, -2.042164, 4.479515, -6.316261, 3.078470, 4.033539, 2.559958, -3.011938, 1.355991, -6.521969, -0.078466, 3.037468, 0.044109, 1.298401, 0.436823, -0.130095, -0.011599, -0.383276, -3.964926, 8.058464, -7.761699, 0.140379, -0.742437, 2.467262, -2.527615, -3.771547, 2.599550, 1.992281, -3.472124, -2.278456, 0
4.634113, 0.307518, -0.996334, 0.981359, 3.776503, 1.338724, -0.536255, 0.439024, 1.071810, -2.345030, 0.407293, 5.866358, 5.367832, -3.577078, -0.208023, 1.690222, -2.702606, 0.055037, 1.528702, 0.016308, 2.674101, 0.382895, 2.131458, 0.271564, 3.497644, 0.722832, 4.705944, -4.598684, 1.787653, 4.269321, -7.419366, -3.726038, 0
-0.360062, 5.209520, -3.418480, -1.645868, 0.305311, 5.389257, 2.179363, -3.718666, 0.872330, -2.326160, -0.491034, -0.879238, -6.979715, -3.649113, -8.694207, 0.076731, -5.580669, -0.095404, -2.355093, -3.003727, -0.771843, 9.224894, -9.892366, 1.729366, -2.235945, 5.236692, -3.416952, 0.077314, -11.129558, 1.020985, -2.632078, 0.111675, 0
-5.311842, -7.753078, -4.373241, -4.582657, -9.104836, 5.083860, -3.732897, -1.237698, 5.443113, 0.488337, -0.665514, 2.896774, 1.253544, 2.742338, -0.136246, -7.367660, 6.077353, -0.284966, -3.392693, 0.598667, -1.440077, -0.147636, -6.211819, 1.016195, -2.648731, -4.728546, -7.973475, -6.474445, -1.101149, -0.324972, 6.909157, -0.869749, 0
-2.051065, -5.219776, -0.450697, -0.455038, -0.719669, 2.564220, -7.963057, 2.414364, -4.412014, 3.899242, -4.596123, -2.006933, 1.402361, -6.112438, 2.594296, 0.256945, 1.824757, 3.651924, 5.259802, -3.941198, -5.500162, -0.452623, -2.440693, -2.479300, -0.301495, 9.210970, -3.585268, 1.302092, -8.023467, 0.239628, 0.292509, 1.748873, 0
-2.576992, -6.082272, -1.508583, -0.321777, -5.075726, -10.275280, 3.571259, -1.629522, 0.748940, -0.947313, -1.737833, -1.501814, -4.124544, -3.776871, -1.266129, -2.275412, 1.256393, 6.802959, -4.255182, -8.496241, -4.069675, -2.525629, -3.013641, 6.569265, 3.055677, -0.996639, -4.396317, -5.246344, 4.774097, -1.388189, -0.963318, -4.568922, 0
-2.601509, -3.648516, 3.133310, -3.763784, 4.465942, 0.814619, -3.423985, -5.399855, 7.666492, 6.442255, 0.495190, 0.801617, 1.107613, -4.495451, -0.032284, 3.078476, -1.007294, 10.921297, 0.931623, 0.044512, -1.379543, -2.769266, 0.508038, -0.975004, -2.059252, 6.012789, -3.570389, 8.534552, 0.520424, 5.934372, 2.763893, -2.499062, 0
-0.406900, 1.319801, -5.406294, 4.742163, -2.463474, 1.257053, 0.698370, 0.466333, -3.625525, 1.927197, -4.729391, -0.214834, 1.236372, 5.380373, -0.853840, -3.018999, 4.642855, 1.805790, -5.612034, -1.708235, 5.487446, 1.462589, -1.981815, 6.329605, -2.618830, -4.294521, 4.829123, -1.381504, 0.627489, -1.721100, -5.291363, 0.424969, 0
-0.014423, 7.969803, -6.853899, -3.786980, -1.864071, -3.015175, 5.437067, -10.223555, 4.653217, 1.385611, 0.664396, -2.093695, -6.897966, 5.703648, -0.295630, 0.839266, -0.911165, 9.199251, 5.344894, -4.376747, 8.310081, -1.018887, 4.353638, 4.114147, -4.094618, -0.203953, -6.637890, 1.015825, -0.904150, -1.720308, -3.082006, -1.650394, 0
-4.783218, -6.072462, -4.657673, 0.950016, -2.198242, -7.480324, 2.259508, -8.188597, 0.244869, -0.810369, 1.293667, 1.003914, 2.989197, 2.988590, -1.647266, -4.109129, -2.848642, 6.645206, -0.971485, 3.442137, -4.459703, -8.920530, -2.122063, -1.619581, -4.894957, -5.534639, -1.611538, -9.414053, 3.554941, -3.893387, -3.950041, -1.364664, 0
0.797285, 7.418579, 2.664915, 1.535353, 1.615931, 3.462234, 4.487915, -0.221357, -8.533559, -2.082018, 0.036175, 3.818966, -2.403532, 0.570770, -3.826355, -1.922678, 1.905279, -2.977064, -2.925644, -4.814331, -0.281157, 1.996067, -6.590366, 4.278860, 0.976526, 6.627430, -1.831923, -7.656249, 0.085365, -0.351265, -2.316013, 2.498123, 0
-1.907366, 2.783783, -1.939537, -1.022747, -0.192514, 4.728771, -7.734477, 0.784405, 4.862284, -2.139053, 6.439037, -4.589018, -8.741348, -7.279133, -0.669210, -2.362049, 0.172331, -0.850399, -4.234596, -1.937227, 2.333570, -5.291748, -4.419689, 2.125204, 2.272411, -3.088308, 3.616571, -2.576342, -3.627045, -8.045577, 2.671694, -8.397315, 0
2.816368, -13.156075, -11.788063, 1.754246, -1.967323, -5.450453, 5.826170, -4.780554, -14.117299, -2.018064, 2.542295, -0.895035, -0.225143, 3.622677, -4.738201, 1.268711, -0.900717, 9.129976, -1.187000, 7.567553, 3.221560, -6.391443, -11.468448, 7.043919, -0.027292, 0.634150, -5.348135, 5.960148, 3.107025, 1.845011, 4.970980, 1.566748, 0
5.590342, 5.725519, -2.063442, -1.473955, 5.019558, -6.855488, -9.680569, 1.193142, 2.003498, -6.191385, -0.697880, -2.242397, 4.053072, -1.381355, 2.992222, -1.519344, -2.917599, 4.838398, -6.635941, 2.350252, -0.610462, -3.210779, 3.863104, 7.141033, -1.790382, -5.838768, 1.112303, -3.422644, -11.284947, 2.237619, 2.942520, -1.647442, 0
-0.318176, -9.443992, -2.319933, 0.595987, -7.628680, -4.754232, 0.871647, -2.572708, 0.575169, -0.978792, -10.401068, -8.541531, 0.204229, 3.731506, 1.668028, -7.977058, -2.475765, -1.069536, -0.118618, -3.666616, -3.986103, -1.014517, -6.769720, 2.678009, 3.311249, -8.715399, -6.814913, 0.991285, -4.310665, -3.918484, -5.586405, -1.243622, 0
-4.394455, -2.503645, -11.013806, 5.682163, -7.391868, -0.127163, 3.264244, -2.918709, 3.395882, 1.228046, -1.388823, -8.033895, -1.058928, -0.682365, 1.437263, -0.185144, -7.001511, -6.648636, -1.832197, 1.149038, 0.403990, -0.004835, -5.975735, 5.350498, -3.380569, -3.101643, 2.771799, -3.462847, -0.833382, -3.587156, 0.051241, -4.899364, 0
-6.337654, -3.897570, 1.889206, -11.695739, -0.272345, 4.802240, -0.556641, 2.584280, -2.321564, -3.009127, 6.648287, -1.839285, -0.817265, -2.941835, 2.959150, 6.222061, -1.032524, 1.042040, -2.307724, -6.534624, 3.004622, -4.082762, -3.015705, -7.505280, 9.233191, 9.189398, -8.322865, 6.270273, 3.203026, 3.279099, -3.070927, 2.407192, 0
-0.770088, -1.407122, 4.852142, 2.131737, 6.722580, -5.543686, -0.824755, 2.359198, -1.428947, -2.659616, -6.671537, -1.656109, 4.329285, 1.033091, 1.212257, 1.149256, -12.367114, -8.392365, -8.887279, 7.998936, -4.631657, -1.579878, -5.126274, -4.760242, 4.079403, -0.864204, -6.475475, -4.858513, -3.616615, 0.683676, 6.643993, -1.639830, 0
-2.337950, -2.946396, -1.524345, 2.919752, 3.576675, 8.008606, 0.921440, -4.689175, 2.465410, -1.989027, -5.656433, -2.908634, 1.599815, -1.295807, 2.365570, -5.061937, -5.622114, 3.213266, 0.337576, 3.433249, 8.037909, 0.484844, -5.558640, -1.887690, 1.114151, -1.474125, -2.056883, 0.949697, 2.038244, 3.113079, -0.668745, 0.279299, 0
6.232990, -4.565105, -6.804878, -0.570066, -1.688984, -0.801382, 6.891148, -4.322382, -6.079195, 0.223974, -4.580626, 3.272421, -3.008514, 6.751886, 2.752821, -3.214685, -7.268106, -3.280041, 5.554892, -4.393011, 2.246817, -1.091703, -4.647652, -1.886587, 3.816231, -2.674639, -0.760201, 1.837440, -3.019522, -0.657146, 0.257948, -3.047394, 0
-1.911695, -8.416798, -8.197147, -0.326351, 5.885584, -1.161230, -0.100857, -1.690926, -3.171766, -4.993208, -4.934109, -1.982880, -6.377817, -0.446066, -2.476210, 2.729261, 5.128641, -2.013531, -3.658884, -4.838917, -5.872551, 0.944664, 1.956747, -6.779655, 0.431705, -9.067536, 0.967440, 3.047401, 2.484388, -2.264881, -0.559326, -2.968815, 0
-7.543262, 2.694933, -4.302406, -4.148415, -9.012608, 3.669474, 6.563885, 2.294210, 4.154345, -1.675303, -4.325066, -3.576933, -4.054352, 0.784615, -4.897196, -2.346127, 1.262115, 1.323246, -4.751705, 3.681513, 2.604794, -1.730221, -0.870752, -2.846819, 2.715910, -0.298817, 1.485064, 5.679089, 7.199373, -3.770535, 1.971407, 0.051023, 0
2.663002, -3.504303, -4.064466, 4.653582, -1.671541, 9.126295, -10.884689, 2.657366, 3.773584, -0.597044, -5.160166, -1.155518, -1.633957, 2.269953, -4.265102, -3.656672, 2.528265, 7.357430, -2.974016, -1.225996, -3.362452, -6.925182, -3.310715, 3.242897, -2.772636, -6.405199, -1.441595, 5.237898, -0.421225, -2.198771, 0.220255, -0.887156, 0
-0.620146, -7.072460, -4.899370, -2.139830, -3.718534, -1.010956, -3.128578, 0.842405, -7.186005, -7.486151, -0.911564, 5.689276, -0.297079, -2.529068, 3.971485, -1.139591, 7.504610, -3.121578, 3.302507, 0.820887, 11.403448, -5.492163, 0.583328, -0.726227, -2.796022, -8.978293, -3.835403, 1.584715, 1.361904, -3.235367, -0.584312, -0.199652, 0
3.856659, 6.187382, -4.168575, -2.215860, 4.415411, 1.630877, 2.102505, 0.767582, 1.783779, -1.553938, 2.046028, -3.650438, 6.361141, 2.989086, -4.166229, -3.453365, -2.588522, -5.004635, -0.412388, -5.747904, 0.807116, 1.582119, 3.171427, -3.113319, 1.478048, -4.625000, -4.763786, -10.227371, -1.715609, 0.275379, -1.356329, 0.024029, 0
-1.620136, -2.800095, -0.029125, 4.768154, 0.215046, 2.886597, 1.972143, -3.587122, 4.699518, 1.436596, 8.384201, -4.895550, -1.545185, -0.123175, -3.848906, -1.027065, -1.049074, -0.327900, -1.554907, -6.922915, -0.269598, 5.344820, -1.027918, 1.572985, -4.752811, 1.069811, -8.804498, 1.695000, 0.001947, -6.791563, 0.747808, -1.939548, 0
1.214432, -3.656170, 2.903824, -7.505123, 0.743237, -5.564623, -4.420013, 1.678471, -4.813122, -2.235178, -5.490269, 1.579823, 5.740648, -3.916685, 0.893305, -0.724258, -4.963749, -0.757586, -1.075193, 2.649490, 0.642267, 0.172604, 0.435410, 0.503269, -0.179722, -1.309847, -1.107332, 0.899940, -0.455839, 5.092127, 0.529898, 0.075510, 0
0.353029, -5.990576, -0.563728, -8.034304, 1.083618, -2.314484, 4.863762, -2.649387, -8.033473, -0.579422, -7.666907, -2.331835, 5.071478, -5.423386, -4.160936, 4.322714, 5.133244, -2.982769, -4.063177, 2.881174, -5.082573, -3.936493, -0.926239, -9.858176, 2.631519, 1.659004, 2.327253, -0.229031, 0.894402, -11.288754, -5.246414, -6.182194, 0
-2.038969, -5.158625, 0.986273, -8.215801, 3.092802, -0.208279, -1.826033, 4.374472, -0.135933, -0.187599, 4.248461, 2.538845, 2.111917, -1.498795, 6.942608, -1.701199, -2.871721, -2.843307, -2.510122, -2.990776, 0.151855, -1.469049, -1.847103, -6.225914, 1.191919, -3.576982, 5.699059, -0.354990, -5.113504, 0.373436, -7.082776, 8.049591, 0
-1.101337, -4.790541, 0.474834, 9.083643, 0.230320, 0.017931, -3.949879, 1.961809, 1.100063, 5.239609, 2.698175, -5.404711, -4.865114, 0.791515, -0.061335, -5.758137, 1.650688, -1.181723, -9.413181, -3.778088, -1.916002, 0.712128, 1.196392, 3.275555, -0.149900, -3.952364, 8.906845, -7.491881, -4.305664, 1.792788, -1.119818, 7.292974, 0
-4.403168, 2.068081, -1.770327, -4.391804, -1.202997, -2.642790, -2.889883, -1.573212, -3.306021, -1.458672, 0.662424, 1.274035, -0.937086, 1.423977, 6.597876, -0.502766, -8.949126, 2.699881, 0.868778, 5.562033, 0.994635, 1.937902, 8.146570, -2.790867, 0.347057, 4.719875, -7.811049, 6.344688, -2.633059, 0.441378, 0.318426, 3.378227, 0
-5.943575, -4.056118, -3.536026, -2.593515, 3.635035, -7.539474, -1.136097, 2.784876, -1.056824, 1.674089, -5.219679, 3.512993, 2.817881, 1.898941, -5.725941, 2.738838, -5.439188, -1.589483, -8.864260, 5.515392, -0.150043, 3.907867, 0.399498, -5.047272, -0.943069, -7.989342, -4.431782, -7.409555, 1.520782, 1.679874, 4.330189, -0.598682, 0
2.875616, -0.452139, -11.623659, -1.237869, -0.162722, -1.631523, 4.068323, 3.982510, -1.390020, -11.848320, -8.560111, 1.614918, -4.251387, 1.884607, 5.859400, 5.726255, -5.041021, 5.289167, -3.451160, -9.126773, -0.422405, 0.570162, -3.532181, -1.287630, 2.246727, -2.103292, 0.188013, 0.062311, 5.009846, -3.240402, -3.560448, -6.374931, 0
1.000429, 0.299526, -4.834114, -0.783194, -0.783686, -1.112961, -1.699186, -11.662493, 4.061951, -1.127247, 1.022017, 0.380405, -0.043507, -5.148209, -4.004757, 5.877010, -2.514227, -0.952303, 0.468664, -5.954632, -8.587869, -3.454849, -1.135838, -0.400158, -1.068132, -0.569168, 2.392757, 3.548790, -2.624573, 1.386190, -1.135544, -1.962629, 0
7.099106, -1.306297, 2.104990, -3.243551, 3.891632, -3.205517, 6.905199, -3.821650, 0.171284, -3.902409, 2.513300, -0.415775, -2.558723, 4.615751, -2.106657, 0.170210, -4.770422, -2.919077, -2.625492, 5.374023, 4.680626, 0.074192, -5.459221, -4.599169, 0.498358, -1.062017, -9.124321, 1.932411, -5.518070, 1.394695, 0.431147, -3.232479, 0
-1.060070, -0.106735, -7.835466, 1.182941, -1.978752, -7.406611, 0.481264, -4.472557, -8.274226, -2.188066, -4.424950, -2.115908, 4.683407, 6.424721, -10.630703, 3.142958, -0.768372, 2.396315, -8.789038, -9.652386, -6.364504, -7.470414, 0.451687, -6.228800, -3.360115, -1.661877, -1.890375, -8.971251, -4.009912, -0.889530, -7.667304, -2.225073, 0
1.200083, 0.554871, -1.575743, 1.616642, 0.327393, -0.229355, -11.269035, -3.435715, 3.610538, -4.436577, 2.479179, -1.511982, -0.538965, 7.198177, 5.112789, -5.288311, -2.383509, -0.850431, -2.779568, 0.909594, 0.970425, -9.580719, -4.534254, 3.536045, -1.820862, 4.542124, -2.564631, 6.894321, -1.059315, 3.221781, 0.687138, -4.890604, 0
-9.497385, 0.613951, 0.494730, -4.790087, -1.001123, 6.239923, -4.176809, -9.470527, -0.103521, -2.260881, -7.816239, -3.276031, 0.741777, 0.223660, -9.273949, 3.522274, -5.411407, 4.084675, 0.068434, 1.954763, -2.796507, -6.249735, 0.662268, -1.245079, 8.260733, -3.667063, 2.181780, -2.666954, -2.867052, -2.464354, -0.827793, 3.838562, 0
1.122948, -11.270782, 6.605083, -2.808191, 1.184181, -0.949694, -1.055067, -0.933264, -7.586441, 1.557589, 1.552746, -1.442759, 3.745117, 2.991764, 6.980099, -0.716568, 1.910688, -1.582024, -9.248196, -10.646834, -4.011917, -5.168777, -1.233198, -0.886333, -9.049742, 1.251194, 2.929781, -1.769375, 0.605278, -7.474683, 2.682318, -4.154106, 0
0.829269, 4.749418, -9.443704, -1.348873, -5.123388, -5.531338, -1.358006, -4.017721, -5.667820, 8.767925, -2.750887, -3.505001, -2.513241, -2.369843, 4.749863, 1.847162, 1.797890, 0.097000, 3.217331, -10.134768, -6.813770, -1.394588, -3.284233, -0.126850, -0.145166, -12.578828, -0.547739, 2.654568, -0.377956, -2.691597, 4.656326, -9.590293, 0
-5.761871, 5.472677, -8.300509, -7.706821, 0.817142, -5.525923, -1.142637, 3.741590, 2.031155, -5.197844, 4.260376, -6.003094, 6.030760, -6.686644, -2.741901, -4.055090, -6.123907, -5.053282, 3.501114, -2.599653, 4.740156, -7.679527, -1.242477, -8.722723, -6.387894, -1.331158, -0.268187, 6.934326, 2.327024, 0.994427, 5.921253, -4.442436, 0
6.654303, -5.886410, -5.108913, -8.878445, 3.069414, 0.975418, 0.210423, -9.030766, 2.429525, -9.552871, 10.499781, 1.531221, 3.512955, -2.737610, 0.035332, 1.367538, -5.092022, 3.761778, -0.362577, -1.911182, -1.305004, -3.812569, 3.280357, 7.745852, -3.067280, -3.848549, 0.097429, 4.994776, -0.526606, -5.434526, -2.653118, 0.481562, 0
-5.032478, -4.046473, 9.820314, 3.084864, -0.459408, -7.108714, 2.370285, -2.214634, 0.683216, 4.074194, -5.576651, 1.955643, -1.765511, 1.030870, 4.002514, 1.712786, 3.053980, 6.575460, 3.562944, -0.929075, 4.293398, 2.326149, -6.020121, 0.359554, 0.645500, -6.470579, -2.666159, -2.216055, -2.116417, -6.184593, 3.655556, 4.300053, 0
-1.949612, -7.155100, -7.797389, -0.450485, 7.085869, -2.471077, 0.166628, -4.342129, 3.175215, 1.083330, -2.244934, -0.834862, 4.479654, 5.591133, 1.775858, 1.816750, 9.877443, -3.309612, -6.996492, 0.467796, -5.840157, -4.833199, 0.282652, 2.983217, -7.266591, -2.559408, 0.650108, -6.627647, -1.299137, 5.803976, -4.883923, -10.843379, 0
-3.387369, 4.145966, -7.157857, -8.607617, -6.727325, -0.083574, 1.510946, -7.419601, 2.433544, 3.675486, -4.147135, -5.232094, -7.386452, -6.003162, 5.106323, -4.007854, -4.917118, 3.523661, -5.797676, 6.390615, -2.008152, -4.421146, 2.755112, -5.450726, 1.290590, -1.837669, 0.486385, -13.541251, 2.984324, 6.117010, -0.266287, 0.505413, 0
1.118807, 3.007278, 2.190811, -4.563530, 3.740324, 6.296562, 2.894003, -5.367496, -2.079517, -6.263058, 0.792160, 7.004045, -2.546370, -2.011560, -3.196224, -2.883858, -3.632481, -6.469927, -8.056396, -1.243061, -2.720047, -1.600172, 2.430338, 4.458426, -4.242115, 6.054861, -8.067909, 5.220081, -8.580143, -4.230703, -0.199257, 3.407719, 0
0.555180, -4.599752, 6.675856, -1.584557, -9.783408, -2.607643, 0.718929, -6.379438, -4.594696, 9.551184, -4.102392, -6.440954, -0.176840, -0.502670, -4.279551, 0.138117, -2.176254, 1.908834, -1.241524, -3.597063, 3.988066, -4.645329, -8.469773, 3.794897, -7.366290, 6.972994, 4.397511, 0.368761, 5.356272, -4.023190, -4.544090, 3.645136, 0
-1.554146, -1.335052, 2.471436, -7.913409, -8.655142, -4.651243, -1.201017, -4.850441, 5.772907, 8.532240, 1.459097, -3.437071, -2.136421, 0.654142, -0.839762, -15.938725, 8.156351, 8.885675, -4.153713, -1.671141, 2.873312, -2.734192, -3.242773, 4.412199, -7.239021, -0.416681, 0.185118, -1.043741, -2.440229, 2.384594, 3.017630, -2.709597, 0
-1.948330, -4.507368, 0.743673, -2.957500, -2.320808, 0.206003, -1.468132, 5.412540, 6.128468, 0.236094, -7.095503, -2.489044, -9.880589, 4.960205, 3.513403, -8.343776, 1.370829, -1.595108, -1.527845, -4.439400, 7.729469, -2.858412, -4.532812, 2.902363, -1.246454, -2.919567, 2.801060, 1.445892, 2.257347, 3.793840, 0.023453, -0.186699, 0
-2.297785, -2.467987, -1.851290, 3.616638, -3.573776, -7.957458, 6.486351, 0.420446, -3.343815, -4.780081, -3.246481, -8.341695, 12.488695, 3.013550, 1.460773, 10.195040, -5.793907, -8.934169, -0.274263, 5.867550, -5.003374, -6.699732, 1.172760, -0.527622, -0.552877, 1.040821, -3.135679, -4.609570, -0.118961, 10.272490, -8.172789, -4.317339, 0
-1.330009, 3.558556, -0.648211, -4.973129, -6.702944, -4.829790, 4.024317, -4.386799, 0.548851, -6.795410, 7.287750, 4.233608, -5.960819, 3.112150, -6.181931, -3.235464, -4.687824, -0.293531, 5.495291, -9.511588, -1.492840, -6.088268, 0.232435, -0.129602, 6.907640, -3.372957, -4.883877, 3.323671, 6.102699, -0.541290, -6.710978, 0.513510, 0
-1.604416, 6.894072, 1.589481, -0.420860, -3.784481, 4.233337, -6.234987, -1.986387, 2.252663, -0.755592, -6.122257, 6.984779, -5.123730, 6.081158, -5.507200, -3.202902, 0.069901, -1.854956, -5.846495, -7.125536, -3.120398, -2.833265, 2.999956, 2.044577, -5.489107, 1.477345, 2.017351, 1.201027, -4.862665, -3.953588, -7.299747, 1.202850, 0
-2.591211, -0.678892, 1.740959, 5.071007, 8.645247, 0.460201, 0.790098, -10.024713, -2.678263, 1.563707, 0.956238, -2.801704, -7.272137, -2.913445, -8.216602, 4.717751, -1.515491, -3.240036, 3.268457, -0.058071, -3.889410, -8.726931, 5.486048, 5.305500, 5.371857, -3.511425, 0.303965, -1.454126, 1.006470, -5.334238, -3.014027, 5.864351, 0
1.419025, -3.399763, 2.189394, -2.043098, 4.031834, 2.017920, 6.268303, -5.535248, -2.255363, -0.570751, 2.647896, -9.532140, -1.734306, 0.035828, 10.038958, -1.554272, -1.897776, -5.111778, -0.197556, 7.391779, -0.752226, -7.599414, 3.064600, -0.054499, -1.408983, -1.061464, -15.294834, 1.787115, -9.754482, 6.835268, -7.526855, 4.336277, 0
0.686674, -1.453754, 4.904623, -5.124672, -2.169357, -3.117588, -6.511501, 1.136566, -2.859264, 0.691692, 7.843622, 1.197653, -7.862883, 0.093918, -3.204666, 0.179613, -3.586494, -7.216064, -1.914244, -4.473429, 10.719378, 0.316694, 1.509237, -6.995863, -2.859283, -2.810986, 1.613482, 3.333738, 2.399607, 7.897934, 6.477423, 4.857517, 0
-5.194403, 0.847416, -0.156654, 6.372635, 9.957380, 5.937300, -4.304167, 2.427797, -3.856627, -2.347755, 5.239918, 7.340332, -1.901052, -1.690863, -9.494425, -4.210115, -2.880850, -3.441322, -6.200079, 1.856295, -4.455952, 0.849426, -3.300880, -2.097954, -9.776330, -4.333254, 0.373175, 6.020266, 1.344183, 2.051189, 1.259434, 4.066193, 0
-3.750389, 0.473610, -5.563982, 2.300764, -3.426912, -7.772612, 3.017288, 4.594589, -1.353262, -10.308412, 0.160685, -4.143013, -1.116163, -3.138439, -0.098167, -5.157608, -4.435308, -3.623686, -6.826941, -4.291571, -5.182117, -8.453021, -0.450041, -5.900421, 9.193586, -4.390615, -0.089827, 6.234869, 2.484705, -7.523776, -1.967310, 1.086668, 0
-3.879461, -2.730417, 1.145895, 3.241177, 6.953625, -2.449276, -5.791180, -3.522167, 2.666515, 3.423304, 3.525814, 4.773495, -3.791771, 3.421562, -0.549185, -3.393644, 3.905725, 0.476692, 1.549971, 0.508699, -3.458015, 0.763868, -10.248112, 4.393957, -9.584257, -0.091969, 0.809654, -0.292957, -2.316393, -0.839991, 1.025412, -0.031132, 0
4.693451, 2.045456, -1.325344, -1.941526, -5.132240, 4.844856, -2.655365, 5.345129, -1.470251, -2.335955, -7.990273, 7.662378, 5.296310, 6.802834, -0.004299, -4.910786, 6.726934, 0.356199, 0.636301, 10.313082, 0.073210, -7.539711, 6.658117, -7.210588, -4.246227, -2.224649, -2.252598, 7.484915, -0.635511, -3.262377, -2.116083, -2.793406, 0
3.043488, 5.482014, -7.581756, 9.904318, -4.402765, 0.219030, 3.644350, -3.717670, -4.534367, 0.112724, -0.979830, -2.775808, -4.465948, 4.277012, 3.912588, -1.908661, 2.915701, -5.100771, -1.208767, 3.959379, -3.958572, -1.242430, -5.203758, 0.547749, 7.408440, -2.074129, -3.012295, 3.819828, -2.565117, -0.631578, -3.345062, 1.365810, 0
-0.832417, 0.128115, -1.994041, 0.793430, 0.354347, 2.288704, -6.395666, -6.993120, -1.034531, 0.477015, 9.176523, 3.746290, 7.193474, 2.647867, 7.135098, 7.051836, -5.651255, -3.413832, -4.444941, -9.500131, -3.171122, -6.142582, -7.326323, -5.188444, 9.265322, -9.352461, -7.763545, -6.169685, -4.605412, -4.207838, 1.894428, -6.169878, 0
0.079021, -0.880415, 0.958460, -0.223925, -2.565899, 4.463734, 2.867340, 3.479259, 3.040045, -4.597326, 1.502533, -9.488707, -5.271040, 1.918287, -4.114124, 2.684582, 8.372643, 2.748682, 0.378260, -1.911812, -9.248130, 2.588230, -8.289420, -1.494255, -1.780210, -1.429079, 0.690859, 0.268927, -2.986250, -0.083633, 0.252554, -1.969482, 0
-1.839500, -2.017956, 5.717699, -0.601763, -5.281738, 6.234245, -0.583952, 0.896120, -12.104063, -5.358202, 1.654467, -0.131107, -3.646246, 0.352436, 0.813459, 5.589674, -9.121856, -1.982174, -4.070269, -8.014467, 0.557207, 4.604488, -1.233355, 3.406908, -2.030834, -2.841217, -7.037901, -3.260408, 0.817825, -4.618122, 1.238501, 8.521862, 0
2.943720, -1.502790, -1.470192, 4.566446, -7.782097, 0.092234, -7.934120, -2.534483, -5.628277, 0.189686, -0.824343, 3.833826, -0.503834, 0.757252, 8.774672, -7.415111, 0.921244, -7.970026, -3.043634, 1.335182, -1.369097, 1.027933, 3.917912, -1.289114, 4.267557, 3.977169, -1.233410, 1.212563, -4.961519, 4.085213, 5.528206, -4.086544, 0
-7.167025, -1.154802, -5.576853, 0.078430, -3.056501, -0.383129, 0.402565, 0.338009, 0.732906, 1.260649, -3.293524, 5.015366, 2.597742, 5.134735, -1.807484, 2.562551, -6.374073, -5.190832, -1.203499, 0.331751, 1.471474, -5.407927, -2.087816, -0.830338, -4.630945, 1.139189, -2.057518, -0.261497, 0.642733, 3.706427, 4.547598, 2.202681, 0
2.006437, -7.802819, 0.009251, 1.214405, -1.424248, -0.948820, 0.956583, -3.784595, -8.839883, 1.319244, 1.591545, -2.269581, 0.760902, 2.211344, 1.376764, -6.409210, 0.169022, -4.059128, -3.888609, 1.308098, -6.840740, -2.130594, -4.816542, -4.136732, 3.964214, -3.538588, 0.307552, -2.034187, -12.177184, -1.898575, 1.688011, -1.168736, 0
-7.191959, -3.828865, 0.031593, -1.347816, -8.793402, 5.341408, 2.652103, -0.667501, -2.267759, -1.152161, -6.248131, 5.000568, -3.065601, 4.799601, -1.176926, 1.093830, -0.205484, -4.682108, 1.523413, -4.606281, -0.558628, -3.818733, -7.489282, -9.182920, 4.223360, -6.224585, 1.253849, -2.312321, -3.105455, -3.995235, -4.257795, 4.571182, 0
-3.289017, -0.793865, 1.585907, -2.104927, -4.525995, 0.679356, -4.172358, 1.862604, 3.423082, -4.551956, -2.689816, 3.611347, 1.769533, -2.277550, -5.771076, -2.473202, 2.919096, 0.395180, -3.759644, -0.726387, -2.737789, 2.435184, 6.762613, -3.376070, -8.557770, -1.400850, 2.515953, 6.961031, -3.067247, -6.576160, -0.907328, -4.247295, 0
-4.900650, -9.494469, 2.862156, -1.895620, -3.009312, -3.338371, -4.260153, 3.257479, -8.998425, -6.040415, 1.170650, -3.683941, 0.953260, -2.210711, -6.126167, -1.076422, -3.458757, 2.621813, -4.075842, -3.988508, -1.856146, -1.346069, -4.111013, 4.152702, -1.515814, -4.826948, 8.918007, 2.523359, -5.923971, -5.014488, -3.676935, 6.312994, 0
-0.113676, -7.946854, -3.073385, -1.865063, -2.632826, -5.319731, 5.290504, -8.974931, 0.901474, -0.405457, 3.108234, 3.228878, 0.965618, -3.478281, 4.979813, -4.679869, 1.519587, 4.205936, -4.297916, -6.084892, 4.818621, 0.681246, -0.465767, -0.999966, 2.529327, 4.513103, -6.671835, 8.506868, 3.683455, -6.997862, 3.179758, 3.145027, 0
1.625406, 7.705412, -1.957903, 1.972782, 2.003155, -7.924828, -1.951103, -0.722013, -7.172822, 5.002161, 2.469955, -4.358688, -1.867788, -4.411324, -4.563559, -1.773119, -4.684128, -0.186598, -2.826338, -3.124641, -6.045292, -1.189198, -3.867565, 1.129765, 17.541651, -8.002850, -3.208490, -3.558424, -4.728680, -1.517971, 4.355486, -1.152069, 0
-2.969385, 3.503342, -2.189808, -1.682043, -2.344110, -0.850077, -0.343636, -0.525227, -0.315313, -6.412918, 5.827732, 6.447643, 0.868324, 5.087299, 1.715042, -1.140574, 1.277128, -4.804712, 0.837643, -1.831656, 2.789783, -2.344837, -0.706776, 5.847038, -0.507465, 2.022961, 4.041698, 5.135551, 0.727163, -1.286579, 2.481291, -0.920063, 0
-13.369527, -7.035278, 5.148773, 1.418543, -8.473614, -2.744349, -5.898418, -1.136110, 0.128088, -2.364916, 0.363461, -0.999763, 1.184408, 3.207941, 5.757610, -2.077477, -3.166416, -7.194644, -5.528227, 1.274199, -4.116508, -5.164782, -0.764450, -1.721306, 0.393494, 5.282242, 1.572401, -3.654448, 0.771038, -6.509405, -6.534403, -1.245914, 0
-5.835222, 0.699072, 4.202055, -7.065868, -4.431034, 1.191313, 4.267696, 3.052254, 2.813589, -0.172274, -5.029806, -1.506054, 1.423393, 3.713333, -3.124964, -5.745749, 6.277994, -0.502615, -5.941593, -4.471197, -7.458581, -1.099922, -4.439007, -7.312208, 5.202948, -1.155874, 3.396431, -0.367659, 8.118420, -4.306389, -0.494165, 3.593105, 0
2.323282, -1.357719, 4.003595, -6.186008, -3.519022, -6.677731, 0.987782, -0.777937, -2.515823, -1.472927, -2.829905, -7.744650, -1.778460, -5.236740, -6.124380, 4.074461, 1.520557, -4.855623, -4.279165, 4.035696, -0.954594, 5.719324, 0.111120, 10.393896, 4.769058, -2.903006, 4.312632, 1.261707, -0.749899, 1.169891, -3.104830, -7.785339, 0
1.756178, 1.734625, -5.063816, 2.449902, 8.109257, 4.491808, -3.781073, -2.935949, 0.052490, -5.628962, 3.857592, 1.630836, -7.090241, 0.197186, 2.690506, -4.967859, 6.308279, 2.371258, -12.329588, -3.090282, 0.725227, -4.410509, 5.481386, -1.133291, 8.095858, 1.231426, -1.998190, -0.061335, -2.680061, 0.119032, 0.199707, -4.427086, 0
-0.505756, -4.949240, 10.378454, 12.489683, 1.594095, 2.854776, 3.950996, 4.804739, 0.683142, 1.219080, -6.842989, -0.421110, -10.831009, 0.941315, -1.161243, -1.346188, -3.836515, -6.165133, -4.475927, -8.771542, -2.331966, -1.953295, 8.641962, -15.954462, -7.339500, -2.818920, -3.521429, 2.182344, 5.696096, 4.801113, -6.038576, 1.090178, 0
-4.204683, 1.273556, -0.506138, -2.831388, -3.180222, -5.139986, 3.166359, 13.849127, -0.011637, -1.963217, 3.671814, -0.755579, 1.573154, 3.991385, -0.938648, -2.059601, -0.293873, -2.429457, 3.441120, -2.344847, -0.234413, -4.702047, 3.440878, 4.456791, -0.536190, -8.610324, 0.224230, -8.177826, -11.210923, -0.521801, -6.669968, -0.559376, 0
-4.527664, 1.874634, -6.464249, 1.716948, -7.299787, -5.467712, -0.635536, -5.617504, -7.385960, 4.295284, -0.623045, -1.931810, 7.415304, -0.664396, -3.295506, -5.223066, -3.151205, 6.396223, -6.838554, 1.998371, -3.844702, -0.307081, 2.097446, 3.319038, -7.117506, -0.306074, 2.545277, 8.465698, -0.886438, -0.176640, 0.112391, -5.887964, 0
-3.854338, -1.846195, -10.592088, -6.968069, -1.552147, -7.938354, 2.494293, -8.215347, -5.161139, 7.344250, 9.667494, -0.398518, 2.186932, 0.887064, -7.201259, 1.339321, 0.929840, 2.250408, -4.501762, -0.134413, -1.835728, -15.002653, -1.218582, 5.580502, -4.995596, 5.109259, 6.113811, -5.400702, -0.740063, 5.493555, -4.641771, 1.513519, 0
-2.283276, -3.186769, -1.481716, -3.885807, -4.494629, 3.277304, 11.273783, -0.575691, -3.921469, -10.912484, 0.382566, 5.159563, 2.183168, 1.097164, 2.376526, -1.451046, -9.738282, -4.361336, 4.304024, 4.081581, -1.535231, -1.368460, -1.393446, 2.619267, 1.861000, -3.663900, -7.583648, 5.457930, -0.750275, 3.058723, -3.363039, 2.962105, 0
3.404884, -3.772415, 2.590151, 2.531775, -5.906301, -4.754686, 7.723539, -2.500038, -4.415548, 1.347324, -5.692425, 4.003853, 7.593222, -0.845058, -1.397356, -7.522401, -0.427973, 0.819815, 1.414261, -1.272593, 0.546108, -1.454668, 5.864817, -2.526377, 10.110598, -5.476604, 1.567924, -5.111160, -3.257751, -11.556635, -4.785755, -2.248405, 0
-4.029615, -2.519554, 1.457012, 1.369047, 0.619310, -0.721292, -3.507061, 1.392876, 4.089432, 1.126638, -0.680740, 6.248230, -3.544127, -3.052355, 3.190813, -6.562717, -3.831627, 0.912222, 5.730713, -0.626108, 1.079565, 2.566870, -6.423849, -4.346426, -1.849325, -2.889494, -3.256828, -3.419138, -4.000343, -4.762814, 7.551510, 2.440916, 0
0.585133, 2.101309, -2.753977, -4.708035, 1.485983, -9.034280, 0.766081, -1.509493, -9.732492, -7.570258, -6.353537, 1.194792, -0.450340, -6.704039, 7.521116, -2.765163, -1.878231, -9.590250, 3.641838, -2.945396, -1.505598, -4.373093, 2.796268, -0.293419, 3.002127, -2.870340, 0.374626, 0.345758, -2.803310, 2.557880, 3.223856, 1.253300, 0
-2.802685, -0.781284, 3.080969, -1.990044, 5.874876, 0.725908, -2.348646, -8.227368, -4.621172, 3.528028, 6.165483, 6.146444, -0.059473, 0.306021, -3.071606, -1.461447, -2.823591, -1.324720, -0.128637, -5.017927, -1.019663, 3.577490, 0.988537, 3.153299, -3.803890, -0.549475, -1.245239, -2.430578, -4.909389, -12.531883, 6.100536, -2.487074, 0
-2.670826, 0.311670, -5.728701, 3.148565, -3.608730, -7.271158, -0.092360, -4.725386, -9.491352, 1.719433, 5.722357, -0.364220, 3.779926, -1.091204, 0.701368, -2.130371, -2.428076, 7.433687, -0.859472, -0.487715, 3.946417, 3.328463, -7.856301, 1.586660, -1.355755, 0.121166, -0.911886, 3.061663, 0.771940, 0.568134, 2.696724, 3.186335, 0
-5.240469, -6.729481, -4.617563, 0.997210, -1.902781, 0.171648, 5.135891, -1.531572, -2.639433, 4.143705, -3.616764, 1.741060, -10.226880, -1.355286, -1.833075, -4.894537, -3.840752, -1.341852, -0.114918, -1.130501, -4.201838, -1.215761, -5.760542, -1.758867, 4.793749, -3.249355, 1.688740, -1.334316, 2.943670, -1.056192, -3.698612, -3.803150, 0
-7.444479, 1.432388, -1.573156, -4.025517, 1.461514, -9.215655, -4.126913, -4.891750, 0.675707, -2.950172, 8.878706, -6.957935, 0.181782, 0.640455, -1.262678, 3.625099, -0.688126, -1.146017, -3.150152, 1.972330, 2.584917, 4.639187, 2.108667, -2.769966, -7.909303, 2.012503, -2.513878, 4.154020, 6.665298, -1.151325, -3.323868, -5.248653, 0
-0.145979, -8.861085, 1.382755, 5.871397, -0.388824, -2.316492, 2.562796, 3.400846, 3.253992, 1.271154, -9.332850, -3.671747, 10.450495, -10.765065, -1.070253, -0.742050, 5.882193, -0.255775, -7.981560, 5.656330, -0.403315, -1.635998, -3.287218, -7.596416, 13.036665, -6.918983, 5.096745, 2.861530, -3.624567, 0.059557, 2.055161, 2.404800, 0
-2.035576, -3.913185, -6.420673, -2.036465, 4.371582, -6.095415, -0.611996, 1.536263, -6.983091, -1.666531, 3.400101, -1.769377, 3.062258, 6.303192, -3.951555, -1.359713, 0.441015, -1.317972, -0.504627, -0.857492, -10.571635, 4.807999, -3.086559, -1.566191, -4.295042, -5.028292, -2.258873, 4.667517, -6.236952, -3.752750, 3.218712, 0.065212, 0
0.904398, -1.843956, -7.967184, 3.475021, -7.866249, 3.698942, -0.195097, -4.543482, -0.857708, -5.640427, -3.770502, 1.354765, -3.876415, -4.694157, -3.370281, 5.380104, -3.185131, -1.034937, 0.630463, 9.471151, 4.072697, 4.126253, 2.460968, 0.886095, -10.780572, -6.176304, -1.092249, -0.777328, -0.298805, -11.594995, -7.702835, 2.727074, 0
-1.573839, -3.432310, -0.849182, 1.244150, 2.625250, -8.109460, 0.689035, 1.335186, -6.798454, -4.353468, 1.664869, 1.507528, -0.633245, -2.401548, 3.258932, -5.115107, 4.038877, -1.692871, -2.426147, 0.116486, 0.907324, 1.207760, 1.580225, 4.148508, -4.688808, -5.585770, 8.418228, 1.426041, -1.568514, 4.402384, -6.542166, -6.562622, 0
-8.274429, -8.661732, 9.496408, 3.577618, 0.206968, -5.321308, 1.515177, 0.844454, 3.345823, -9.532222, -6.597818, -1.122168, -4.996729, -4.275579, 3.214037, -1.372484, -2.856462, 0.657516, -5.922749, -3.852196, -0.838903, -4.123117, 6.388866, -0.467360, -4.598297, 3.709988, -3.337967, 8.650682, -0.457998, 0.299641, -2.386684, -5.849274, 0
-0.056721, 5.579720, 4.416939, 3.215405, -3.420244, 0.535763, -3.880602, -4.742781, 6.069613, -3.158035, -1.840752, -2.387537, 2.183863, -2.538111, 7.019724, 1.295235, -2.461199, -3.139542, -4.409727, -5.105701, 2.926012, 0.500492, -5.946032, 1.975117, -0.594936, -1.638378, 1.233437, -3.832888, 3.916912, -1.074446, 1.977863, -2.011106, 0
