Error(est) Error(med) ValidacionFinal TestFinal Epoca Archivo ValidacionMinima TestMinimo TestDiscreto
0.081668 0.079663 0.085879 0.073948 158.0 7 0.081893 0.073883 10.0 0.111111
0.049231 0.04712 0.098386 0.089821 72.0 2 0.086529 0.078987 10.26 0.083333
0.00404 0.003941 0.245204 0.387051 89.0 0 0.053036 0.072884 9.7 0.088889
8e-05 7.9e-05 0.197959 0.257773 72.0 5 0.059723 0.09614 13.12 0.038889
5e-06 5e-06 0.092847 0.1679 3.0 7 0.07014 0.09158 12.04 0.044444
Error(est) Error(med) ValidacionFinal TestFinal Epoca Archivo ValidacionMinima TestMinimo TestDiscreto
0.066543 0.065346 0.071491 0.079513 3040.0 6 0.067714 0.078014 10.77
0.069138 0.069296 0.082822 0.082836 2725.0 0 0.076306 0.080419 11.08
0.040139 0.038671 0.224231 0.143391 19.0 8 0.089334 0.089853 10.52
0.006472 0.006049 0.147949 0.164094 110.0 6 0.078818 0.089542 12.23
0.00026 0.000257 0.156501 0.163393 14.0 3 0.099656 0.09455 11.63
