0.050595, -0.832557, 1
-0.399274, -0.592202, 1
-0.106332, -0.174352, 1
-0.798423, 0.251010, 0
0.584692, 0.641031, 1
0.445741, 0.721023, 1
-0.204520, 0.825893, 0
-0.010078, -0.001833, 0
0.025624, 0.353524, 0
0.099473, 0.167031, 0
0.016591, -0.403732, 0
-0.145108, -0.613275, 1
-0.180822, -0.467399, 0
0.736684, 0.519330, 1
0.927128, 0.099188, 1
0.163057, 0.814901, 0
-0.273051, 0.364634, 1
0.065910, -0.688358, 1
0.005666, -0.488348, 0
-0.662455, 0.022586, 1
-0.200687, 0.363169, 0
-0.469800, 0.392701, 1
-0.504946, 0.385092, 1
0.779426, 0.314232, 1
0.352309, 0.654377, 0
0.767491, 0.557830, 1
-0.342982, 0.154843, 0
0.509520, 0.383967, 0
-0.480523, -0.424570, 1
0.695609, 0.525143, 1
0.087082, 0.728273, 0
0.326289, 0.424626, 1
-0.249140, -0.874398, 1
-0.212205, 0.126970, 0
-0.480328, -0.480558, 1
-0.296914, -0.700902, 1
0.833674, -0.379221, 1
-0.452742, 0.185983, 1
-0.724844, -0.685251, 1
-0.256187, -0.733058, 1
0.421785, 0.518888, 0
-0.215203, 0.941262, 1
0.466405, 0.181400, 1
-0.791321, -0.207306, 1
-0.393974, -0.040461, 0
-0.081704, 0.393821, 1
-0.913490, -0.057316, 1
-0.288184, -0.393819, 0
0.462126, 0.414902, 0
-0.094721, 0.295800, 0
-0.518217, -0.689162, 1
0.767286, 0.225596, 1
-0.422220, 0.776654, 0
0.295542, 0.411224, 1
0.891630, 0.407233, 1
-0.428741, -0.899690, 1
-0.800073, 0.177285, 0
0.059849, 0.118223, 0
-0.428894, 0.146358, 0
-0.939093, 0.282921, 1
0.752540, 0.523033, 1
-0.302177, -0.342182, 0
-0.181167, -0.266495, 1
-0.889645, 0.300616, 0
0.044343, 0.877641, 1
-0.473788, 0.622122, 0
0.654295, 0.152638, 0
0.621688, -0.050163, 0
-0.436138, 0.562515, 0
-0.660304, -0.544507, 1
-0.030252, -0.089045, 0
-0.444198, 0.169675, 1
-0.712102, -0.340654, 1
-0.237991, -0.651196, 1
0.871837, -0.359909, 1
0.172367, -0.309330, 1
0.373595, 0.282722, 1
0.160364, -0.482503, 0
-0.959940, -0.185341, 1
0.670136, 0.661748, 1
0.224263, -0.895808, 1
-0.310509, -0.805989, 1
0.015147, 0.245293, 0
0.363686, 0.103387, 1
-0.139056, 0.651584, 0
0.762733, 0.622953, 1
-0.654910, 0.309869, 0
-0.437105, 0.718686, 0
-0.407408, -0.445820, 1
0.071677, -0.823316, 1
-0.432386, -0.258187, 0
-0.024189, 0.062695, 1
-0.563699, 0.665301, 0
0.256706, 0.451448, 1
-0.089406, -0.379608, 0
-0.445165, 0.771538, 0
-0.728025, -0.682433, 1
0.394491, -0.727637, 1
-0.158137, -0.292517, 1
0.261663, -0.777034, 1
0.187410, -0.666659, 1
-0.600350, 0.755024, 1
0.075153, -0.761918, 1
0.300776, -0.476566, 0
0.716266, -0.442518, 1
0.177873, -0.470283, 0
-0.601602, 0.449849, 0
-0.152716, 0.792889, 0
0.722212, -0.130149, 0
0.324882, 0.866801, 1
0.237508, -0.833255, 1
-0.425716, 0.323851, 1
0.546817, -0.211391, 0
-0.456368, 0.244441, 1
-0.815451, -0.369235, 1
0.295405, 0.485325, 1
0.154199, 0.011671, 0
-0.957193, 0.129081, 0
0.638530, 0.220681, 0
-0.329471, -0.493918, 1
0.375932, 0.154699, 1
-0.740457, -0.386560, 1
0.321443, -0.166173, 1
0.937291, -0.077358, 1
-0.330226, 0.484108, 1
0.711251, -0.160938, 0
0.430575, -0.745117, 1
-0.114352, 0.378909, 0
0.100449, -0.960153, 1
-0.609420, 0.143256, 1
0.168928, -0.970890, 1
-0.636063, -0.172275, 1
-0.933962, 0.034466, 0
0.333807, 0.895855, 1
0.427208, -0.290261, 0
0.050554, 0.686750, 0
0.323180, -0.628003, 1
-0.479423, 0.260471, 1
0.294640, 0.190351, 1
-0.255421, 0.005890, 0
0.260773, -0.887083, 1
0.491826, -0.109273, 0
0.432386, 0.516728, 0
0.873410, -0.140406, 1
-0.773532, -0.076036, 1
-0.453656, 0.549647, 0
0.295961, 0.066921, 1
-0.189882, -0.409399, 0
-0.742728, 0.554697, 0
0.596491, -0.713314, 1
0.729851, -0.142736, 1
-0.600397, 0.520129, 0
0.003685, 0.891429, 1
-0.589144, 0.189953, 1
0.773834, -0.555161, 1
-0.454851, 0.685350, 0
-0.157241, -0.271930, 1
0.662905, -0.724855, 1
-0.755201, 0.536314, 0
0.134739, -0.528734, 0
-0.539722, 0.681083, 0
-0.251996, -0.168969, 0
-0.653160, 0.005276, 1
0.291962, -0.884421, 1
-0.199405, 0.691565, 0
-0.005766, 0.356828, 0
-0.508597, 0.539383, 0
0.042178, 0.334162, 0
-0.732547, -0.294917, 1
0.609307, -0.487748, 1
-0.758603, -0.255955, 1
-0.016482, -0.298325, 1
-0.574872, 0.004431, 1
-0.542086, 0.173132, 1
0.835462, -0.195246, 1
-0.251915, 0.470370, 1
-0.663230, 0.548680, 0
0.161934, 0.972478, 1
0.352960, -0.255072, 1
0.886577, 0.143934, 1
0.849016, 0.453913, 1
-0.333719, -0.909587, 1
-0.207912, -0.376914, 0
-0.345770, 0.250002, 0
0.796218, -0.510308, 1
-0.289118, -0.197159, 0
0.444995, 0.047652, 1
-0.648479, -0.393071, 1
0.020130, 0.704481, 0
0.351857, 0.039172, 1
-0.402453, 0.394223, 1
-0.151865, -0.241438, 1
-0.463023, 0.046093, 0
-0.591639, 0.329065, 1
0.669179, 0.062590, 0
-0.420933, 0.465397, 1
0.552282, -0.366176, 0
0.440023, -0.736835, 1
0.436665, -0.114982, 1
0.310817, 0.788185, 1
0.491947, -0.669053, 1
0.492666, -0.156195, 0
0.370119, 0.544341, 0
-0.702582, -0.080265, 1
0.482593, -0.105036, 0
-0.686042, 0.574874, 0
0.341527, 0.162093, 1
-0.791813, -0.258204, 1
0.207569, 0.877366, 1
0.342763, 0.356669, 1
-0.579540, -0.217214, 1
0.667804, -0.069350, 0
0.645310, 0.159751, 0
0.261597, 0.137977, 1
-0.317682, -0.699027, 1
0.195937, 0.865410, 1
0.739784, -0.462536, 1
0.027503, -0.926780, 1
-0.584032, 0.235690, 1
-0.184984, 0.623537, 0
0.113056, -0.380598, 1
0.410173, -0.544180, 1
0.238606, 0.595904, 0
0.687758, -0.093591, 0
-0.473446, 0.333068, 1
-0.580132, 0.153363, 1
0.318273, 0.566625, 0
0.836730, 0.058058, 1
-0.895910, -0.135767, 1
0.131277, -0.479942, 0
-0.856405, 0.212980, 0
-0.434305, 0.553768, 0
0.668800, -0.458234, 1
0.384402, -0.092595, 1
-0.862330, 0.072160, 0
0.813815, -0.335775, 1
-0.547624, -0.123728, 1
0.949690, -0.127755, 1
-0.156435, 0.347908, 0
0.887004, -0.319706, 1
0.544527, 0.537243, 0
-0.488848, 0.644451, 0
0.483536, -0.345253, 0
-0.142570, -0.950769, 1
-0.791485, -0.473770, 1
-0.409002, 0.592917, 0
0.433635, -0.271332, 0
-0.334924, 0.247450, 0
0.392893, 0.070304, 1
0.127425, 0.845269, 0
0.946576, 0.077115, 1
0.397494, 0.561078, 0
0.324120, 0.284498, 1
0.275592, 0.785900, 0
0.267329, 0.786744, 0
0.430351, -0.249135, 0
-0.558510, -0.712219, 1
-0.199903, -0.349995, 0
-0.185989, 0.391094, 1
-0.880238, -0.092001, 1
0.495097, 0.512655, 0
0.357924, 0.924879, 1
0.901091, 0.097131, 1
0.636516, 0.225210, 0
-0.044704, 0.657221, 0
0.443964, 0.094140, 1
-0.026509, 0.885455, 1
0.381921, 0.773587, 1
-0.464540, -0.804067, 1
0.164682, -0.221618, 1
-0.556421, 0.284444, 1
-0.202901, 0.664683, 0
-0.438802, -0.844977, 1
0.589562, -0.739166, 1
-0.769539, 0.490653, 0
0.357965, 0.866978, 1
-0.284137, 0.739594, 0
0.396815, 0.408656, 0
0.893785, -0.159221, 1
-0.497204, -0.132724, 0
-0.273767, 0.884717, 1
-0.359136, 0.261693, 0
0.089990, 0.726456, 0
0.391140, 0.024103, 1
-0.957888, -0.019298, 1
0.284938, -0.727426, 1
-0.528645, -0.357097, 1
-0.860449, 0.187218, 0
-0.141622, 0.779312, 0
0.293074, -0.247837, 1
-0.379910, 0.795870, 0
0.619439, 0.346324, 0
-0.391983, 0.761237, 0
-0.934152, -0.351907, 1
-0.714534, 0.155838, 1
-0.625451, -0.251629, 1
0.042927, 0.765689, 0
0.772475, 0.085039, 1
-0.253609, 0.057412, 0
0.357613, 0.217746, 1
0.700315, 0.497164, 1
0.381582, 0.263343, 1
0.862123, -0.325344, 1
-0.529475, 0.634946, 0
0.084647, -0.802185, 1
0.116935, 0.459197, 1
-0.053814, -0.840138, 1
0.224885, -0.281339, 1
0.776073, -0.397486, 1
0.189022, 0.476388, 1
0.559200, 0.481260, 0
-0.142670, 0.421324, 1
-0.844084, -0.127164, 1
0.903537, -0.373559, 1
-0.492219, 0.732075, 0
-0.222447, -0.596970, 1
-0.831370, -0.310098, 1
-0.635873, 0.253277, 1
-0.112283, 0.481062, 1
-0.287526, 0.833903, 0
-0.447436, -0.114175, 0
0.488339, 0.097658, 1
0.805025, 0.588017, 1
-0.308355, 0.364226, 1
0.069277, 0.548974, 1
-0.214451, 0.225193, 0
-0.578190, -0.310913, 1
0.851634, -0.070409, 1
-0.578839, -0.370812, 1
0.332621, -0.410209, 0
0.319090, 0.696748, 0
0.177810, -0.444458, 0
-0.959290, -0.181266, 1
-0.507099, -0.406726, 1
0.704559, -0.598464, 1
-0.078089, 0.192898, 0
0.499194, -0.273063, 0
-0.219085, -0.809161, 1
0.739813, -0.123288, 1
0.075385, -0.838376, 1
0.565798, -0.072981, 0
0.091215, 0.986960, 1
0.556207, -0.576164, 1
-0.423249, -0.124703, 0
0.082103, 0.298394, 0
-0.024640, 0.122813, 1
-0.882872, 0.468261, 1
0.869797, -0.362001, 1
0.014585, 0.368991, 0
0.364936, 0.795500, 1
0.559830, 0.456098, 0
0.645692, 0.299644, 0
-0.667190, -0.278923, 1
0.648096, -0.447518, 1
0.885568, 0.204303, 1
-0.023682, -0.537682, 0
-0.920400, 0.096902, 0
-0.117863, 0.161703, 0
-0.715483, -0.487576, 1
-0.665890, 0.195554, 1
-0.361397, 0.348695, 1
0.144195, -0.875625, 1
0.459636, -0.210114, 0
0.424019, 0.792446, 1
0.510963, -0.114714, 0
0.691054, 0.159059, 0
0.437768, 0.576622, 0
-0.636638, -0.585915, 1
0.510987, -0.078923, 0
-0.221426, 0.889182, 1
0.889786, -0.247183, 1
0.299885, -0.471611, 0
-0.468072, 0.245707, 1
0.784011, 0.546556, 1
-0.701891, 0.475065, 0
-0.294385, 0.735877, 0
0.051687, 0.068977, 0
-0.850038, 0.090627, 0
0.511940, 0.660950, 1
-0.988297, 0.116605, 1
0.567233, -0.209723, 0
0.005788, 0.985940, 1
-0.105392, -0.104426, 1
-0.261243, -0.805507, 1
0.423964, -0.159731, 1
0.460551, 0.731466, 1
0.206531, -0.626260, 1
0.494537, -0.741783, 1
0.442718, 0.644500, 0
0.348844, -0.045343, 1
0.305449, 0.360547, 1
-0.928737, -0.127318, 1
-0.849176, 0.077050, 0
-0.141379, 0.045432, 1
0.239925, 0.396588, 1
-0.562352, 0.298847, 1
0.352479, -0.476376, 0
0.346575, 0.299935, 1
-0.354807, -0.192873, 0
0.031401, -0.686682, 1
-0.434213, -0.762068, 1
-0.312942, -0.939676, 1
0.084433, 0.010273, 0
0.205541, 0.155695, 0
0.882955, 0.356365, 1
-0.767254, -0.258424, 1
-0.598203, -0.794630, 1
-0.661045, 0.641722, 0
0.601958, -0.223398, 0
-0.059431, -0.045562, 1
0.300226, -0.712855, 1
0.094271, 0.285774, 0
-0.741264, 0.660058, 1
0.523707, -0.054206, 0
0.075569, 0.425206, 1
-0.564521, 0.070391, 1
0.315697, -0.681566, 1
-0.573244, 0.548443, 0
0.060010, -0.171447, 1
0.753813, 0.398965, 1
-0.529725, 0.355771, 1
-0.824433, 0.410845, 0
-0.689791, 0.475793, 0
0.697989, -0.435418, 1
0.421211, -0.207740, 0
-0.547681, 0.374063, 1
-0.374259, -0.827299, 1
0.393919, 0.701310, 0
0.597908, 0.258769, 0
-0.670841, 0.177009, 1
-0.648179, -0.244085, 1
-0.274548, 0.411831, 1
0.584468, -0.520735, 1
-0.189204, -0.945256, 1
0.835036, -0.013637, 1
0.465588, -0.854755, 1
-0.537844, 0.163578, 1
-0.290173, 0.883367, 1
0.563314, -0.591843, 1
-0.419142, 0.328165, 1
-0.413066, 0.751676, 0
-0.787847, -0.083907, 1
-0.071315, -0.436027, 0
0.672008, 0.654137, 1
-0.866598, -0.213399, 1
0.772964, -0.223191, 1
0.940387, -0.176490, 1
0.383694, 0.681800, 0
-0.695618, 0.317940, 0
0.870855, -0.114760, 1
-0.353895, 0.761220, 0
0.064006, 0.233039, 0
0.512896, 0.276158, 0
0.077617, -0.770880, 1
-0.397463, -0.611163, 1
0.165646, -0.688759, 1
-0.389380, 0.106032, 0
0.134752, -0.270894, 1
0.002257, -0.481555, 0
-0.589093, 0.306639, 1
-0.808121, -0.517510, 1
-0.957018, 0.255885, 1
0.715529, 0.555878, 1
-0.467957, 0.864661, 1
-0.811889, -0.236582, 1
-0.677701, -0.209352, 1
0.152255, -0.480143, 0
0.166149, -0.682099, 1
-0.168902, 0.776768, 0
-0.494125, -0.573809, 1
-0.515705, -0.083219, 1
0.732830, -0.679320, 1
0.198543, 0.924709, 1
-0.196830, 0.241525, 0
0.180594, -0.481301, 0
-0.202596, 0.712637, 0
-0.616639, -0.205136, 1
-0.111958, -0.727077, 1
-0.167421, 0.210341, 0
0.063572, 0.984834, 1
-0.697265, -0.438704, 1
-0.472855, -0.487637, 1
-0.847141, 0.011440, 0
0.429145, 0.885689, 1
0.332120, -0.372312, 0
0.869214, -0.009008, 1
-0.346010, -0.333383, 0
-0.296371, 0.037350, 0
0.461481, -0.211558, 0
0.106512, -0.650477, 1
0.061365, 0.939091, 1
0.923925, 0.290061, 1
-0.126491, -0.893813, 1
0.389942, -0.697347, 1
-0.069659, 0.802273, 0
-0.142647, -0.200445, 1
-0.206735, 0.511343, 1
0.466172, 0.496894, 0
-0.451307, -0.072347, 0
-0.714664, 0.655205, 1
0.277176, 0.346701, 1
0.594296, -0.162960, 0
0.471638, 0.518221, 0
-0.643040, 0.060949, 1
0.363602, 0.796272, 1
-0.531035, -0.706056, 1
0.598545, 0.326318, 0
0.093498, -0.608190, 0
-0.162340, -0.440329, 0
0.888705, 0.386353, 1
0.487324, -0.825959, 1
0.041557, -0.235500, 1
0.520742, -0.364147, 0
0.601540, -0.007620, 0
-0.181325, 0.898955, 1
0.707099, 0.006115, 0
0.810962, 0.430667, 1
0.197833, -0.720073, 1
0.724610, -0.203622, 1
0.606244, -0.181891, 0
0.188188, -0.556096, 0
0.377780, 0.076892, 1
0.830257, -0.134897, 1
0.250933, -0.128186, 1
0.629603, -0.228325, 0
0.507667, 0.231143, 0
-0.040216, -0.417270, 0
0.560697, -0.333117, 0
0.588846, 0.157862, 0
-0.269058, 0.655910, 0
-0.440577, -0.458096, 1
0.086577, 0.757256, 0
-0.178169, -0.188812, 1
-0.446366, -0.571925, 1
0.629296, 0.741822, 1
-0.128021, 0.007076, 1
-0.181286, -0.297764, 0
0.574050, 0.501783, 0
-0.158678, 0.081717, 1
-0.267074, -0.394622, 0
-0.256541, 0.692710, 0
0.188108, -0.695845, 1
-0.640407, -0.223046, 1
0.462017, 0.090536, 1
0.632440, 0.519442, 1
0.778696, -0.545729, 1
-0.669371, -0.667670, 1
-0.117655, 0.959926, 1
-0.032998, -0.107135, 1
-0.543440, -0.160819, 1
-0.037487, -0.969390, 1
0.112328, 0.073890, 0
-0.233400, 0.597321, 1
-0.840058, 0.126194, 0
-0.625725, 0.621959, 0
-0.783270, -0.192860, 1
-0.673418, 0.422095, 0
-0.696560, -0.342789, 1
0.754424, 0.185786, 1
-0.382863, 0.828575, 1
-0.059890, 0.584138, 1
-0.278559, 0.396670, 1
-0.576680, 0.683954, 0
0.427281, -0.235716, 0
0.487789, -0.460392, 0
-0.604606, -0.395225, 1
0.494323, -0.444664, 0
-0.324261, 0.820693, 0
0.796868, 0.002320, 1
0.242788, -0.899692, 1
0.659531, -0.002788, 0
0.286094, -0.723332, 1
-0.174212, -0.773796, 1
0.622874, -0.715874, 1
0.231182, 0.050155, 0
0.048410, -0.281029, 1
0.589763, -0.113416, 0
-0.459506, 0.222327, 1
0.170025, -0.345366, 1
-0.461518, -0.033107, 0
0.067201, 0.316486, 0
-0.221517, -0.646706, 1
0.593154, 0.604270, 1
-0.420502, 0.453960, 1
0.151499, -0.797627, 1
0.738086, -0.617318, 1
0.252528, -0.213504, 1
0.101653, -0.157709, 1
0.673080, 0.717626, 1
-0.172551, 0.164438, 0
0.827923, 0.367943, 1
-0.538548, -0.375786, 1
-0.594516, 0.590883, 0
0.434892, 0.183967, 1
0.944178, 0.028046, 1
-0.211763, -0.476324, 0
-0.273951, -0.779909, 1
0.006587, 0.424071, 1
-0.179133, -0.320333, 0
0.141697, 0.648316, 0
0.844105, -0.030380, 1
0.016259, -0.769130, 1
-0.223562, 0.101991, 0
0.787660, 0.237890, 1
0.356296, -0.868312, 1
0.902225, -0.208812, 1
0.315655, 0.846403, 1
-0.629921, -0.698761, 1
-0.956371, 0.096128, 0
-0.478670, -0.633953, 1
0.074704, 0.527918, 1
-0.792415, -0.068185, 1
-0.717440, -0.322128, 1
0.915762, 0.388342, 1
-0.618438, 0.272058, 1
0.520031, -0.716213, 1
-0.936754, -0.164314, 1
-0.060422, -0.499731, 0
-0.816281, -0.016793, 1
0.596397, -0.294951, 0
0.349253, -0.328899, 0
-0.767033, 0.139371, 0
-0.433327, -0.559448, 1
-0.329292, -0.225199, 0
-0.349507, -0.667154, 1
-0.154979, -0.433745, 0
0.721189, 0.226583, 0
0.838313, 0.241219, 1
0.784039, 0.016483, 1
-0.327193, 0.348943, 1
-0.591672, -0.094225, 1
-0.511687, -0.024999, 1
0.346326, -0.440501, 0
0.085562, 0.838568, 0
-0.467881, 0.756271, 0
-0.386630, 0.182612, 0
-0.315027, 0.587180, 0
0.051525, -0.804657, 1
0.488739, 0.128430, 1
0.835903, 0.272778, 1
0.240536, -0.855397, 1
-0.180882, 0.981859, 1
0.097288, -0.834555, 1
-0.458642, -0.817150, 1
-0.995987, 0.073477, 1
0.838544, -0.239255, 1
0.592135, -0.109931, 0
-0.043912, 0.080873, 1
-0.231277, 0.594188, 1
-0.691985, -0.517319, 1
0.507531, 0.801560, 1
-0.395032, -0.673351, 1
-0.507906, -0.675223, 1
0.398254, 0.824227, 1
0.113489, 0.654343, 0
0.852465, 0.189261, 1
0.659298, 0.691009, 1
0.950007, 0.251433, 1
-0.418923, -0.093905, 0
-0.667694, -0.400424, 1
0.698085, -0.314042, 1
-0.237012, -0.533192, 0
-0.719854, 0.071002, 1
-0.050511, 0.787677, 0
-0.127437, 0.554457, 1
-0.885674, -0.344018, 1
0.256713, -0.393580, 0
-0.019241, 0.141819, 0
0.102527, -0.620986, 0
-0.033954, -0.783984, 1
-0.966643, -0.181489, 1
0.405277, 0.692655, 0
-0.490480, 0.355284, 1
-0.055913, 0.090597, 1
-0.738621, 0.276394, 0
-0.573728, -0.757503, 1
0.524163, 0.375761, 0
-0.069782, -0.855500, 1
0.052708, -0.813069, 1
-0.249080, -0.966533, 1
0.328750, 0.853447, 1
-0.587519, -0.705204, 1
0.113307, 0.474740, 1
-0.169976, 0.082579, 1
-0.286577, 0.091402, 0
-0.641027, -0.596404, 1
0.050866, -0.678676, 1
-0.143243, 0.477139, 1
-0.436179, -0.619080, 1
-0.147100, -0.406005, 0
-0.222354, 0.783118, 0
-0.261505, 0.830354, 0
0.863821, 0.298799, 1
0.342862, -0.723698, 1
0.593595, 0.412324, 0
-0.277861, -0.293098, 0
-0.112936, -0.139369, 1
-0.670272, 0.717088, 1
0.943211, 0.043151, 1
-0.191510, -0.697816, 1
0.446748, 0.859357, 1
-0.376492, -0.696496, 1
0.336495, 0.187329, 1
-0.315576, -0.810605, 1
0.781324, 0.462070, 1
0.292424, 0.942561, 1
0.241360, 0.352095, 1
0.432546, -0.165045, 1
-0.235581, -0.845314, 1
0.541856, 0.651483, 1
0.015317, 0.871584, 0
0.368571, -0.041472, 1
-0.085264, -0.822939, 1
0.260712, -0.638517, 1
-0.335012, 0.372913, 1
0.071549, 0.349412, 0
0.562307, -0.147127, 0
-0.188518, 0.534820, 1
0.372692, -0.896095, 1
0.477381, 0.381925, 0
0.260150, -0.281259, 1
-0.265980, -0.307303, 0
0.553696, 0.498439, 0
-0.152618, 0.095552, 1
0.149922, 0.862699, 1
-0.032863, -0.481507, 0
-0.178773, 0.881872, 1
-0.304446, -0.918061, 1
-0.756644, -0.268028, 1
0.966160, -0.091657, 1
-0.895116, 0.037709, 0
-0.742245, 0.667191, 1
0.890582, 0.069237, 1
0.202011, 0.263274, 1
0.173142, -0.320608, 1
-0.354801, -0.566708, 1
0.398134, 0.379219, 1
0.125989, -0.048171, 0
-0.122342, 0.973371, 1
0.836070, 0.014518, 1
-0.453927, -0.342702, 1
-0.103609, 0.241627, 0
-0.260763, 0.139746, 0
0.745674, 0.633688, 1
0.375081, -0.052315, 1
-0.103038, -0.451776, 0
0.627078, 0.542162, 1
-0.018484, 0.025211, 1
-0.078619, -0.892495, 1
0.038941, -0.627307, 0
0.614321, 0.313481, 0
0.075078, 0.587919, 1
-0.981122, 0.123168, 0
0.429012, 0.412076, 0
0.395672, -0.195907, 1
-0.640238, -0.707366, 1
0.012051, -0.243823, 1
-0.558662, -0.010908, 1
-0.444784, -0.477786, 1
0.013515, -0.618164, 0
-0.245471, 0.013404, 0
-0.673114, 0.062865, 1
0.035248, 0.503420, 1
-0.580861, 0.395010, 1
0.381850, 0.630850, 0
-0.612973, -0.453373, 1
0.382993, -0.057757, 1
0.068841, -0.603493, 0
0.324079, 0.508001, 0
-0.478595, -0.563250, 1
-0.552541, -0.151709, 1
0.499615, -0.595772, 1
0.194055, 0.685648, 0
0.300693, 0.062647, 1
-0.194777, 0.719832, 0
-0.542344, -0.398723, 1
0.491288, 0.839506, 1
-0.767874, 0.596576, 1
-0.766593, -0.380847, 1
0.561396, 0.212043, 0
-0.987094, -0.114524, 1
-0.279956, -0.538131, 1
-0.035916, 0.241449, 0
-0.101382, 0.411543, 1
0.815770, 0.283796, 1
-0.414402, 0.384575, 1
-0.094184, 0.390821, 1
0.104407, 0.363472, 1
0.202978, -0.775776, 1
-0.807729, 0.436385, 0
-0.156623, -0.664526, 1
0.052784, -0.595226, 0
0.547517, 0.065690, 0
0.290249, -0.732439, 1
0.527558, -0.745667, 1
0.509011, -0.573823, 1
0.665876, 0.598751, 1
-0.175590, 0.481647, 1
-0.117453, -0.091708, 1
0.324816, 0.468145, 1
-0.141034, 0.397274, 1
0.594104, -0.148936, 0
0.075288, -0.814760, 1
-0.479286, 0.286251, 1
-0.648059, 0.613688, 0
-0.694324, 0.533898, 0
0.443554, 0.130087, 1
0.015544, -0.673899, 1
-0.429008, -0.346787, 0
0.504277, 0.721490, 1
-0.037821, -0.420435, 0
0.906730, 0.195646, 1
-0.501769, -0.572556, 1
-0.518103, -0.178330, 1
-0.504326, -0.166162, 1
-0.564642, -0.168533, 1
-0.286662, -0.696621, 1
-0.323730, 0.019014, 0
-0.850899, -0.147179, 1
-0.554074, -0.812521, 1
0.193181, -0.759828, 1
-0.481274, 0.764173, 0
-0.106614, -0.752754, 1
0.968736, -0.108553, 1
-0.022772, 0.875466, 0
-0.697090, -0.431010, 1
-0.702872, -0.201416, 1
0.402828, -0.267514, 0
0.035865, -0.693679, 1
0.135180, -0.126858, 0
-0.573855, 0.284281, 1
0.725962, -0.127929, 1
0.471760, -0.080857, 1
0.112243, 0.990486, 1
-0.762268, -0.387416, 1
-0.596708, -0.793532, 1
0.504032, 0.380520, 0
-0.144021, -0.615156, 1
-0.839885, 0.153107, 0
0.183428, 0.562944, 1
0.885593, -0.186521, 1
0.679110, -0.078542, 0
0.119800, -0.185710, 1
0.794600, 0.545945, 1
-0.581984, 0.570331, 0
-0.560295, 0.530259, 0
0.560816, 0.123021, 0
0.535888, 0.798549, 1
0.319700, -0.913048, 1
-0.169239, -0.824321, 1
-0.528204, -0.009124, 1
0.328786, 0.655224, 0
-0.446180, 0.214379, 1
-0.531297, -0.767070, 1
0.047219, 0.930436, 1
0.134448, 0.145790, 0
0.450998, 0.552464, 0
-0.283880, 0.890703, 1
0.082724, -0.723063, 1
0.013724, -0.381388, 0
-0.924515, -0.250671, 1
-0.832546, -0.180273, 1
0.810603, 0.381956, 1
-0.705527, -0.635576, 1
-0.403665, -0.236824, 0
-0.402647, -0.267829, 0
-0.648321, 0.644573, 0
-0.337392, 0.486127, 1
-0.209638, -0.886394, 1
0.038591, 0.506483, 1
0.783419, 0.018033, 1
-0.260073, 0.858904, 0
0.767362, 0.297718, 1
0.175210, -0.893140, 1
-0.423946, 0.228380, 1
-0.253890, -0.613342, 1
-0.389665, 0.040583, 0
-0.248919, 0.206670, 0
0.803759, 0.348434, 1
-0.006993, -0.398551, 0
-0.284945, -0.319843, 0
0.289852, -0.280636, 1
-0.198529, 0.073271, 1
0.737398, 0.541398, 1
-0.067825, 0.504760, 1
-0.160884, -0.128418, 1
-0.021558, 0.837141, 0
0.242705, 0.724552, 0
-0.234865, -0.025120, 1
0.059710, -0.431106, 0
-0.676685, -0.001449, 1
-0.275667, 0.316322, 0
0.600001, -0.634102, 1
0.099691, -0.684945, 1
0.046054, -0.610457, 0
0.034420, 0.847526, 0
0.462814, -0.228183, 0
0.388924, -0.605011, 1
0.266572, 0.537664, 0
0.374805, 0.485071, 0
0.338112, -0.265298, 1
-0.426515, -0.602178, 1
0.303596, -0.103200, 1
-0.786878, -0.003626, 1
-0.606174, 0.312813, 1
0.311430, 0.439880, 1
0.702356, -0.654150, 1
0.287406, 0.165170, 1
0.117667, -0.323670, 1
0.560159, 0.394244, 0
-0.095630, -0.173269, 1
-0.068092, 0.146736, 0
0.071745, -0.693286, 1
-0.368193, 0.041311, 0
0.776013, -0.521197, 1
-0.632259, 0.079609, 1
0.375603, 0.764115, 1
0.107538, 0.588725, 1
-0.239510, 0.501364, 1
-0.098463, -0.928080, 1
-0.058756, -0.396107, 0
-0.582231, -0.771349, 1
0.769063, 0.535437, 1
-0.095020, 0.329222, 0
-0.070319, 0.809350, 0
-0.043914, 0.227698, 0
0.124631, 0.928028, 1
0.516753, -0.549842, 1
0.733533, -0.581710, 1
-0.477922, -0.325223, 1
0.022184, -0.060153, 0
-0.096572, -0.208753, 1
-0.524716, 0.808408, 1
-0.879531, 0.404965, 1
0.617758, -0.723578, 1
0.266554, -0.426156, 0
0.504120, 0.434857, 0
0.508479, 0.719548, 1
0.645101, -0.057218, 0
0.174951, 0.505685, 1
0.784927, -0.091517, 1
0.583260, -0.053841, 0
0.246852, -0.513312, 0
0.127100, 0.912854, 1
-0.513302, 0.638416, 0
0.828512, -0.351565, 1
0.411545, 0.336991, 1
-0.632017, 0.229696, 1
-0.827522, 0.386827, 0
0.347853, 0.347429, 1
-0.107487, 0.132780, 1
-0.744088, -0.183512, 1
0.439785, 0.839173, 1
0.762648, -0.313363, 1
-0.674139, 0.500053, 0
-0.591227, -0.379043, 1
0.357928, 0.535873, 0
-0.466188, 0.492224, 1
0.929528, 0.020510, 1
0.130640, 0.758040, 0
0.668944, -0.457815, 1
0.095031, -0.963073, 1
0.771882, -0.507074, 1
0.879753, 0.397864, 1
0.291789, -0.227734, 1
-0.469356, 0.547701, 0
0.386874, 0.351401, 1
-0.342934, 0.712735, 0
-0.148546, 0.065839, 1
-0.398288, -0.132496, 0
0.701606, -0.468760, 1
0.888014, -0.167753, 1
-0.710720, 0.556959, 0
0.374432, 0.384310, 1
0.593886, 0.146314, 0
0.090674, 0.756989, 0
0.041761, -0.617537, 0
-0.470745, 0.572405, 0
0.542835, 0.317039, 0
0.469410, -0.800099, 1
0.029774, -0.679136, 1
0.265740, 0.363467, 1
-0.469754, 0.867452, 1
0.064099, -0.312028, 1
0.675944, -0.561468, 1
-0.927718, 0.269830, 0
-0.086273, -0.324481, 1
0.057982, -0.764238, 1
0.527892, -0.011854, 0
-0.646229, 0.070727, 1
0.270628, 0.334958, 1
-0.855955, -0.463632, 1
-0.301575, -0.325709, 0
-0.596180, -0.070604, 1
-0.093856, -0.197487, 1
0.048381, 0.970243, 1
0.490485, -0.275676, 0
-0.591225, 0.562767, 0
0.512286, -0.092120, 0
-0.330861, 0.218793, 0
-0.136632, 0.727121, 0
0.454555, -0.608740, 1
-0.284734, 0.808326, 0
0.461987, 0.020450, 1
0.631507, -0.267385, 0
0.268983, 0.053833, 1
-0.550158, 0.672803, 0
-0.524684, 0.031609, 1
0.528567, 0.750087, 1
0.728625, 0.040853, 0
-0.342032, -0.602236, 1
-0.740354, 0.521335, 0
0.912596, -0.159849, 1
0.522528, 0.374583, 0
0.860601, 0.154034, 1
-0.070415, 0.376180, 0
0.269843, 0.379428, 1
0.048983, 0.253071, 0
-0.264586, 0.524299, 1
0.796648, 0.018667, 1
0.790702, 0.525273, 1
-0.111929, 0.555895, 1
0.257183, -0.251328, 1
-0.290071, 0.364381, 1
-0.035318, 0.639515, 0
-0.259439, -0.765475, 1
0.018942, 0.789545, 0
0.487596, 0.754356, 1
0.313844, 0.772277, 0
0.816000, -0.196057, 1
0.137921, 0.882129, 1
-0.947737, 0.060957, 0
0.108878, -0.765338, 1
0.790557, 0.162052, 1
-0.254378, -0.499514, 0
-0.473567, 0.710304, 0
-0.859999, 0.266994, 0
0.944829, 0.158943, 1
0.056539, 0.432425, 1
-0.086700, -0.629617, 1
0.204702, -0.270700, 1
0.174326, 0.017593, 0
-0.658052, -0.003065, 1
-0.378814, 0.479869, 1
-0.120936, -0.326551, 0
-0.459174, 0.080359, 0
-0.304283, 0.649704, 0
0.315021, -0.399414, 0
0.646654, 0.105579, 0
0.762638, -0.607724, 1
0.606065, -0.710929, 1
-0.094991, -0.387395, 0
0.479834, 0.818309, 1
-0.017012, -0.315464, 1
-0.452392, -0.842687, 1
0.702129, -0.110444, 0
0.154249, -0.676685, 1
-0.003236, -0.089749, 0
0.113672, 0.692481, 0
-0.440045, -0.571306, 1
-0.401114, 0.140337, 0
-0.655224, -0.298534, 1
-0.113597, 0.900842, 1
-0.251125, 0.791412, 0
-0.486553, -0.771291, 1
0.609721, 0.496434, 0
-0.086756, -0.842671, 1
0.653748, -0.384627, 1
0.046885, -0.192004, 1
-0.061312, 0.416309, 1
-0.158691, 0.935452, 1
0.627933, -0.113485, 0
0.093124, 0.917947, 1
0.058284, -0.678518, 1
-0.777676, 0.142351, 0
0.736100, -0.264229, 1
0.371060, 0.345820, 1
-0.100323, -0.449966, 0
-0.306051, 0.838365, 0
0.490239, 0.401750, 0
0.179418, 0.873914, 1
0.322750, -0.727458, 1
0.791861, 0.299456, 1
0.964552, -0.149854, 1
0.620938, -0.641972, 1
-0.205167, 0.843262, 0
0.500378, -0.469068, 0
-0.420967, -0.128562, 0
0.876753, -0.188762, 1
0.155742, 0.379902, 1
-0.302809, -0.944581, 1
-0.073602, 0.667600, 0
-0.810817, -0.583362, 1
0.069350, 0.368601, 1
-0.709448, -0.607900, 1
0.691556, 0.605695, 1
-0.067441, 0.312495, 0
0.155757, 0.464101, 1
-0.453972, 0.491281, 1
0.514979, 0.243219, 0
0.546699, 0.444916, 0
-0.365641, 0.440482, 1
0.341195, 0.560757, 0
0.108083, 0.530378, 1
-0.101021, -0.732053, 1
-0.430467, -0.459878, 1
-0.649640, -0.738911, 1
-0.854183, 0.282919, 0
0.010311, -0.270660, 1
0.573641, 0.268635, 0
0.403712, 0.010158, 1
0.400460, -0.081309, 1
-0.746623, -0.052840, 1
-0.636393, -0.112264, 1
-0.612358, 0.704802, 1
-0.551506, 0.495725, 0
0.235180, -0.574111, 0
-0.306164, -0.757310, 1
-0.325718, 0.044196, 0
-0.496221, -0.179900, 1
-0.070360, 0.337426, 0
-0.193297, -0.496719, 0
-0.393939, 0.270833, 1
-0.071535, -0.465632, 0
-0.239919, 0.292072, 0
0.422104, 0.147723, 1
-0.003126, 0.870598, 0
-0.356552, -0.767946, 1
-0.703514, -0.683395, 1
-0.633786, -0.009678, 1
-0.440705, 0.040496, 0
-0.965482, 0.063074, 0
0.140436, -0.209765, 1
0.293516, -0.694879, 1
0.217971, 0.705977, 0
-0.685106, 0.498962, 0
0.518899, 0.243359, 0
-0.464570, 0.455434, 1
0.426703, 0.532304, 0
0.326031, -0.929849, 1
0.764359, 0.622518, 1
-0.387160, -0.053950, 0
0.171069, -0.352642, 1
-0.990876, 0.031665, 0
0.008992, 0.149560, 0
0.821900, -0.291948, 1
0.096698, 0.115417, 0
0.013173, -0.685331, 1
-0.178606, 0.328067, 0
-0.428574, 0.846961, 1
-0.380728, 0.106856, 0
-0.360839, -0.371575, 0
-0.749057, -0.497118, 1
-0.465907, -0.136217, 0
0.448932, 0.705162, 1
0.511141, 0.458056, 0
-0.263173, -0.479867, 0
-0.392384, -0.441273, 1
0.228185, 0.704314, 0
-0.164170, -0.859150, 1
0.679575, 0.455103, 1
0.247707, -0.018031, 1
0.610394, 0.617204, 1
-0.879914, -0.175521, 1
-0.274880, 0.569018, 1
-0.470359, -0.763739, 1
0.027074, 0.266468, 0
-0.243605, 0.634690, 0
0.339004, 0.499339, 0
-0.774063, 0.357988, 0
0.190602, -0.169293, 1
0.936212, -0.129823, 1
-0.714190, 0.183918, 0
0.070786, 0.462540, 1
0.404092, 0.361173, 1
0.323878, 0.524178, 0
0.093195, -0.284707, 1
0.981762, 0.041654, 1
0.026233, 0.093964, 1
0.306296, 0.252170, 1
-0.548048, 0.301173, 1
0.047532, 0.642554, 0
-0.868119, -0.016256, 1
-0.487270, -0.582309, 1
-0.795421, 0.238448, 0
-0.400379, 0.151294, 0
0.132848, -0.214727, 1
0.200292, -0.773956, 1
0.500566, 0.485551, 0
-0.653687, 0.482328, 0
0.289285, 0.553438, 0
0.195237, -0.404419, 0
-0.194392, 0.647189, 0
-0.163117, 0.802473, 0
-0.553674, 0.004546, 1
-0.832651, -0.349095, 1
-0.740425, -0.157386, 1
0.146060, 0.392424, 1
0.627887, -0.653649, 1
0.618468, 0.128453, 0
-0.389219, -0.640892, 1
0.912546, 0.261292, 1
-0.504354, -0.281846, 1
-0.091519, -0.607600, 1
-0.428706, -0.801777, 1
-0.578965, 0.408178, 0
0.518265, -0.344283, 0
0.498330, 0.308870, 0
0.170264, 0.126217, 0
0.655222, -0.211268, 0
-0.745330, 0.487124, 0
-0.246487, -0.134549, 1
0.846232, -0.180432, 1
-0.234484, 0.758778, 0
-0.919140, 0.261162, 0
-0.523068, -0.010659, 1
0.653562, 0.048226, 0
0.187564, -0.925404, 1
-0.543596, 0.188260, 1
-0.058043, -0.130873, 1
0.356306, -0.539778, 0
0.524843, 0.519116, 0
-0.761938, 0.023174, 0
-0.172013, 0.408327, 1
-0.850609, -0.516791, 1
-0.802941, -0.595939, 1
0.970333, -0.049428, 1
0.269511, 0.816565, 1
0.296189, -0.947725, 1
-0.159659, -0.050250, 1
0.100501, -0.972095, 1
0.024347, 0.556905, 1
0.216165, 0.966303, 1
-0.573968, -0.427530, 1
-0.908413, -0.335413, 1
-0.025951, -0.080426, 0
-0.927086, 0.123440, 0
0.402783, -0.730027, 1
0.527501, 0.373116, 0
0.220545, -0.202988, 1
0.189681, -0.009315, 0
-0.167961, -0.234976, 1
-0.158315, -0.871772, 1
-0.182701, 0.682026, 0
0.077978, 0.917801, 1
0.474706, -0.073904, 1
0.498566, -0.504847, 1
0.159740, -0.174339, 1
-0.490273, 0.232654, 1
0.502627, 0.476602, 0
0.285625, -0.276829, 1
-0.726385, -0.524694, 1
0.713856, 0.105654, 0
0.240330, -0.444458, 0
0.233882, -0.942370, 1
-0.585814, 0.450136, 0
-0.126406, -0.517186, 0
0.350874, -0.627840, 1
-0.022033, 0.202486, 0
-0.615451, -0.127012, 1
0.453851, 0.670174, 0
0.596159, 0.727466, 1
-0.854519, 0.310016, 0
-0.166880, 0.385811, 1
-0.621137, 0.418871, 0
-0.949377, -0.206952, 1
-0.130992, -0.075783, 1
0.275862, -0.780119, 1
0.296377, -0.746171, 1
0.422368, 0.258690, 1
-0.608463, 0.450515, 0
0.427764, -0.884721, 1
-0.365114, -0.118384, 0
0.541061, 0.442201, 0
0.316745, 0.406618, 1
0.509203, -0.239815, 0
-0.820943, 0.560366, 1
-0.318886, 0.048064, 0
0.267946, 0.780960, 0
-0.789195, -0.309687, 1
0.039649, -0.397658, 0
-0.859172, -0.229621, 1
-0.635760, 0.568592, 0
-0.114343, -0.000874, 1
-0.549792, -0.328890, 1
0.230172, 0.059289, 0
-0.397956, -0.228767, 0
-0.321026, 0.687595, 0
0.898759, -0.141970, 1
0.247961, -0.420127, 0
-0.463151, 0.174040, 1
0.513504, -0.252346, 0
0.864353, -0.446847, 1
0.323531, 0.714237, 0
0.573774, -0.790812, 1
-0.119701, 0.943535, 1
0.083271, 0.482343, 1
-0.285232, 0.584761, 1
0.401131, -0.107380, 1
-0.419785, 0.494214, 1
-0.061865, 0.828176, 0
-0.925913, -0.155771, 1
0.560720, -0.389064, 0
-0.981731, 0.074223, 0
0.358590, 0.882622, 1
0.627376, -0.291413, 0
0.887803, -0.049093, 1
-0.577177, 0.461577, 0
0.160096, 0.136186, 0
0.079722, -0.431171, 0
0.522737, 0.794490, 1
-0.846410, -0.076132, 1
-0.312890, 0.749045, 0
0.003973, 0.267325, 0
0.243259, 0.942107, 1
0.095501, 0.317346, 0
-0.213663, -0.343779, 0
0.928282, -0.195394, 1
0.730444, 0.286872, 1
-0.312772, 0.357820, 1
-0.691272, -0.581718, 1
0.554468, 0.522166, 0
0.509218, -0.365810, 0
-0.909005, 0.031955, 0
-0.571320, -0.755414, 1
0.955823, 0.115790, 1
0.993631, -0.040204, 1
-0.616885, 0.236890, 1
-0.098097, 0.478616, 1
-0.445764, 0.688240, 0
0.769389, 0.180074, 1
0.223101, 0.764848, 0
0.755105, 0.531829, 1
0.000652, 0.737598, 0
0.313879, -0.490130, 0
-0.628213, 0.404874, 0
0.541826, -0.199533, 0
0.649460, 0.497649, 1
-0.542555, -0.700629, 1
-0.120019, 0.359348, 0
0.777987, 0.434216, 1
0.047588, 0.912824, 1
-0.279492, 0.001206, 0
0.450971, -0.524388, 1
-0.466966, 0.634100, 0
-0.732675, 0.533687, 0
0.371697, 0.581204, 0
-0.013922, 0.585383, 1
-0.456048, -0.364461, 1
0.083031, -0.539792, 0
-0.721371, 0.540476, 0
-0.240420, 0.158610, 0
-0.100176, -0.462433, 0
-0.549609, -0.490440, 1
0.487846, -0.771505, 1
0.229701, 0.646654, 0
-0.316034, 0.762735, 0
0.280754, -0.048709, 1
0.296421, -0.347549, 0
-0.467505, 0.339978, 1
-0.604064, 0.518574, 0
-0.074639, -0.060113, 1
0.400096, -0.567258, 1
0.591352, -0.551307, 1
-0.302757, -0.815821, 1
-0.603895, 0.147633, 1
-0.306261, 0.883951, 1
0.376128, -0.110578, 1
-0.907695, -0.394171, 1
-0.463924, -0.223729, 0
0.727562, 0.664985, 1
-0.530720, -0.739942, 1
0.004964, -0.134784, 1
0.938717, 0.205199, 1
-0.634514, 0.487586, 0
0.209751, -0.165245, 1
-0.783665, -0.414121, 1
0.191708, -0.739747, 1
0.084911, 0.560272, 1
-0.922918, -0.187527, 1
0.225257, -0.453637, 0
0.072530, -0.769779, 1
0.411579, -0.148838, 1
-0.839454, 0.216682, 0
-0.216095, -0.900737, 1
-0.578118, 0.149391, 1
0.586848, 0.786756, 1
0.106229, 0.523127, 1
0.848874, 0.247245, 1
0.855510, 0.058625, 1
-0.619516, -0.163788, 1
-0.722132, 0.621741, 1
-0.310125, 0.350398, 1
0.318137, -0.014535, 1
0.526775, 0.241085, 0
0.221746, 0.375648, 1
-0.511670, 0.077257, 1
-0.565727, -0.429670, 1
0.149102, -0.921223, 1
-0.623493, 0.529586, 0
-0.085011, -0.557062, 0
-0.005019, 0.311473, 0
-0.413549, 0.272849, 1
-0.066786, 0.276326, 0
-0.376753, -0.214824, 0
0.377781, -0.175194, 1
-0.202316, -0.304083, 0
0.810271, -0.090545, 1
0.186212, 0.829821, 0
0.338358, 0.674541, 0
-0.092922, 0.772631, 0
0.851408, -0.378621, 1
0.585766, -0.233604, 0
0.064317, -0.419253, 0
0.853596, 0.011083, 1
-0.072906, -0.523157, 0
0.301649, -0.406057, 0
0.000791, 0.111920, 1
0.503398, 0.436726, 0
0.057047, -0.888527, 1
0.399436, -0.756741, 1
0.941294, -0.262206, 1
0.917801, -0.151627, 1
-0.489575, -0.837328, 1
-0.095447, -0.638168, 1
-0.215949, -0.509681, 0
0.128228, 0.848367, 0
0.071066, 0.206097, 0
0.499134, -0.075338, 0
-0.782820, -0.573772, 1
-0.268898, -0.296846, 0
-0.392619, 0.731893, 0
0.168619, -0.127878, 1
-0.777748, -0.431945, 1
0.115381, -0.836453, 1
0.305848, 0.033182, 1
0.011919, 0.816273, 0
0.195854, 0.916472, 1
-0.593210, 0.306334, 1
0.828272, 0.477857, 1
-0.487569, 0.327406, 1
-0.597481, -0.270389, 1
-0.256951, -0.515264, 0
-0.492822, 0.350430, 1
0.461209, 0.385248, 0
0.194375, 0.683462, 0
0.847008, 0.259151, 1
0.342938, -0.141073, 1
0.075424, -0.461208, 0
-0.224601, 0.253529, 0
-0.481304, 0.182189, 1
-0.440137, -0.653032, 1
-0.339954, 0.072294, 0
0.674374, 0.062565, 0
0.801905, 0.428007, 1
-0.133411, -0.455046, 0
0.912743, 0.373767, 1
0.696020, 0.356593, 0
0.514619, -0.109605, 0
0.040055, 0.467922, 1
0.200151, -0.112937, 1
-0.272927, -0.456911, 0
0.081881, -0.478611, 0
0.056026, 0.600577, 1
0.703579, 0.615889, 1
-0.311817, 0.621919, 0
0.426189, -0.509912, 0
0.049926, -0.707222, 1
0.035041, -0.037331, 0
0.666545, -0.069575, 0
0.092041, 0.362565, 1
-0.712982, -0.393340, 1
-0.747040, 0.327073, 0
-0.785864, -0.198346, 1
-0.395849, 0.078081, 0
-0.518484, 0.660178, 0
-0.321342, -0.814905, 1
0.276067, -0.373797, 0
-0.545662, 0.298048, 1
-0.732313, 0.489379, 0
-0.580196, 0.352757, 1
0.296797, -0.293178, 1
0.002867, -0.751968, 1
-0.164347, -0.000933, 1
-0.791842, 0.439805, 0
-0.922853, -0.310326, 1
0.099982, -0.244195, 1
-0.125231, -0.623951, 1
0.382008, 0.423488, 0
-0.659701, 0.630130, 0
0.398397, -0.205363, 1
-0.071822, 0.666084, 0
-0.715984, 0.188894, 0
0.600316, -0.296180, 0
-0.458348, -0.102887, 0
0.410642, -0.498931, 0
-0.553130, 0.444538, 0
-0.464933, 0.449737, 1
0.692569, 0.370721, 0
-0.189475, -0.474049, 0
-0.409598, 0.910507, 1
0.281756, 0.465171, 1
-0.713443, -0.336236, 1
-0.111341, -0.373144, 0
0.421493, 0.222071, 1
-0.589034, 0.553456, 0
-0.590672, -0.047382, 1
-0.549430, 0.819970, 1
0.453686, -0.102561, 1
-0.652823, -0.042923, 1
0.359474, -0.204020, 1
-0.142196, -0.830000, 1
0.321931, 0.448206, 1
-0.086624, -0.632936, 1
0.267452, 0.802035, 0
-0.006080, 0.561345, 1
-0.216583, -0.957768, 1
-0.879080, 0.194383, 0
0.595688, -0.469752, 1
-0.649782, 0.600686, 0
-0.056303, 0.614725, 1
0.589440, 0.290874, 0
-0.428198, -0.051086, 0
0.118914, 0.408786, 1
-0.122189, 0.199421, 0
0.566485, 0.279925, 0
0.593223, -0.439596, 1
-0.158730, 0.682315, 0
-0.024184, 0.624687, 1
0.724546, 0.096737, 0
-0.180930, 0.320234, 0
0.626985, -0.033930, 0
-0.433244, -0.689811, 1
0.105110, 0.687918, 0
0.593336, -0.775976, 1
0.096703, -0.528853, 0
0.423446, 0.109177, 1
-0.737665, -0.010070, 1
0.550335, 0.230372, 0
0.537873, -0.473849, 1
-0.144941, 0.262419, 0
0.622888, 0.674128, 1
-0.417346, 0.249873, 1
0.227076, 0.206954, 0
-0.740664, -0.180996, 1
0.363150, 0.860399, 1
-0.017266, -0.531740, 0
0.548316, -0.423930, 0
-0.307715, -0.354980, 0
0.047217, -0.884270, 1
0.754196, 0.309552, 1
0.105661, -0.856702, 1
0.165111, -0.344005, 1
0.373670, -0.297016, 0
0.182147, -0.771271, 1
0.965403, -0.194965, 1
-0.502797, 0.281984, 1
0.750009, -0.243462, 1
-0.899012, 0.113158, 0
-0.383063, 0.083722, 0
0.659791, -0.726297, 1
-0.189727, -0.292991, 0
-0.610566, -0.435530, 1
-0.292232, 0.181672, 0
0.884656, 0.333237, 1
-0.243922, -0.104682, 1
0.475163, -0.493914, 0
0.651856, 0.576151, 1
0.619245, -0.731207, 1
-0.340128, 0.200664, 0
-0.565953, -0.680336, 1
0.474367, 0.244320, 1
0.026672, 0.863801, 0
0.808790, 0.043234, 1
0.358895, -0.483442, 0
-0.775095, 0.509984, 0
-0.402005, -0.890439, 1
-0.156779, -0.091839, 1
0.959620, -0.018507, 1
0.121184, -0.642265, 1
0.174672, 0.877262, 1
0.253053, -0.350165, 0
-0.616652, -0.095091, 1
0.173703, -0.114143, 1
0.203257, 0.607750, 0
0.205521, -0.322376, 1
-0.147930, -0.767807, 1
-0.458576, -0.339140, 1
0.275427, 0.900319, 1
0.177417, 0.500332, 1
0.410304, 0.775412, 1
0.609893, -0.746475, 1
-0.316427, 0.569513, 1
0.235017, 0.804757, 0
0.682019, 0.180301, 0
0.059524, -0.934633, 1
-0.914789, 0.285509, 0
-0.932040, 0.258914, 0
-0.828634, 0.271217, 0
-0.133337, 0.376887, 0
0.609081, -0.509735, 1
-0.620407, -0.115493, 1
-0.609416, 0.557010, 0
0.564246, 0.289429, 0
0.820752, 0.491494, 1
0.699118, 0.502770, 1
-0.328204, -0.241358, 0
0.568137, -0.242994, 0
-0.092686, -0.117417, 1
0.592404, -0.143846, 0
-0.398684, 0.201485, 0
0.346419, -0.019091, 1
-0.462081, -0.529168, 1
-0.534435, 0.592301, 0
-0.118270, 0.707087, 0
0.521305, -0.419152, 0
0.209857, -0.806899, 1
0.339490, -0.222006, 1
-0.049893, 0.383640, 1
-0.585908, -0.033973, 1
0.599157, 0.321405, 0
0.848611, 0.191561, 1
-0.822440, -0.550073, 1
-0.606954, 0.523979, 0
0.430836, -0.520962, 0
-0.050130, -0.201129, 1
0.839095, 0.415435, 1
-0.608827, 0.725430, 1
0.445246, 0.272903, 1
0.432517, -0.033449, 1
0.853752, -0.357626, 1
0.159652, 0.193241, 0
0.420368, -0.890241, 1
-0.423118, 0.834460, 1
0.075786, -0.823961, 1
0.155865, -0.075604, 0
0.367600, 0.333425, 1
0.374323, 0.760646, 1
-0.142596, -0.194841, 1
-0.226086, 0.189554, 0
-0.082744, -0.386992, 0
-0.395011, 0.308429, 1
-0.418668, 0.770955, 0
0.016786, -0.564917, 0
0.668157, 0.361982, 0
-0.618754, -0.175978, 1
0.509492, 0.014851, 0
-0.534139, 0.749177, 0
0.133237, 0.239774, 0
-0.061269, -0.949507, 1
0.358922, -0.808779, 1
-0.624663, -0.624495, 1
-0.790798, 0.073375, 0
-0.564643, -0.409886, 1
-0.298618, -0.278265, 0
-0.661040, -0.141171, 1
0.873681, -0.151702, 1
0.597630, 0.006917, 0
0.057410, 0.940855, 1
-0.715220, -0.268078, 1
-0.530243, 0.071959, 1
-0.264416, -0.321040, 0
-0.854666, -0.055547, 1
-0.443681, -0.419309, 1
0.534567, 0.257701, 0
0.302426, 0.873527, 1
-0.466839, 0.319610, 1
-0.002871, -0.378767, 0
-0.529129, -0.305836, 1
0.610091, -0.172544, 0
-0.211584, 0.894870, 1
0.559378, 0.258173, 0
-0.033171, -0.705038, 1
0.937133, 0.112163, 1
0.239415, -0.506548, 0
0.692854, -0.226018, 1
0.751154, -0.004720, 1
-0.352491, 0.867685, 1
-0.319857, -0.630511, 1
0.857896, 0.213304, 1
0.689099, -0.144975, 0
0.834536, 0.545070, 1
-0.090436, -0.603376, 0
0.481123, 0.380435, 0
0.090787, 0.091214, 0
-0.013916, 0.767269, 0
0.137376, 0.952913, 1
-0.937769, 0.074510, 0
0.065076, 0.301646, 0
0.567962, -0.242070, 0
-0.924372, 0.319116, 1
0.753209, -0.276863, 1
0.186800, -0.566648, 0
0.092626, 0.044697, 0
0.646656, -0.218275, 0
-0.673205, -0.190714, 1
-0.810278, -0.031397, 1
-0.100869, -0.602387, 0
-0.152193, 0.885215, 1
0.059693, -0.096796, 0
0.528760, -0.372345, 0
0.661134, 0.604388, 1
-0.672476, 0.133571, 1
0.847695, 0.420150, 1
-0.821733, 0.494351, 1
-0.024457, -0.471331, 0
-0.112725, -0.146641, 1
-0.663413, 0.076997, 1
0.821963, 0.235718, 1
0.474610, -0.330231, 0
0.120933, 0.639492, 0
-0.345048, -0.040938, 0
0.862266, 0.395366, 1
-0.657700, 0.523399, 0
-0.000247, -0.710930, 1
-0.062258, 0.327277, 0
0.422640, -0.214562, 0
-0.252573, 0.600907, 1
-0.720211, -0.050698, 1
0.678896, 0.255332, 0
0.477971, -0.433828, 0
0.050275, 0.117779, 0
-0.399577, -0.828792, 1
-0.242729, 0.255376, 0
0.130270, -0.376124, 1
-0.029979, -0.007464, 1
-0.484065, 0.018995, 0
0.601390, 0.453677, 0
-0.653728, 0.024030, 1
-0.760885, 0.093700, 0
-0.375062, -0.481096, 1
0.774236, 0.520972, 1
-0.129994, 0.882928, 1
0.335529, -0.486825, 0
0.630954, -0.585995, 1
-0.442987, -0.611776, 1
0.669381, 0.687283, 1
0.012101, -0.360599, 1
-0.320181, 0.031343, 0
0.951721, 0.195754, 1
-0.350569, -0.603390, 1
-0.422859, -0.111453, 0
0.490310, 0.202079, 1
0.407451, 0.533311, 0
0.505913, 0.181687, 0
0.054284, -0.624081, 0
0.064615, -0.610187, 0
-0.110906, -0.121804, 1
-0.224382, -0.479952, 0
0.292201, 0.332631, 1
-0.091728, -0.038418, 1
0.019914, 0.920373, 1
0.600983, 0.699733, 1
-0.048285, 0.552704, 1
-0.104513, 0.002053, 1
0.105815, 0.544918, 1
0.398664, 0.682956, 0
-0.566535, -0.111026, 1
-0.114965, 0.840916, 0
-0.577715, -0.609051, 1
0.022602, 0.476569, 1
-0.233132, -0.912783, 1
-0.034586, -0.358000, 1
0.974631, 0.084282, 1
0.219197, -0.005455, 0
0.004654, -0.179821, 1
-0.627116, 0.589765, 0
-0.041577, 0.478699, 1
0.134683, -0.642913, 1
0.161655, 0.568148, 1
0.246060, -0.953309, 1
0.409064, 0.668345, 0
-0.562361, -0.568334, 1
0.144914, 0.204507, 0
-0.481117, 0.011295, 0
-0.139531, 0.484297, 1
0.653295, 0.036478, 0
0.741912, 0.627926, 1
-0.879240, -0.038892, 1
-0.377529, 0.125414, 0
0.781288, 0.316748, 1
0.081784, -0.845829, 1
-0.093486, -0.959793, 1
-0.602707, -0.205475, 1
0.609345, 0.643353, 1
-0.158784, 0.018409, 1
0.311698, 0.278855, 1
0.450075, -0.543388, 1
0.467907, 0.343831, 0
0.453255, 0.121202, 1
-0.619691, 0.195167, 1
-0.250872, -0.498931, 0
-0.843725, 0.371599, 0
-0.311653, -0.291734, 0
-0.251527, 0.724605, 0
0.636058, 0.145767, 0
-0.480870, 0.245403, 1
-0.210880, 0.360346, 1
-0.360799, 0.713887, 0
-0.442569, 0.122563, 0
-0.533606, 0.136101, 1
0.146541, -0.153298, 1
0.347771, -0.512457, 0
0.267268, -0.025747, 1
0.682520, -0.483159, 1
0.550476, -0.569007, 1
-0.758555, 0.186533, 0
0.576760, -0.239425, 0
-0.568064, -0.634120, 1
-0.879079, -0.304252, 1
-0.533301, -0.239878, 1
-0.590366, 0.024129, 1
0.049467, -0.650922, 1
0.228580, -0.803992, 1
0.195781, 0.559848, 1
0.517805, -0.527503, 1
0.314559, 0.200325, 1
-0.010662, -0.134965, 1
0.631318, 0.230783, 0
-0.948431, 0.208078, 0
0.179252, -0.959344, 1
-0.127599, 0.588887, 1
0.064786, -0.244914, 1
0.104164, -0.090054, 0
-0.689739, -0.700055, 1
-0.530206, -0.598062, 1
-0.156503, -0.482815, 0
0.760882, -0.638698, 1
-0.010318, 0.075442, 1
0.940477, 0.192945, 1
-0.598977, 0.201162, 1
0.313441, 0.654802, 0
0.243689, 0.080423, 0
-0.059072, -0.074945, 1
0.194675, -0.954907, 1
0.835002, 0.504936, 1
-0.654962, -0.695204, 1
0.906874, 0.188534, 1
-0.178019, 0.667756, 0
0.549836, 0.811663, 1
-0.256802, 0.111462, 0
0.790682, -0.316325, 1
-0.695593, 0.000486, 1
-0.324280, -0.294571, 0
-0.798353, 0.151270, 0
-0.319590, 0.515088, 1
-0.193928, -0.303953, 0
0.776469, -0.358141, 1
-0.025184, -0.028855, 0
-0.313048, -0.190182, 0
-0.523919, 0.031989, 1
0.114613, -0.617045, 0
0.748256, -0.206090, 1
-0.118179, 0.538939, 1
0.477585, 0.186228, 1
-0.460576, -0.846695, 1
0.891657, -0.258928, 1
0.304574, -0.427933, 0
0.268114, 0.957090, 1
-0.839593, 0.044583, 0
-0.401051, 0.135224, 0
-0.682110, 0.059655, 1
-0.125236, -0.461587, 0
-0.003751, -0.074524, 0
-0.691228, -0.255495, 1
0.719386, 0.190593, 0
-0.716556, 0.196971, 0
-0.623179, -0.177132, 1
0.350275, -0.731521, 1
0.563940, -0.345151, 0
-0.159454, 0.820100, 0
-0.234504, -0.891340, 1
0.777190, -0.074097, 1
0.153243, -0.623860, 0
-0.938873, 0.168970, 0
0.065823, -0.464457, 0
0.461019, -0.172883, 0
-0.193424, 0.180405, 0
-0.982290, 0.090020, 0
-0.622624, -0.605468, 1
-0.336990, 0.476828, 1
-0.617500, 0.503556, 0
0.296928, 0.147996, 1
0.612216, 0.074118, 0
-0.926101, -0.234542, 1
0.450257, -0.864974, 1
0.934428, 0.112298, 1
0.092229, 0.207017, 0
0.269088, 0.591770, 0
-0.227825, -0.544600, 0
0.165685, 0.149550, 0
-0.150068, 0.078573, 1
-0.122799, 0.512942, 1
-0.444599, 0.259701, 1
0.016498, 0.852329, 0
-0.592303, -0.371287, 1
-0.073553, -0.518403, 0
0.394172, -0.623296, 1
-0.383377, 0.328600, 1
0.489002, -0.242183, 0
-0.076192, -0.418769, 0
0.964834, 0.054558, 1
-0.808196, 0.233922, 0
-0.353672, -0.370506, 0
0.309587, 0.418503, 1
0.084894, -0.524729, 0
0.553845, 0.445254, 0
0.447767, -0.890754, 1
-0.295044, -0.535735, 1
0.961575, 0.112653, 1
0.092979, -0.111978, 0
0.594250, -0.512850, 1
0.264726, -0.789127, 1
0.815750, -0.246271, 1
-0.031311, -0.260442, 1
0.334960, -0.066477, 1
0.794116, 0.526764, 1
-0.843742, 0.477032, 1
0.858947, 0.241152, 1
0.175978, 0.506148, 1
0.872254, -0.376255, 1
0.615394, -0.422790, 1
0.088010, 0.576969, 1
-0.535010, 0.284113, 1
-0.331861, 0.729717, 0
0.494985, -0.516111, 1
-0.516555, -0.536325, 1
0.223447, 0.818405, 0
0.397198, 0.017563, 1
0.345169, 0.564643, 0
0.458007, 0.501427, 0
0.041675, 0.316954, 0
-0.257421, -0.006022, 0
-0.499874, 0.616207, 0
-0.457698, -0.884480, 1
0.167393, -0.520560, 0
0.887195, -0.337622, 1
-0.036671, -0.629360, 1
0.126052, -0.813224, 1
-0.810955, -0.476750, 1
0.204339, 0.534214, 1
-0.912107, -0.337654, 1
0.035641, 0.129568, 0
0.696777, -0.376328, 1
0.339460, -0.760921, 1
-0.260809, 0.532877, 1
0.416157, 0.680692, 0
-0.410842, -0.416450, 1
-0.839868, -0.523646, 1
0.245927, 0.123461, 0
-0.153006, -0.628020, 1
0.310237, 0.036039, 1
-0.104770, -0.485424, 0
-0.429746, -0.016877, 0
0.176922, 0.605895, 0
-0.887310, 0.156221, 0
0.384115, -0.763764, 1
-0.120526, 0.080893, 1
-0.140092, -0.781066, 1
0.319972, 0.599100, 0
0.751811, 0.189364, 1
-0.969221, 0.167968, 0
-0.129944, -0.380062, 0
0.751518, 0.030188, 0
0.096291, -0.002555, 0
0.369425, 0.463886, 0
-0.020675, -0.735345, 1
0.247777, 0.155384, 0
0.155473, 0.360468, 1
-0.688395, -0.460411, 1
0.596704, 0.191079, 0
0.620481, -0.543388, 1
0.410013, -0.059546, 1
-0.944288, 0.161824, 0
-0.670209, -0.000126, 1
-0.293571, -0.918691, 1
0.078754, -0.816288, 1
0.746006, -0.551821, 1
0.647599, -0.274670, 0
-0.287166, 0.626061, 0
-0.218555, 0.430382, 1
0.321079, 0.093050, 1
0.969971, -0.082217, 1
-0.715871, 0.590452, 0
0.374396, 0.694142, 0
-0.469094, 0.430107, 1
-0.144035, -0.339276, 0
0.516598, 0.185757, 0
0.267066, 0.690660, 0
-0.206001, 0.521971, 1
-0.502917, 0.506833, 0
0.148032, -0.228008, 1
-0.797626, -0.211476, 1
0.022527, -0.827655, 1
0.706308, 0.306657, 0
0.762798, 0.080703, 1
0.000799, -0.706296, 1
-0.489189, 0.856764, 1
-0.045573, -0.972591, 1
0.042521, -0.384975, 0
