1.849453, -1.011399, -1.767414, 0.630868, -0.783457, -1.366061, 0.097132, -0.173120, 0.558110, 0.325034, 0.249986, 0.461832, -0.344211, -0.046092, 0.203194, -0.730198, 1
1.898132, 1.236787, 0.530401, -1.089539, 2.169803, -0.503379, -0.017235, 0.503484, -0.360009, 0.165763, 0.682280, -1.003247, 1.167749, -0.060342, 0.736529, 0.008072, 1
0.711290, -0.767777, -0.148886, -0.411758, -1.474323, 0.937392, -1.346155, 0.645407, 0.212133, 0.052177, -0.183187, -0.941596, 0.200145, 0.506260, 1.270950, -0.018290, 1
1.741160, -0.511541, 0.558074, -1.261103, -2.129261, -0.401708, 1.035977, 0.005876, 0.500104, -0.606159, -0.190092, -0.477004, -0.373789, -0.771032, 0.922389, -0.044771, 1
2.267536, -0.213247, 0.984875, 0.031658, 0.336697, 0.614354, -0.263383, 0.771067, 0.229991, 0.006037, -0.242795, 0.785504, -1.607902, 0.380084, 0.092193, 1.339213, 1
0.819517, -1.257612, -0.385379, -0.531327, -0.402897, -0.874672, -0.677422, 0.212357, -0.038080, -0.091413, 0.372243, -0.152177, 0.079428, -0.487934, -0.159993, 0.204613, 1
2.155439, -0.478789, 0.885857, 0.153376, -1.753321, 0.236707, -0.978087, 0.003953, 0.637206, 0.257401, 0.212857, 0.248934, 0.073186, -1.358431, -0.395128, 0.677049, 1
2.665931, 0.607355, -0.768265, 0.139180, 0.516450, 0.235367, 1.392806, -1.457737, 1.155092, 0.990644, 0.562671, -0.254555, 0.290137, -0.769290, -0.083039, 1.423169, 1
0.563068, 0.902761, -0.292591, 0.134485, -1.525679, 1.661753, -0.515849, 0.011973, 0.126551, 0.308793, 0.455404, 1.287544, -0.862751, -0.336210, 1.195406, -0.439225, 1
0.873743, -0.136786, 0.252398, 0.132307, 1.423589, -0.675152, -0.621914, 0.699176, 0.062484, -0.884786, -0.451139, -0.342488, 0.142567, -0.118881, 1.110300, 0.939935, 1
-0.660202, -0.177831, 1.404382, 0.946100, -0.283397, 1.243381, -0.219822, -1.665727, -2.077429, 1.070768, 0.515228, 0.550610, -0.446867, 0.505992, 0.787950, -1.801009, 1
0.594089, 0.520976, 0.417477, 0.696837, -0.183636, 1.035994, 0.714637, 0.293915, -0.453318, -0.567205, 0.336225, -0.411115, 0.566352, -0.327654, 0.864700, 0.438751, 1
-0.093529, 0.387890, -0.019599, -1.299330, -1.507618, -1.561718, 1.150871, 0.587013, 1.109268, -0.342041, -0.044153, -0.016175, 1.307340, -0.460127, -0.354652, -0.348963, 1
-0.555637, 1.491097, -0.443182, 0.200379, -0.387081, 0.092273, 0.360934, -1.688395, 0.103955, 0.510149, 0.648561, 1.122434, 1.173156, 1.249909, 0.085059, -0.559787, 1
0.532464, -0.029605, 0.657148, 1.294743, -0.256434, 0.176975, -1.479686, -0.697751, -0.658764, 1.613628, -0.660881, -0.405145, 0.747005, -1.404234, -0.415186, -0.314877, 1
-0.638754, -0.066048, 0.246151, -0.996556, 0.741026, 0.731603, -1.477951, 0.164467, 1.191600, -0.843241, -0.271827, -1.077204, -0.604133, -0.321157, -0.175688, -0.858463, 1
0.316012, -0.262954, -0.470891, -0.617658, 0.219144, -0.949344, 0.726494, -0.655750, -0.585226, 1.133355, 0.241584, 0.605393, -0.609497, 0.730906, 0.798851, 1.829821, 1
2.831501, 0.236292, -0.381039, 1.101980, 0.562929, -1.431938, -0.350254, -1.470110, -2.099948, -0.847127, 0.551072, 0.274015, -2.269412, 0.027033, -0.463659, 0.657502, 1
1.126193, -0.879567, -0.468959, -0.266853, -0.584258, 0.203342, 0.292282, 0.753841, 0.756548, 0.219421, -0.498408, 1.374760, -0.514317, -1.565591, -0.039101, 0.236815, 1
-0.371904, 0.250365, -1.859157, 0.244315, 0.646333, -0.010515, 0.172794, -0.387796, -1.202283, 0.717768, 1.201391, -1.098052, -0.642771, 0.568868, 0.034799, 2.148401, 1
1.442554, -1.207675, -0.926187, 1.328151, 0.478011, -0.225873, 1.000032, -0.036003, -0.830833, -1.208706, -0.017881, -0.197221, -0.712132, -0.321870, 0.557264, -0.384818, 1
1.024894, 0.030363, -0.098217, -1.001135, -0.119438, 0.572694, -1.093052, -0.034693, 1.387085, 0.905235, -0.125253, -0.542258, -1.067267, 0.945506, -0.428678, 0.654544, 1
-0.698490, -0.567053, -0.459264, 0.862808, 0.241561, -0.335537, -0.895920, 0.556805, 0.273142, -0.027467, 1.046472, -0.077917, 0.547573, 0.080955, -0.083623, -0.503724, 1
0.826822, -0.119237, 0.392611, 0.562980, -0.829800, 0.120826, 0.534085, 0.402019, -1.021764, -0.704878, -0.662114, 0.602205, -0.284750, -1.009179, 1.015543, -0.039583, 1
0.600821, -0.333787, -0.952577, -0.623941, 0.109359, -0.002093, 0.799787, 1.585784, 0.511795, 1.754350, 0.145595, -0.481580, 1.121689, 0.502903, -0.018944, -0.768390, 1
0.408522, 0.257533, -0.209652, 0.820719, -0.027729, -0.915417, 0.024218, 1.600816, -1.516555, 0.018704, 1.501122, 0.929147, -0.099127, 0.070652, -0.758277, 0.302722, 1
0.687756, 0.521825, -0.608540, 0.195110, 0.342543, -0.361600, -0.468464, 0.965340, -0.310723, -1.256738, 1.182890, -0.571793, -0.631413, -0.251752, 0.545123, 0.368805, 1
0.296925, 0.548180, -0.239240, 0.670878, -0.044230, -1.441306, 0.509105, 0.010643, -0.288148, 1.139015, 0.446662, 0.847318, -1.216398, 1.470666, -0.793186, -0.731857, 1
2.204227, 0.950448, -0.450083, 0.532243, -0.709697, -1.235280, -1.135671, -0.252867, -0.424305, -1.745506, 0.567904, 0.389215, 0.002866, 0.205080, 0.913808, 0.295541, 1
1.045475, -0.008298, 0.364493, 0.630129, 0.431612, 1.370396, -0.230021, 1.015392, -0.551965, -0.700037, 1.129724, -0.576275, -0.000293, 1.229718, 1.424205, -0.262614, 1
0.677986, 0.937277, -0.761428, -1.074975, -1.400904, -0.329718, -1.448142, 0.380156, -1.668385, -0.323884, 0.901573, -0.394276, 0.444400, -0.496995, -0.255022, -0.486685, 1
1.247640, -0.515543, 0.814411, 0.995613, 0.750660, -0.668285, 0.152057, -1.542380, 0.271671, 0.893276, 0.679093, 1.063259, -0.770119, -0.329823, 0.332286, -0.968921, 1
0.233322, -0.301297, 0.187904, 0.235444, -0.336165, 0.101913, 0.350684, 0.624357, 0.267052, 0.152322, -1.054224, 0.188721, -1.191314, 0.193740, -0.738124, -0.239292, 1
0.007204, 1.428530, -0.241205, 0.122527, 0.519619, 0.221915, 0.293969, 0.819856, 0.021412, 0.739787, 0.225021, 0.011189, 0.693353, 0.256899, 0.046682, 0.523293, 1
0.237319, -1.216520, -0.473115, 0.524311, -0.106831, -0.236071, -0.169489, 0.064624, -0.044239, 0.652519, 0.330810, 0.431996, 1.420172, 0.419185, 0.327523, 0.922511, 1
0.525773, 1.019584, -1.487622, -0.882315, 0.716256, 1.003069, 0.518192, 0.348892, 1.637460, -0.663080, 1.151025, -0.530689, -0.815259, 0.433050, 0.710965, 0.744693, 1
0.322799, 0.271957, -0.356009, -0.736729, 1.204176, -0.694634, -1.163570, -0.226194, 0.074368, 0.178499, -0.934114, -0.096260, -1.010733, 0.354695, 0.580158, -0.534122, 1
-0.137661, 0.154152, 0.392540, -0.781774, -1.244880, -0.503225, -0.559911, 0.082116, 0.054033, 0.006848, -0.475471, -0.366740, -1.302937, 0.317315, -1.309773, 0.098039, 1
1.305788, 0.489777, 0.012719, -0.183833, -0.821140, -0.682160, 0.666987, 0.393261, 1.076916, 0.512004, 0.765456, 1.005414, 0.269400, 0.588625, -0.126823, -0.106085, 1
0.023449, 0.555723, -1.338301, 1.349516, -1.620697, -0.955535, -0.272989, 0.335385, 0.867168, -0.889736, -0.107306, -1.098295, 0.287970, -0.884946, -1.282290, -0.698369, 1
-0.102456, -0.236593, 0.270302, -0.447798, 0.079940, -0.714941, 0.518045, 1.000721, 0.095420, 0.673083, -0.138746, 1.299354, -0.872935, 0.297598, -0.703950, 1.730033, 1
0.628922, 1.202360, -1.053492, 0.296926, 1.190361, 1.116164, 0.551117, -0.741632, 0.641286, -0.156208, -0.276012, -1.584561, -0.255606, -0.453946, -0.747662, 0.369885, 1
0.668806, -0.041660, -1.094459, -0.116544, 2.078621, -0.650606, -0.340528, 0.450062, 1.678199, -0.015056, 0.284069, -0.233428, 1.793931, -0.117491, 0.470344, 0.801711, 1
1.838668, 0.662583, -1.134110, -0.941186, -0.252168, -0.461993, -1.240990, 0.141050, 0.516149, 0.296147, -0.560657, -1.048477, -0.975184, -0.719677, -1.069376, -1.072602, 1
1.053846, 0.718617, -0.642465, 0.030704, 0.231610, 0.704178, -0.186291, 0.880924, -0.822176, 0.180825, 0.983122, 0.562043, -0.371810, 0.439647, 0.966374, -0.040974, 1
0.776420, 0.583793, 0.543850, -0.047044, 1.636220, 1.002547, -0.888181, -0.746037, 0.470188, -1.586547, 0.808934, -0.378214, -0.146013, -0.139359, 0.653707, 0.649721, 1
1.546116, 0.318381, -0.899226, 1.398312, 0.413377, -0.868467, -0.621910, 1.764434, -0.916219, -0.391600, 1.536498, 0.831291, -0.735525, 0.933136, -0.927432, -0.340053, 1
1.523618, 0.319372, -0.737211, 0.780350, 0.501411, 0.959640, 0.247535, 1.657063, 0.118394, -0.938410, -0.191282, -0.424639, -0.045297, -1.420968, -1.809855, 0.959383, 1
0.457960, -0.543032, -1.017357, -0.178440, -0.069934, 0.435420, -0.633663, 0.764082, -0.696863, 0.325650, -0.709106, -0.940462, -0.240155, -0.432360, -0.190298, 0.512549, 1
1.339001, 0.214088, 0.904403, -0.212254, 0.011592, -1.086301, 0.042813, 0.535872, 0.014343, 0.168335, -0.562718, 0.720465, 0.074480, -0.199957, 0.225389, 0.635037, 1
0.662138, -0.795077, 0.861121, 0.293565, 0.130187, 0.926220, 0.824698, -0.577266, -1.047713, -0.900275, 0.513693, 0.159605, 1.064948, 0.310075, 0.018230, 0.143479, 1
1.835420, -0.505957, -0.274118, 0.465599, 0.633604, 0.934160, -0.493977, 0.514919, -0.592447, -0.868208, 0.525724, 0.210557, -0.384284, 0.468033, 0.798688, 1.040789, 1
3.108157, 1.146783, -1.039059, 0.262594, -0.218114, 1.308910, -0.763714, -0.692105, -1.054008, 0.742500, -0.886592, -0.077734, -0.542554, 0.512320, -0.266481, -0.374413, 1
2.361791, 0.274330, -0.128043, -0.712537, 1.045049, 0.224653, 2.463200, 0.521426, -1.321022, 0.927628, -0.849624, 0.339851, -0.264117, -0.546265, 0.841201, 0.943283, 1
2.993357, 0.427084, 0.443922, -1.980806, 0.887743, 0.912960, -0.706093, -0.902585, 0.712188, -0.964407, 0.533046, -0.175313, -0.516267, 0.076445, 0.072445, -2.321744, 1
2.611844, -0.268505, 0.526655, -0.298790, 0.005080, -0.372994, -0.612264, 0.139546, 0.208528, 1.351480, -0.492900, 0.213957, -1.373198, 1.267176, 0.846635, -0.681608, 1
-0.067214, 0.211389, 0.468404, 0.232390, 0.829183, 0.374866, 0.549215, 0.344279, 1.248369, -0.005429, 0.154391, 0.529661, 1.353457, 0.571664, 0.392282, -0.623557, 1
0.012228, -1.102232, 0.355596, 1.095611, 0.135355, 0.404028, 0.930481, -0.351679, 0.145704, -0.233193, 1.229372, 0.285945, -1.081231, 1.237860, 0.884158, 1.259969, 1
1.113080, -0.766577, 0.048547, -1.051484, 1.435908, -0.605246, -0.761048, 0.610348, 0.813387, -1.131785, -1.048998, 0.823495, 0.211981, -0.275241, 1.156603, -1.040158, 1
0.194471, -0.986424, 1.353285, 0.387594, 0.664524, -0.049167, 0.580342, -0.667964, -0.264662, 0.937367, 1.014113, 0.562285, 0.222662, 0.131605, -0.240354, 0.160553, 1
1.288791, -0.569169, -0.528167, 0.633134, -0.739699, -0.665926, 0.669335, -0.558373, -0.200436, -0.707932, 0.340017, 0.248927, 0.685680, 0.327921, 0.772350, 1.890322, 1
1.583987, 0.175928, -0.201587, -0.600702, -0.851144, 0.364036, -1.837825, -1.662397, 0.014197, 0.312793, -1.685635, 0.285723, 1.160267, 0.488091, -0.536974, -0.535132, 1
2.004973, -1.195540, -0.590919, 0.283675, 1.043330, -0.417709, -1.371315, 0.085926, -0.544591, -0.254495, 0.301070, 0.310672, -0.094196, -1.343982, 0.752690, 1.228767, 1
2.127941, 0.769339, 1.125925, 1.021719, 1.806920, -0.275075, 1.216909, 0.331134, 0.142761, -1.961399, 0.161570, 0.266616, 0.640158, -0.356069, 0.475945, 0.661630, 1
0.724714, -1.662095, -0.378676, -0.355418, 1.275672, 0.029178, -0.391210, -0.702540, 0.123119, -0.504419, 1.616327, 0.302678, 0.353760, 0.048588, 0.315278, 1.139293, 1
-0.247936, 0.552768, 0.596753, 0.531802, -0.677142, 0.577245, -0.054647, 0.010794, 0.296170, -0.486918, -1.349489, 0.207076, 1.904204, 0.584139, 0.703383, 0.545464, 1
0.393540, 0.342899, 1.544674, -0.495633, 1.487204, -1.104316, -0.108737, -1.266360, -0.535331, 0.248955, 0.465817, 0.619830, -0.924083, -0.194895, -0.851572, 0.796035, 1
1.929319, -1.177878, -0.690891, -0.434386, -0.147540, -0.370988, 0.930646, 0.272778, -0.968767, 0.116970, 1.895705, 0.106634, -0.395944, 1.794760, -0.306644, 0.046697, 1
-0.965290, -0.163360, -0.164984, 0.980066, -3.104259, -0.007509, 0.253970, -0.332409, 0.963998, 0.308795, 0.064383, -0.641485, -0.089369, 0.294548, 0.831321, -1.725182, 1
1.007876, -0.093234, -0.465923, -0.198195, -0.042454, 0.428956, -0.156966, 0.534943, -0.683646, -0.592911, -0.942995, -1.221240, 1.301998, 0.335057, -0.427262, 1.335781, 1
1.965744, -1.126430, -0.503057, 0.900084, 0.851175, -0.101489, 0.523211, 1.068640, -0.095253, -0.898681, -1.033658, 0.390565, 0.219724, 1.036485, 0.095841, -0.083515, 1
-0.106950, -1.022433, -1.066523, 1.442742, 0.719172, 0.387260, -0.715947, 0.649918, -1.083395, -1.055862, 0.439219, 0.101879, 0.333320, 0.263875, -0.995620, 1.161624, 1
0.358338, 0.424141, -0.624133, -0.130638, 1.142345, -1.130659, 1.050116, 0.288507, -0.226796, -1.982478, 0.317177, -0.385513, -1.172589, -0.658799, -0.313301, -0.999317, 1
2.077307, -0.265515, -0.365863, 0.141664, -0.243675, -1.018242, 1.237331, -0.049384, -0.576306, 0.636298, -0.026471, -0.333143, 0.216576, -0.108650, -0.310000, -1.277848, 1
0.945163, 1.704999, 0.630747, -0.080597, 0.431957, 1.168493, 0.738904, -0.725962, -0.015249, -0.124862, 1.092136, 0.076726, -1.248565, -0.354770, -0.561959, 0.547650, 1
1.799129, 0.672244, -0.725275, -0.090565, 0.598392, 0.411833, 1.637117, -0.393855, -2.056713, 1.117687, 0.039511, 0.324844, 0.078437, 1.401139, 0.783137, -0.504804, 1
0.207395, -1.367901, 0.826534, 0.070879, -0.451225, -0.139335, 1.166353, 0.214261, 1.538857, -1.368830, 2.168085, 0.381240, -0.088533, -1.971788, -0.249793, 0.168217, 1
0.834394, -0.231313, -0.201934, -1.399532, -0.772322, 0.352957, 0.088796, 0.035790, -0.213237, 0.313260, -0.889121, -1.139046, -0.863679, 1.241106, -0.240259, 2.128043, 1
2.207344, -0.071806, 0.384805, -0.299239, 0.219845, -0.682826, -0.313190, 1.122874, 0.153626, 0.047579, -0.457308, -0.357871, 0.353292, 0.235137, 0.087265, -0.886795, 1
0.148863, 0.161678, -0.243397, -0.377414, 1.218252, -0.279485, 0.612358, 0.106576, -0.001275, 0.518322, 0.801655, 1.267919, -0.200246, -0.427520, -1.174893, -0.130810, 1
0.605518, 0.731116, -0.118229, 0.053179, -0.793410, -0.734780, 0.013335, -0.099826, 0.913263, -0.788435, 2.401366, 0.210089, -1.652855, -0.536156, 0.446721, -1.162143, 1
2.015290, -0.835448, 0.698793, 1.110833, -0.564161, 0.130792, 0.914265, 0.445116, -1.349261, -1.047071, -2.123631, 0.208562, -0.542328, -1.357071, -1.027689, -0.199434, 1
1.203559, -0.370245, -0.001949, 0.150715, 0.864221, 0.675782, -1.223814, -0.417501, -0.808533, -0.925942, 0.996552, 0.404096, 0.912982, -0.760725, 0.947893, -0.123293, 1
1.123460, -0.887186, 0.110580, 0.303438, -0.507932, 0.209749, -0.631867, 0.196522, -1.139201, -0.165119, 0.019833, 0.103669, 1.079820, -0.616647, 0.130640, 0.397104, 1
1.810183, -0.944391, -0.313552, -0.876644, -0.669561, -0.835895, 0.325044, -0.206776, 0.878889, -1.048199, -0.506799, 0.583988, 0.636285, 0.224146, 1.348583, 0.827093, 1
1.182877, -0.626758, -0.135434, -0.231338, -1.251486, -0.793224, -0.041945, 1.874123, 1.232553, 0.302794, 0.054558, -0.521276, -1.118240, 0.439579, -0.002823, -0.634665, 1
0.067267, -0.421138, 0.403366, 0.931005, 0.502996, -1.031786, -0.980421, -0.320279, -1.587644, 0.074636, 0.030642, -1.376989, 1.291726, -0.035353, 0.606161, -0.943125, 1
1.008170, -0.709729, -0.245411, 0.794590, 0.370339, -1.820018, -0.306821, 0.317500, -0.542633, 0.619039, 0.162331, 0.114766, -0.873653, 0.802492, -0.808702, 0.505728, 1
0.363576, 0.655980, 0.900425, 0.501390, 0.575804, 0.536754, 0.420490, -0.040935, -0.109878, -0.862268, 0.444245, 0.035902, -0.469695, 0.429004, 0.885558, -0.407243, 1
0.439780, -0.473712, 0.886263, 0.718225, 0.582604, -1.749393, 0.395310, -1.416613, -0.787917, -0.120535, 0.640623, -0.769570, 0.514476, -1.030034, 1.350474, 1.350513, 1
2.209905, 0.319365, -0.212474, -0.368529, -0.693330, -0.621434, 0.723972, 0.503775, -0.502660, 0.620632, -0.441781, -0.941633, -0.595945, 0.742668, -0.626749, -0.314870, 1
-1.156412, -0.403608, -0.740820, 0.799443, -0.903180, 0.736998, -0.458391, 1.768420, -1.168414, 0.526285, -0.514702, -0.421353, 0.757352, 0.188732, -0.695937, 0.562569, 1
-0.308648, 0.415328, -0.653550, -0.116191, 0.306950, -1.275803, 0.596135, -0.909180, 0.425756, 0.088498, -1.576214, -0.791371, 0.006787, 0.581681, 0.003579, -0.350169, 1
1.557187, -0.451157, 0.393743, 0.339067, 0.419296, 0.687059, -0.240584, -0.540448, 0.519297, -0.207958, -0.353501, -1.004885, 1.161888, 1.678455, 0.075232, 1.601589, 1
0.954855, -0.212278, 1.037067, 1.184915, 0.767664, 0.253388, -0.016268, -0.322579, -0.383881, -1.278731, -0.951319, -0.249909, -0.423307, 0.553279, 0.475690, -0.098628, 1
-0.262543, -0.298607, -1.023219, -0.234336, -0.712386, 0.560250, 0.097973, -0.412486, 0.716506, -0.390297, 0.542203, 0.017939, -1.719043, -1.718786, 0.178509, 0.464946, 1
0.542370, 0.275040, -0.590136, -0.560083, -0.374903, -0.167628, -1.087414, 0.328568, -0.459735, 0.489304, 0.742074, -0.500122, -0.684550, 0.865433, -1.512892, 1.160849, 1
0.834909, 0.155057, 0.803891, -0.110401, 0.257890, 0.415765, 1.171105, -0.107444, -1.918552, 1.434933, -0.465369, -0.786426, 1.617224, -1.318552, 0.990316, -0.030714, 1
0.749146, 0.272835, -0.256067, 0.439852, -0.585527, -0.385755, -0.822521, 0.080071, -0.763682, 0.440174, -0.911343, 0.852483, 1.484339, 0.683142, 0.025881, 1.033598, 1
-0.466828, 0.483968, -0.863954, 0.999480, 0.760550, 0.551570, 0.248703, -0.177822, 1.419837, -0.960778, 0.274763, 1.224174, 0.133972, -0.728522, 1.037175, -1.398772, 1
1.053360, -0.936270, 0.193283, 0.418888, -0.879572, 1.434215, 1.574980, 0.350292, 0.807475, -0.471504, -0.151377, 0.052786, -0.455073, 0.646913, 0.602370, -1.561845, 1
1.212900, 0.643166, -1.142516, 1.036513, -0.019256, 0.219234, 0.777456, 0.309001, -0.599591, 0.165475, 0.113808, 0.581087, -0.795297, -0.646175, -0.875499, 0.821688, 1
1.789797, -0.804466, 0.018754, 0.489058, 0.384639, 0.246168, -0.672871, 1.126809, -0.897498, 1.678520, -0.365432, 0.432846, 1.015274, -0.246468, -0.032462, -1.044513, 1
0.427966, 0.283334, -1.783384, -0.006487, 0.785979, 0.187902, -0.431350, 0.008304, -0.759804, -0.651386, -1.167308, 1.049425, -1.425901, 0.697640, -0.347591, 1.046839, 1
-0.075546, -0.346850, 1.035651, -0.625014, 1.760953, 0.130438, 0.384406, 1.722305, 1.344883, -0.547528, -1.067867, 0.344484, 0.354131, 0.422110, 1.446719, -1.512721, 1
-0.595086, 0.986046, -0.790205, 0.397565, 0.627426, 0.843859, -0.086311, -0.145359, -0.431710, -0.896185, 0.924484, -1.396974, 0.907680, 0.387186, -0.936860, -0.432849, 1
3.372481, -0.022328, -1.062019, 1.395895, 0.595480, -0.237531, -0.052340, -0.566877, -0.788744, -2.060130, -0.065874, 1.288132, -0.224198, 0.877697, -0.353871, -0.054462, 1
0.262681, -0.927257, 0.224495, -0.201086, -0.127791, 0.935068, 1.158499, 0.824670, 0.146531, -0.877672, -0.105077, -0.384536, 0.414184, 0.224260, 1.512805, 0.942513, 1
0.305665, 0.234243, 1.015837, -0.638988, 0.379206, 0.381315, -0.122973, -0.877609, 1.960610, 0.459196, -0.994943, 0.850224, 0.311290, -0.774340, 0.053242, -0.259867, 1
1.376793, -0.306222, -0.983913, -0.108297, -0.089651, -0.130463, 0.181031, 0.721253, -0.207158, 0.276655, -0.162368, 0.846877, -0.454655, -2.118495, 0.592368, -0.401242, 1
1.266600, 0.798599, -1.217012, -0.497345, 0.211106, 1.293984, -0.409255, -0.090902, 0.570554, 0.097925, -1.306540, 0.358082, 0.396602, -0.531056, 0.664962, 0.204632, 1
1.328882, -1.458514, -0.867376, 0.439096, 0.711968, 1.009526, 0.756759, -0.423749, 0.552256, 0.632327, -0.863700, 0.550440, -1.382471, -0.456429, 0.891304, -0.415459, 1
-1.359553, 1.200845, -0.918717, 0.468925, 0.633883, 0.018422, -0.225317, -1.303474, -1.430208, -0.169895, -0.113721, 0.088125, -1.602661, 0.356734, 0.626294, 0.402978, 1
0.676371, 0.565876, -0.135335, 0.124802, 0.069237, 1.119958, 0.946422, 0.325436, -0.062212, -0.687256, -0.036556, 0.475848, 0.163748, 1.245275, 0.163934, 2.403517, 1
2.535886, -0.905643, 0.318047, 0.964118, -0.387290, -0.220541, 1.147634, 0.429522, 0.196507, -0.120605, 1.005823, -0.634722, 1.070235, -1.043960, 0.259498, -0.664737, 1
1.766474, 0.466691, 1.476130, 1.852959, 1.064697, -0.100897, 0.515743, -0.940695, 0.368378, -0.326730, -0.468162, 1.160696, -0.990506, 1.009893, 1.073912, -0.389296, 1
1.023481, -0.430586, -1.013455, -0.326387, -0.008875, 0.960387, -0.199040, 0.980688, 0.664466, -0.089104, 0.480933, 0.402512, -0.301281, 1.332207, 0.615334, 0.552746, 1
1.124208, 1.008926, 1.835389, -1.532180, 0.179985, -0.924732, -0.446517, 0.616960, -0.182829, -0.684715, -0.649492, 1.027729, -0.103930, -0.002918, -0.623412, 0.603194, 1
0.486656, 0.059867, 0.857961, -0.413963, 0.240366, -1.857926, -0.523475, 0.878977, -0.474896, -0.004405, 0.601034, -1.064646, 0.021600, -0.077021, 1.075406, 0.211751, 1
-0.760121, -0.908801, 0.650797, 0.326170, -0.056825, 1.142070, 0.538187, 1.420374, -0.021646, 0.016855, -0.658262, -0.165699, 0.603607, -2.324412, -0.641525, 0.390673, 1
1.349772, 0.242148, -0.867717, -0.955017, -1.284909, 1.019405, -0.936713, 0.729614, 0.538421, 0.410316, 0.507434, 0.538769, 0.494877, -1.978828, -1.010777, -0.663169, 1
1.071891, -0.370603, -0.218470, 0.634302, 1.114803, -0.626229, -0.314471, -1.415752, 0.303984, -0.853959, -0.256542, 0.452042, 0.999583, -0.395515, -1.216108, 0.910365, 1
-0.204940, 0.449960, 0.342922, 0.798406, 0.820905, -0.385489, -0.200878, 0.848090, -0.147408, 0.469300, -0.164285, 0.077742, -0.584769, -0.466736, -0.806998, 0.765761, 1
-0.423798, -1.547843, -1.662760, -0.133658, 0.423969, 0.722559, -1.155146, -0.325025, -0.870005, -0.204024, -2.287343, 0.752836, 1.150154, 0.741350, 0.313791, -1.246263, 1
1.148589, 0.239839, 0.107556, -0.837865, 1.156825, 2.132137, 0.157225, 0.711410, 0.353586, 0.866450, -1.471594, 0.251155, 0.605109, 0.626718, -0.960191, 0.779548, 1
-1.486321, 0.293036, 0.534664, -1.281974, -1.037375, 0.446033, 1.520790, 0.368930, 1.273068, -0.455241, 0.360560, 1.078253, -1.344524, -1.595802, -1.342462, -0.410615, 0
-1.430209, 0.010704, 0.999900, 1.222419, -1.025856, -0.593471, 0.228538, 0.025185, 0.744807, -0.023733, 0.662995, -0.052560, 0.236753, 0.032061, 2.733948, -1.135211, 0
-0.726570, 0.267131, -1.408964, -0.749058, 0.546888, -0.280609, -1.167600, 0.194946, -0.099416, 0.468084, 0.991042, -0.408790, 0.258013, 0.325047, -1.421965, -0.571098, 0
-1.850479, -1.169331, 1.768311, 1.242745, -1.642937, -0.498461, 1.197718, 0.144395, 0.578819, -0.095198, 1.627803, 0.358980, -0.034667, 0.069603, -0.475839, -0.261581, 0
-0.553766, -0.033136, -0.416915, -0.589389, -0.194160, 0.397838, -0.594023, -1.003699, 0.496534, 1.729079, -0.964064, 0.142666, 0.184874, 0.456841, 0.414109, -0.138991, 0
-1.908788, 0.360672, -0.442415, 1.389182, -1.300398, 0.492770, 1.738361, 0.102221, -0.276367, 0.336358, -0.418897, 0.148325, 0.758832, 0.511988, -0.879312, 1.308776, 0
-0.006423, -0.604953, -0.485893, -0.225395, 0.884884, -0.378050, 1.383208, -0.199631, 0.523262, -1.027150, -0.075699, -0.063778, -0.484415, -1.204822, 0.190408, -0.229837, 0
-0.284933, 0.083224, -1.715483, -0.389879, -0.533679, 0.488539, 0.840567, -1.127259, -0.867004, 0.694618, -0.312403, 0.271487, -0.035611, -1.100154, 1.592976, 0.087838, 0
-0.845782, 0.779942, 0.735557, -0.057591, 0.408146, -1.187198, -0.332329, -1.166632, 0.002205, -1.141453, 1.041792, 1.650140, 0.114026, -0.966004, 1.823707, -0.624017, 0
-2.185718, -0.062838, -0.157695, -0.122887, 0.928289, 0.539003, -0.021816, -0.798455, 0.917747, 1.547366, 0.651079, -0.371109, 0.907671, -0.210845, -0.413388, 0.609119, 0
-0.902927, 0.547352, -0.936645, -0.782255, -0.125602, 0.480992, 0.262627, -0.773752, 0.901756, 0.525319, -1.876777, -0.175331, 0.092072, 0.094492, 1.388025, 0.272690, 0
-2.576284, -0.292175, 0.349363, -0.074808, -0.877584, -0.323323, 0.286448, 0.123790, -0.978509, 0.363973, 0.784316, 0.293382, 0.486900, -0.585393, -0.173251, 0.873853, 0
0.250321, 0.573368, -1.089218, -1.326523, -0.922848, -1.034446, -0.478225, -0.043164, 0.764605, -0.418018, -0.078289, -0.010674, -0.228854, 0.829556, 0.710587, 0.498889, 0
-1.508835, -0.425444, 0.566961, -0.101403, 0.770695, 0.627876, 0.413521, 0.121875, 0.865876, 1.369949, 0.825308, -0.026602, 0.199307, -0.201264, -1.466692, -0.267041, 0
-0.575478, 0.279138, -1.097663, 1.038102, -0.515709, 1.017580, 0.823457, -0.037650, 0.000970, -0.102022, -1.000632, 0.559348, 0.296854, 0.215317, 0.827696, 0.380225, 0
-0.237962, 0.625680, -0.807248, -0.279160, -1.512328, 0.087158, 0.425302, -0.291646, 1.007054, -0.428871, 1.161981, -0.512012, -1.673911, -1.527730, 0.420734, 0.420455, 0
0.115718, 0.385772, -0.096293, -0.886804, 0.442222, 0.615016, 0.385692, -0.586179, 2.148067, 0.051699, 1.050317, -1.059492, 0.784374, 1.785291, -0.048068, -0.742839, 0
-0.660208, 0.987154, 1.092211, 1.320563, 0.289746, -0.618606, 0.991733, 0.685449, -1.244933, -1.804402, 0.557770, 0.523225, -1.105671, -0.431380, 0.066277, -1.456819, 0
-0.107763, 0.198665, -0.536276, -1.415092, -0.072800, -0.520044, 0.412219, 0.114863, -0.038414, 1.074067, -0.819689, -0.797175, -0.029257, -0.836802, 0.358723, 0.404099, 0
-1.147950, -0.003949, -0.221633, -0.362724, 0.562602, -0.639814, -0.542512, 0.570748, 0.318875, -1.394608, -1.064773, 0.125591, -0.318891, 1.294055, -0.990495, -0.960318, 0
-0.179852, 0.381164, -0.262757, -0.770201, 0.064232, 0.178024, -0.444430, -0.871693, -0.538901, -0.739194, 0.294727, -1.280568, 0.784398, 0.723798, 0.083365, 0.221442, 0
-1.591674, 0.669825, 0.984537, -0.328711, 0.840287, 0.019555, 0.384994, 0.307645, -0.473182, 0.027671, 0.699631, -0.517621, 0.553350, 0.192036, 0.391096, -0.526354, 0
-0.479240, 0.652100, 0.133431, 0.477672, 0.621701, -0.330088, 1.220739, 0.978216, -1.274955, -0.402512, -0.692468, -1.274352, -0.297919, -1.475302, -0.176555, -0.156842, 0
0.018071, -0.110521, 0.054127, -0.072045, -1.126769, -0.695339, 0.930051, 0.599745, -0.756427, 1.095617, -0.437710, -0.493061, 0.457152, 0.029001, 0.097185, 1.776859, 0
-0.362331, -0.940792, 0.175967, -0.069953, 0.886541, 0.839472, 0.180721, 0.859137, -0.157250, 0.128009, 1.145450, -0.466689, 0.921121, -1.084966, 0.085033, -0.989415, 0
-1.718960, -0.111848, 0.085371, -1.226110, 0.173894, 0.589047, 0.900015, 0.649063, -0.445036, 0.022646, -0.212540, 0.127573, 0.098584, 0.114556, -1.115633, -0.414446, 0
-2.161626, 0.217372, -0.241340, -0.802872, 0.329354, 0.669883, 0.107740, -0.322672, 0.109736, -0.707283, 0.279741, 0.850872, -0.761025, 0.510390, -0.086625, -1.178556, 0
0.706125, 0.216169, 1.493967, -0.382958, -0.103595, 0.921204, -0.352424, 0.588389, 1.173135, 0.626717, -1.006427, -2.113943, 0.843246, 0.152236, 0.673578, -0.839641, 0
-2.559690, -0.202390, 0.416612, 0.068440, 0.348968, 0.679297, -1.315939, -1.022431, -0.554263, -0.015276, 0.793095, 0.627111, 0.919077, 0.237470, 0.896792, -1.244549, 0
-0.322934, -0.112644, -1.695442, 0.220562, 1.199201, 1.023598, 0.452753, 1.431042, 0.658678, -0.477274, 0.397704, -0.291386, -1.294517, -0.372388, 0.095597, -0.030162, 0
-0.139201, 0.115916, -0.144185, -0.456140, -1.435760, 0.588520, -0.847727, -1.116545, -0.793505, 0.007531, -2.674976, -0.450711, -0.219562, -0.397616, -1.011520, -1.168939, 0
-2.341972, 0.047483, -0.088271, 0.201164, 0.177201, 0.893676, -0.100530, -0.821016, 0.673546, -0.072030, 0.725452, -0.610294, -0.032367, 0.037977, 0.498782, 0.487491, 0
-1.757265, 0.179309, -1.330473, 0.632372, -0.401254, 0.797668, -0.653321, -0.925140, -1.126032, -0.903440, -0.623886, 0.922784, -1.219635, -0.109096, 0.353192, 0.940006, 0
-1.988168, 0.447331, 0.162702, 0.507258, 0.595219, -0.055284, -1.253798, -0.318228, -1.242392, 0.847679, -0.843431, -0.092084, 0.802115, -0.602575, -0.630273, -0.616230, 0
-1.230093, -0.037643, 1.206627, 0.359914, 0.091942, 0.232569, 1.066523, -0.229624, -0.924037, 0.029256, -0.695336, -0.855202, -0.850903, -0.276114, -1.011047, -0.617440, 0
-1.406811, 0.085603, 0.947311, 0.160674, -1.180053, 0.383013, -0.408254, -0.859931, 1.076627, -0.098438, -0.656813, -0.660591, -0.653020, -0.456092, 0.743112, -0.800978, 0
0.089483, 0.071576, 1.542631, 1.671004, -0.840386, 0.992689, -0.738081, -0.939530, -0.765651, -0.358165, -0.148026, 1.576024, -0.805192, -0.386443, 0.794037, 1.229837, 0
-1.418027, -0.485420, -0.081861, 0.462710, -0.536756, 0.229961, -0.294049, 0.347567, -0.207893, -0.567892, -0.448293, -1.163635, 0.375186, 0.583745, -0.503318, -0.000398, 0
-0.098978, -0.208593, -1.066811, 0.340136, -0.377854, -0.770085, 0.102886, -1.099500, 1.830295, 0.870684, -0.770189, 0.300047, 0.355948, -0.234073, -1.056468, -0.579735, 0
-0.196670, -0.006450, -1.250836, -0.308465, -0.594046, -0.071327, -1.546096, 1.015671, 0.586077, 0.630471, -0.683339, -0.352884, -0.333726, -2.512966, -1.771434, 0.398002, 0
-0.674649, -1.220785, 0.286392, 0.939191, -1.240846, -0.114786, -1.139282, -0.179430, 2.014849, 0.905778, -1.039734, 0.335706, -1.009848, 0.456079, -0.555589, 1.161822, 0
-0.585048, 0.900527, -0.920606, 1.716538, 0.477543, 1.026008, 0.533111, -0.741444, -1.032127, 0.030435, -1.413313, -0.583926, -0.108896, 0.075384, -0.626898, -0.878212, 0
-0.434424, -0.789337, -0.503307, 0.901994, 1.027653, -0.288139, -1.236088, 0.677605, 0.678942, 1.120893, -0.019743, 0.917125, -0.899384, 0.508398, 0.756006, 0.277150, 0
-0.704253, -1.209471, 0.809386, -1.438856, 0.757310, 0.241536, -1.923882, -1.025310, 0.009834, 0.903139, -1.025943, -0.174656, -0.006065, 0.511513, -0.200704, 0.618150, 0
-0.461884, 0.394406, -0.743443, -0.496123, 0.633732, -0.404646, -0.559481, 0.221204, 0.265414, 0.336955, 0.048442, -1.060744, -0.204502, -0.305758, 1.151192, 0.307465, 0
-1.397349, 0.752762, -0.209759, 0.115661, -0.982047, -0.400699, 1.488407, -0.649502, -0.888837, 0.718915, 0.000338, -0.567971, 0.503834, 1.407816, -0.098712, -0.740937, 0
0.072026, -1.036383, 0.632386, 0.943091, 0.240442, -0.091353, 0.759184, -1.021607, 0.803545, -0.735885, 0.071882, -0.925900, 1.262105, 0.610036, 0.680306, -0.807177, 0
0.579775, -0.815350, 0.966780, -0.033110, 0.170302, 0.085775, -0.199194, -0.629549, -0.054603, -0.062445, -0.744936, -0.415752, -0.114501, -1.015723, -0.346416, -0.372638, 0
-0.910864, 0.012359, -0.694528, 0.733858, -1.133900, -0.397609, -0.379008, -1.255325, 0.039038, 0.545028, -0.866869, -1.023245, 0.349687, -0.970781, -2.017610, -0.097186, 0
-1.065209, -0.466457, -0.887233, -1.274079, 1.663486, -0.640954, 0.850617, -1.092661, -1.173729, 0.544171, -1.206408, 0.472290, 0.198690, 0.838210, 0.850541, -0.043916, 0
-1.283883, -0.616325, -0.821913, 0.668633, -0.242863, -0.706535, -1.719997, 0.492260, -0.548622, 0.798026, -1.833717, -0.577516, -0.905450, -0.491558, -0.086284, -0.777108, 0
-1.350051, 0.989147, 0.268335, -0.311039, 0.960232, -0.718775, -0.283660, 0.769235, 0.012607, 0.112654, -0.763017, 0.579897, 1.261940, 0.852052, 2.160718, -0.758036, 0
-0.734340, -0.714728, -0.103262, 0.875942, -0.174185, 1.357626, -0.138393, 0.561019, -1.486386, -0.325553, 0.190749, -0.551871, 0.691851, -0.271654, 0.313843, -0.154155, 0
-0.362679, -0.504266, 0.288541, 0.122873, -0.236449, 0.843068, 0.417356, -0.089946, -2.098910, 1.190528, 0.595451, 0.394666, -0.204321, 0.204848, -0.251018, 0.620188, 0
-0.374915, 0.775640, 0.933712, -0.770633, 0.162651, -0.576641, 1.178575, -0.468089, -0.005385, 0.838916, -0.723923, -0.183409, 0.485156, 0.396151, 1.538214, 0.285297, 0
-1.938202, 1.078437, 0.598124, 0.443221, -0.390080, 0.591251, 0.624158, -0.795348, 0.178585, -0.396852, 0.382717, 0.528666, -0.373177, -0.657593, -0.258729, -0.072902, 0
-1.022148, 0.442062, -0.814155, 0.182947, -0.058231, -1.209024, 0.486853, -0.111187, 0.329412, 0.519625, -0.456883, 0.173249, -1.329841, -0.156749, -1.010981, 0.083665, 0
-1.633960, 0.631508, 0.057993, -0.471337, 0.072366, 0.391824, -0.045749, -0.888687, -1.778200, 1.240943, 0.084099, 0.986676, 0.042720, -0.165066, -0.292803, 1.150449, 0
-0.359422, 0.685597, -0.735845, -0.485167, -0.288889, 0.955193, -0.794933, -0.691453, 1.149105, 0.046971, 1.663046, 1.130674, -0.728263, -0.720680, -0.702513, -0.157782, 0
-1.501774, -0.398313, 0.186460, -0.244592, -0.434079, -1.671086, 0.533839, -0.051459, 0.482722, -1.853599, 0.785247, -0.532480, 0.335191, 0.896010, -0.670196, 0.164027, 0
0.114887, 0.257345, 0.269793, -1.423541, 0.583686, 0.304006, -0.352714, -0.231634, 0.526047, 0.189329, -0.423057, -0.458839, -1.003518, 1.099281, 1.093098, 0.136583, 0
0.132059, 1.034802, -0.992367, 0.437303, 0.909324, -1.406979, 1.129414, 0.233493, -0.147275, -0.525474, 0.305012, -0.551072, -0.818605, -1.227250, -0.282874, -0.043698, 0
-0.732330, -1.305401, 0.734516, 0.435438, 0.151585, -0.944425, -0.267737, -1.976534, 0.265520, 0.157493, -1.164989, 0.033474, 1.476579, -0.468521, 0.447632, 0.533983, 0
-1.131421, -0.305683, 0.749725, 0.870739, 0.973314, -0.456994, 0.485683, -0.138060, 0.634057, -0.329107, 0.360804, 0.192635, -0.413822, -0.620336, -0.264319, -1.288290, 0
-1.574151, -0.885430, -0.427079, -0.465073, 0.655652, 0.044191, -1.106796, 0.466910, -0.201081, -0.733538, -0.803011, -0.611262, 0.513486, -0.661945, -1.019596, 0.267995, 0
-1.966121, -1.500030, 0.305548, -0.538720, 0.401088, -0.904375, 0.921165, 0.390686, 1.267245, -1.178458, -0.615808, 0.274478, -0.063360, 0.129932, 1.148824, -1.010561, 0
-1.193809, 0.109413, 1.284748, 0.373939, 0.794100, -0.000750, -2.433211, 0.501992, 1.214667, -0.438613, 0.072253, 0.149442, -0.400511, 0.570014, -0.225722, 1.043047, 0
-0.344331, -1.218289, 1.401929, -1.222127, 0.115010, -0.142650, -0.294067, 0.589538, -0.043809, 0.771729, -0.036308, -0.331700, -0.203815, 0.264451, 0.565614, 0.143939, 0
-1.037610, -0.374750, 0.752459, 1.471666, 0.184792, 0.345812, -0.236015, -0.056766, -1.694845, -0.010049, -0.705390, -0.043272, -0.532445, -1.352606, 1.087960, -0.453804, 0
-1.378451, -0.010488, 0.875157, 1.631761, 0.461319, 0.023534, -0.433312, 1.132951, -0.128474, 0.302589, 0.636523, 0.840534, -0.793205, -0.368213, -0.922708, -1.229747, 0
0.129936, -0.287004, 1.093549, -0.280027, -0.681070, 0.142872, -0.483256, 0.853467, 0.640905, 0.671046, -0.008589, 0.210274, 1.280310, -1.175377, -1.329093, 0.896273, 0
-0.449198, 0.589847, -1.256458, 1.278585, 1.457555, -0.119584, -0.815357, -0.480523, -0.281140, 0.216026, -0.370126, -0.655291, 1.164874, -0.910278, 0.384205, -0.461985, 0
-1.896275, 0.367812, 1.048450, 0.901550, 1.093212, 0.463962, 0.067001, -1.136973, -0.702121, 0.204534, 0.471474, -0.779506, -0.530129, 0.594417, -1.437181, -1.086673, 0
-0.380282, 0.115359, 0.159888, 0.190171, -0.165042, -0.286228, -1.114002, -0.274403, -0.805861, 0.607961, 0.686094, -0.390818, 0.422336, -0.351650, 1.091960, 1.813556, 0
-0.539715, 0.072680, 0.679377, -0.490036, -0.971317, -0.081462, -0.140261, -0.472319, -1.445051, -1.297130, 0.050175, -0.307416, 0.443480, 0.897794, -0.687822, -1.067701, 0
-0.803334, 0.818764, -0.321452, 1.485465, 1.303626, 1.922308, -0.125259, 0.826226, 0.410482, 0.251999, -0.869515, -0.863949, 0.021567, -0.210214, -0.579339, 0.081540, 0
0.113388, -1.162594, -0.887783, -0.314868, 0.349475, 0.622736, 0.391100, 0.030669, -0.990254, -0.689492, 0.251697, 0.091779, -0.930684, -0.010045, 0.337280, -0.220984, 0
-1.411406, 0.491699, 0.718635, 0.279894, 0.109873, -1.089925, -0.019222, 0.942892, 0.621446, 0.040185, 0.504374, 0.106316, -1.506128, -0.526468, -0.529068, -1.018329, 0
-0.509139, 0.674976, 0.207085, 0.676914, 0.510530, -0.323078, -0.834229, 0.936773, -0.181954, 0.212495, -0.345643, 0.884259, -1.452086, 0.527728, -0.332243, -0.457235, 0
0.700198, -0.285767, 0.976172, -0.040473, 0.211924, -0.558676, -0.561546, -1.145695, -0.022154, 1.124985, -0.465367, 0.222189, -0.737704, 0.529262, -0.786398, -0.198095, 0
-0.198025, -0.403394, 1.999044, -0.488379, 0.694384, 0.752952, 0.265882, 0.089406, 0.672240, 0.362738, -1.884133, 1.209157, 0.428836, 0.513340, -0.024257, -0.912617, 0
-1.139724, -0.701309, 0.259260, -0.222839, 0.590716, 0.319993, -0.030643, 0.228847, -1.800996, -0.182353, -0.345898, 1.117858, 0.421322, -0.350721, -0.186515, 0.303864, 0
-1.193267, 0.365634, 0.513602, 1.547991, 0.367697, 0.163255, 0.882318, -0.418798, 0.271211, -1.504161, -0.975426, 0.387227, -1.077245, 0.249069, -0.439156, -1.107044, 0
-1.177224, 1.084447, -1.568047, -0.838742, 0.106341, 0.011317, -1.116750, 0.389112, 0.006541, -1.327086, 1.456123, 0.780583, -1.342492, -0.524167, 0.882655, -0.348890, 0
-0.140736, -0.467175, -0.715087, 0.229455, 0.412409, -0.791147, -0.835072, -0.463785, 1.250061, 0.107037, -0.844810, -2.429567, -1.371026, -0.853428, 0.637488, -0.960651, 0
-0.585009, -0.432819, -0.232139, 0.008694, 0.228183, -0.574003, 1.901068, 0.913967, 0.268858, -0.370621, -1.115521, 0.328142, -0.289144, -0.333895, 0.386528, 0.711051, 0
-1.178721, -0.428361, -0.984408, -1.490690, 0.337042, -0.034106, -0.240526, 0.306449, -0.337857, 1.025303, 0.020262, 0.044007, 0.230807, 0.332564, 0.396031, 0.035813, 0
-0.834190, 1.314302, -0.556106, 0.115243, -0.313811, -0.008416, 0.609702, -0.300540, 0.329190, 0.432131, -0.833072, -0.303648, 0.145309, 1.200322, -0.849883, 1.352614, 0
-1.462661, -0.734711, 1.220800, 0.380246, 1.713328, 0.595105, -0.490045, -0.593283, 1.733476, -0.659452, 0.358832, -0.116570, -0.843328, -0.573599, 0.678097, -0.382815, 0
-0.658229, 0.923602, -0.553238, -0.399766, 0.025268, 0.416300, 1.030226, 0.838511, 0.540636, 0.174242, 0.214936, 1.001722, -0.618443, -0.028993, -0.894945, -0.858028, 0
-1.896038, 0.645763, -0.396737, -0.325778, 0.557291, -1.130662, 0.830979, -0.833347, 0.803078, 0.524392, 2.109172, -0.896965, 0.290150, -0.516624, 0.199723, -0.368967, 0
0.236767, 0.162925, 0.822945, -0.865890, 0.402955, 0.624568, -1.617969, -0.882596, -0.009177, 0.650687, 0.300129, 1.578587, 0.415680, -0.115929, -1.787571, -0.418769, 0
-1.261781, 0.758818, 0.550743, 0.577318, -1.014888, -0.380650, -1.404265, -0.514884, -0.291394, 0.123743, 0.120493, 0.182712, -0.662423, 1.173874, 0.940699, -0.674627, 0
-2.454017, 0.470394, 0.006668, -0.920020, 0.418324, -0.249613, 0.070127, -1.045434, -0.542910, 0.065953, 1.040303, -0.166995, 0.113400, 0.296641, 0.053820, -0.013345, 0
-0.700503, -0.550738, 1.341400, 0.125866, 0.000300, 0.437444, -0.020473, 1.112483, 0.029275, -0.497617, 0.518387, -0.253681, -1.309996, -0.637408, -0.513335, 0.120181, 0
-1.271767, -0.173971, -0.571080, -0.623950, -0.565795, 0.706300, -0.236813, 0.585631, -0.095056, 0.572754, 1.190527, -0.276019, -1.401083, 0.658447, 0.016317, 0.460976, 0
-0.457090, 0.896681, 0.980701, -1.021832, 0.523225, -1.064129, 0.327051, -1.066616, 1.013465, -0.364398, 0.992224, 0.194236, 1.534932, -0.840376, 0.159473, 0.161973, 0
-2.098647, 1.336961, 0.180099, -0.451647, -0.357453, 0.410683, -0.289369, 0.446095, 0.021722, 1.637738, -0.969348, 1.434382, -1.070810, 0.546477, -1.030009, -0.774128, 0
-1.237000, 0.955184, -1.035220, -0.636922, -0.599603, -0.101928, -0.342483, 0.873080, 0.599930, -1.956787, -0.425239, -1.323276, -0.852577, -0.443669, 0.530190, -1.853420, 0
-0.311432, 0.082548, 0.116011, 0.469464, -0.120190, -0.385661, -0.529113, 0.882239, 0.349953, -0.101309, 0.184639, -0.781782, 0.792120, -0.363608, -0.055396, -0.808288, 0
-1.079371, 0.849620, -0.258935, 0.782821, -0.368168, 0.219811, 1.329840, -1.081914, -0.237953, 0.622517, -0.635520, 1.405658, 0.368765, -0.590178, -0.381026, 0.222975, 0
-0.765500, 1.247067, 0.119679, -0.154419, 0.824607, 0.056826, 0.279454, -0.748450, -0.398811, -0.668051, 0.205769, 1.228361, -0.661160, 0.368263, -0.795560, -1.085445, 0
-0.771451, -0.047720, 1.028046, -0.160874, -0.434963, 0.409287, 1.275009, -0.717175, 0.463342, -0.362638, -0.451742, -1.430377, -0.984951, 0.117378, -0.595883, -0.475618, 0
-1.112049, 0.995933, -0.370574, -0.643922, -0.509309, -0.054300, 0.488516, 0.064799, -0.444367, 0.856398, 1.187594, -0.971524, 1.665876, 2.074251, 0.581462, -0.080726, 0
-0.283741, -0.864732, -0.652987, -1.378444, 1.404014, 1.137951, -0.414558, -0.372526, -1.049096, -0.618213, 0.064502, 2.177766, -0.122563, 0.132852, -0.126189, -0.562636, 0
-1.555723, -0.156461, 0.594210, -0.255935, -0.328378, -1.439399, 0.119247, 1.154865, 0.987463, -0.999501, -1.400813, -0.056185, -1.913330, 0.651932, 0.551535, -1.107271, 0
-2.097366, -0.176355, -1.081783, -0.143059, -0.527854, 1.892053, 0.449108, -0.233016, 0.018212, -0.069344, 0.443259, 0.454684, 0.392953, 1.076205, 0.926206, 1.472078, 0
-1.249357, -1.283256, -0.074130, -0.203482, -1.039337, 0.167939, -0.031205, 0.161770, 0.112533, -0.768682, -1.695607, 0.205197, -0.447874, -0.594769, -0.913629, -1.062082, 0
-1.315359, -0.559792, -0.197815, 0.297165, 1.470728, -0.997455, 0.346398, -0.763566, 0.951524, 0.072723, 1.105359, 0.170216, 0.547537, -0.806697, -0.367104, -0.346477, 0
-1.099152, -0.950862, -0.108310, 0.236401, -0.959150, 0.623309, 2.128749, 0.342304, -0.974358, -0.029378, 0.327227, 0.174065, 1.045173, -0.760157, -0.602953, 1.210611, 0
-2.045311, 1.120428, -0.352597, 0.385180, 0.039523, -0.567153, 0.480548, -0.133422, 0.986018, -1.103310, -0.722594, -1.764627, 0.257390, 0.179329, -0.507961, 0.663449, 0
-0.313483, 2.183528, -0.106750, -1.182700, -0.858447, -0.349907, -0.526920, -0.815844, -0.805206, 0.858253, 1.744240, -0.345534, -0.827945, -0.933502, 0.213905, 0.455239, 0
-1.117084, 0.111903, 1.314316, 0.736230, -0.874794, -1.945181, 1.065992, 0.805425, -1.386955, -0.758829, 1.080137, 1.530185, -0.145280, -0.408021, -1.615090, 0.695273, 0
-1.111567, 0.524571, 0.432494, 0.154945, -0.264843, 1.129206, 0.815193, 0.415510, -0.332539, -0.031102, 0.014787, 1.349509, -0.256022, -0.873339, 0.427691, -0.843656, 0
-1.123178, 1.114434, -1.042975, 0.634315, 0.312030, 0.545913, 1.203743, -0.461896, -0.137134, -0.681215, -0.323517, -1.557215, 0.100513, -1.104469, 1.380547, 0.110894, 0
-0.804638, 1.829252, -0.953563, 0.046290, 1.039630, 1.686175, 0.486049, 0.946713, -1.477404, -1.126936, -0.410566, -0.303425, -0.095108, -0.226250, 0.134180, 0.122771, 0
-1.577600, 0.496116, 0.056565, 1.880432, 0.620547, 0.192770, 0.020411, 0.338682, 0.304905, -0.099051, -0.003133, 0.291291, 0.364856, 0.019984, 0.768075, 0.068997, 0
-0.151616, -1.045342, -0.503504, -0.048124, 0.350102, -0.446979, -0.361078, -0.327453, 2.014150, 0.911196, -0.681605, 0.437011, 0.176579, -0.171245, 0.237486, -0.418549, 0
-1.137716, 1.138692, -0.186663, -0.319030, -0.542832, -0.081925, 0.467033, -0.614875, -0.429087, 0.442438, -1.049512, 0.278148, -0.342792, -1.050240, 0.996243, -0.778753, 0
0.021080, 0.260244, -0.763735, -0.025367, -1.057004, -0.091090, -0.437343, 2.309838, 0.193738, 0.565993, -0.538545, -0.446506, -0.362836, -0.012323, 1.865860, 0.760417, 0
-1.678369, -0.607065, 0.117965, -0.864800, -0.921527, 0.097432, 0.924129, 0.243855, 0.194145, -1.118374, -0.054707, 0.365078, -2.102333, -0.435090, 0.189088, -1.412907, 0
-1.400975, -0.592106, -0.224011, 0.094294, -0.352437, -1.092990, -0.953070, -0.619803, 1.040859, -0.662354, 0.392814, 0.041372, 0.049048, 0.525978, -0.832981, 0.437840, 0
-1.929435, 2.255627, -1.033832, -1.828488, -0.640142, 0.171817, 0.251599, -0.223233, 1.658954, 0.992092, -0.045665, -2.177242, -0.378622, 0.966037, -0.523669, -1.819483, 0
-1.947816, -0.931859, 0.448714, -0.114535, 0.470449, 1.255644, -0.015710, 0.917865, -0.229234, -0.918736, 0.152616, -0.301661, 0.438017, 0.104911, 1.208738, 0.875789, 0
0.361771, -1.609193, -1.635710, 0.522518, 0.191895, 0.200322, -0.876849, 1.563092, 0.264210, -0.481815, -0.176537, 0.605262, -0.386911, -0.357561, 0.808801, -0.929108, 0
