1.976856, -0.322681, 0.491576, -0.204643, 0.967739, 0.074305, -0.698524, -0.161990, -1.038368, -0.422120, 0.453474, -0.064687, 0.226195, -0.890753, 0.474322, -0.372996, 0.050440, 0.014490, -0.459019, -0.159904, -0.291656, 1.141622, 1.177864, -0.681155, 0.998616, 0.903517, 1.127936, -1.167608, 0.417245, -0.558758, -0.695101, -0.719734, 1
0.660211, 0.284317, 1.017084, -0.040815, 0.480015, 0.395548, -0.321820, 0.151820, -0.720107, 1.240824, -0.219660, 0.792425, 1.136816, 0.087056, -0.051453, 0.251680, -1.667922, 0.943175, -0.739128, -0.745671, -0.418083, 0.252478, 0.817728, 1.023080, 3.065200, 0.225385, 2.227664, -0.712941, -1.145700, -0.100407, -0.614570, 0.063673, 1
0.760779, -0.173224, -0.333563, 0.503712, 1.237982, -0.228045, 0.414593, 0.121750, -0.410429, -0.422031, -1.167750, 0.752453, -1.306025, 1.034154, 0.101008, -0.728155, 0.410455, 1.008872, -0.403339, -0.245917, -0.661259, 0.204925, -0.267662, 0.743713, 0.857182, -0.473115, -1.195571, 0.379175, 0.032588, 1.121454, -0.416061, -0.493849, 1
1.923658, -0.723313, 0.144597, 1.050740, -0.356277, 0.418772, 0.309997, -1.001248, -1.040555, 0.537306, 0.000921, -0.288674, 0.416896, 0.282096, -0.274083, -1.487443, 0.243134, -0.759168, 0.487727, -1.019150, 0.273206, 1.440710, 1.178902, -0.568413, -0.202567, 0.536984, 1.107101, -0.463533, -0.048025, 0.164970, 0.698753, 0.191857, 1
2.293438, -1.046822, 1.034887, 1.596528, 0.485313, 0.201136, -0.114883, -0.914815, -0.178839, -1.172363, -1.701208, 0.338225, -1.145107, -0.799437, -0.717057, 0.059273, -0.015425, -0.588345, 0.540418, -0.640810, 0.887980, -0.492575, 0.811886, 0.228402, 0.734513, -0.118407, 0.543437, 0.670980, -0.062454, -0.337468, -0.692176, 0.652293, 1
-0.168269, 0.637570, 0.447508, 0.074008, -0.340030, -0.469693, 0.170140, -0.215287, 0.645310, -0.866606, -0.724287, 0.482023, 0.418513, -0.011445, -0.179168, 1.112933, 0.164863, 1.022805, -1.268767, -1.164126, -0.151460, 0.970062, 0.728672, -1.002323, 0.550709, 0.136559, 0.367559, 0.742231, 0.638873, -0.138722, 0.245250, 1.132151, 1
2.150895, -1.282284, 0.485906, 1.175576, -0.315922, -0.114301, -0.179548, 0.261861, -0.178959, -0.606752, -0.366856, -0.400737, 0.370301, 0.613220, 1.004644, 1.179041, -0.680151, -1.262574, 1.287935, 0.575845, 0.280730, 0.364142, 0.854286, -0.218260, 0.753082, 0.703992, -1.308731, 1.136491, 0.628784, -0.680312, 0.074704, 0.614156, 1
1.997420, -0.224662, -0.462517, 0.586805, -0.070827, 0.203741, 0.050504, -0.093465, 0.643261, 1.522552, 0.315213, -0.376580, 0.617233, 0.400410, -2.125924, -1.141316, 0.151601, -1.420305, 0.104972, 0.385368, -1.568973, 0.547827, 1.142219, -0.714174, 1.306576, 0.632958, -0.024443, 0.622402, -0.407778, -0.673424, 1.121718, -0.141448, 1
-0.654797, -0.383660, -0.256124, 0.071217, -1.216950, -0.838545, -0.016682, 0.150275, 0.289200, 1.038178, 0.147496, -0.875619, -0.314175, 0.563889, -0.083439, 0.075714, 0.735829, 0.214472, -1.614007, -0.610177, 0.086483, -0.505577, -1.007706, -1.766695, 0.944901, 0.584975, 0.740413, -0.680063, -0.149330, -0.023816, -0.385653, 0.075051, 1
1.957202, -0.598406, 0.225894, -0.427621, -0.134783, -1.147508, 0.105636, 0.833526, 1.008592, -1.292082, -0.192000, 0.099373, -1.144405, -0.214910, 0.417068, -0.493386, 1.316461, -1.120274, -0.523688, 0.086979, -0.041615, -0.668888, -0.469730, 0.274247, 0.744668, 1.209154, 0.532242, -0.688077, 0.365243, -1.468555, -0.994365, 0.772186, 1
0.802955, 1.406716, 1.771576, -0.292621, -0.644731, -0.395899, -0.662720, 0.152638, 0.597710, -0.753503, 1.772007, 0.693088, -0.416001, -0.239915, 0.771310, -0.000807, -0.506081, -1.453786, 0.121755, 0.034508, 0.135710, -0.767452, -0.261020, 0.939469, -0.763800, -0.335919, -0.519746, 0.029598, -1.184740, 0.282806, 0.066714, 0.093894, 1
0.290039, 1.589149, -0.829286, 1.027038, 1.419020, -0.590989, -0.892622, -0.793261, -0.625377, -0.321192, -0.591940, -0.156466, -0.430358, 0.605512, 0.051810, -0.970180, -1.667022, 0.370487, 0.988254, -0.865022, -0.235376, -0.076920, -0.735237, -1.572683, 0.599626, -1.082389, 0.727077, 0.583515, 0.338227, -0.110731, 0.124467, 0.229020, 1
0.470021, 0.517575, 0.509427, -0.409674, 0.061849, 1.959808, 0.786489, 0.764761, -0.106893, -0.869392, 1.138526, -1.718473, 0.614785, 0.288235, 0.383156, -0.330843, -0.469626, 0.567127, -0.473795, -0.451759, -0.626910, -0.496888, 0.452238, -1.728680, -0.252626, -0.598867, -0.694962, 0.361139, 0.074821, -0.367253, 0.371630, 0.618494, 1
1.956183, 0.478693, 1.365514, 0.661680, 1.009166, -0.581207, 0.417757, 0.053997, 0.060818, -0.337517, -0.233768, -0.109920, -0.530875, -0.259870, -1.643666, 0.697986, -1.219707, -0.360233, -2.320081, -1.483827, -1.163145, -1.058510, 0.438488, -1.337138, 0.483365, 0.994739, 0.462209, 0.702815, -0.793977, 0.399599, 0.293686, -0.009000, 1
2.669392, 0.347978, 2.086532, -0.224065, -1.216591, 2.461434, -1.481598, 1.017008, -1.184304, -0.236027, -0.139637, 0.534248, -0.148575, -0.170859, -1.158155, 1.559051, -0.593139, 1.587152, -0.683861, -0.062504, -0.232749, 0.992227, -0.135812, -1.119849, -0.327261, -0.820519, 0.416234, 0.350549, -0.378886, -0.545037, -0.300606, -0.193521, 1
0.382519, -0.058580, -0.321383, -1.477643, 1.409558, -0.431226, -0.179955, 0.123148, 0.190665, -0.255614, -0.052210, 0.272391, -0.313148, 0.195590, -0.170765, 0.065936, -1.292182, -1.019463, -0.721948, -0.256431, -0.451434, 0.185021, 0.320581, -0.386743, 0.565721, -0.442315, 0.688639, 0.896004, 0.356540, 0.039119, 0.003717, -1.344236, 1
2.113980, 0.663392, 0.113823, 0.549624, -0.772834, -1.053783, 1.018547, 0.175082, 0.840400, -0.518115, 0.482814, 0.143037, 1.264416, 0.390889, -0.613010, -0.585903, -0.124200, -0.448456, -0.628629, -1.187873, 0.198439, -0.634048, -0.613343, 0.841622, 0.873537, 0.332909, -0.350069, -0.428541, -1.630495, 0.943158, 0.458314, 0.145701, 1
1.565222, 2.003267, 0.265437, -0.487873, 0.138137, 0.677549, -0.265425, -1.010171, -0.530811, -1.506777, -0.083015, -0.954904, -1.694223, -0.463017, -0.192041, -0.301833, 0.163915, 1.062272, -0.031621, 0.109886, 0.104963, 0.337388, -1.163272, -0.177506, -0.307906, 1.145757, 0.558834, 0.942944, 0.950744, -0.498222, -0.399213, 1.118183, 1
1.233612, -0.865968, 1.517228, 0.642428, 1.056296, 0.427884, -0.990821, 1.113496, 0.790668, 0.386000, 1.249764, 0.277054, 0.894947, -0.422624, -0.582249, -1.145458, 0.346797, 0.005041, 1.031557, -0.905996, -0.358131, 1.007775, 1.241247, -0.296406, -0.234519, -0.414788, -0.787574, -0.340558, 1.402814, 1.037702, -1.485478, 1.650464, 1
1.007228, -0.041515, 0.187703, -0.330256, -1.292998, 0.102846, 0.736882, -0.566801, -0.199657, -0.937490, -0.822012, -0.451305, 0.011832, -0.978990, -0.439117, -0.954390, -0.820127, 0.718087, -0.420044, -0.568028, -0.646735, 1.782968, 1.236965, -0.515009, -1.064694, -1.767183, 0.013728, -0.194856, -0.575950, 0.401566, 0.183681, 0.020109, 1
0.686198, -0.949044, -0.518177, -0.023691, 0.020774, -0.002257, -0.468279, -0.323133, 0.567160, 0.923802, 0.770284, -0.209114, -1.814858, 1.532693, -0.910223, 0.383502, 0.912603, -0.776957, 0.092224, 2.016817, 0.883807, 0.515688, -1.640364, 0.242314, -1.210289, -0.196251, -1.336827, 0.143135, 0.630068, 1.511477, 1.096746, 0.087760, 1
2.544736, -0.347560, 0.286629, -0.371843, -1.036767, 0.468766, 0.369519, 0.368842, -0.639296, 1.003005, 0.667727, 1.169339, 0.671540, 0.088450, -1.213055, -0.927379, -1.160484, -0.349716, 0.223751, -0.011642, 0.349505, -0.306472, 0.210111, -0.007283, 0.157973, -0.325726, 1.126433, 0.550373, -0.900301, -0.688617, 0.407391, -0.605701, 1
1.531951, 0.054971, 0.133725, 0.436979, 0.466244, -1.492540, 0.978732, 0.668593, -0.195839, 0.252799, -0.521234, -0.835346, 1.058214, 1.354417, 2.049173, -0.508293, 0.018309, 1.240196, -1.034994, 0.365560, 0.780270, 1.079515, 0.143581, 0.765213, -0.837147, -0.162597, -0.070887, 0.969185, 0.173188, 1.485700, -0.379048, -0.630825, 1
2.408956, -0.257605, -0.401919, 0.920370, -0.480467, -0.418916, 0.351832, -1.653914, 0.563356, -2.175640, 0.682989, -0.338688, -0.480904, 0.393650, 1.519892, 0.518923, 2.335728, -0.555994, 0.284894, -1.114151, -0.260930, 0.745980, 0.126598, 0.168563, -0.370346, -0.212627, 0.320186, 0.056571, 0.220353, -1.108604, 1.559983, 0.767062, 1
1.227973, 0.596438, -0.254628, -0.159985, -1.364957, 0.881637, 0.777304, 0.098390, 0.839591, 0.809828, 0.498004, 0.467844, -1.158609, -0.496103, 1.049953, -0.214796, 1.246085, -0.334527, 0.090635, -0.994164, 0.261299, 0.312997, 0.436483, -0.410056, -0.174871, 1.897951, 0.035765, -1.059306, -0.606697, 0.826482, 1.410285, -0.780707, 1
1.177883, -0.578693, 0.844048, 0.040426, -0.263295, -0.450938, 0.003834, -0.245433, -0.370869, -0.800435, -0.071184, -0.982464, 0.259664, -0.238389, 0.258224, 0.441408, 0.998393, 0.108648, -0.740813, 0.031682, 0.017281, 0.480425, -1.035190, -0.804498, -0.115711, 1.047571, 0.554051, -0.876693, 0.360047, 0.610502, 0.211232, -0.510236, 1
0.138860, 0.566427, 0.105595, -0.684077, -0.159917, -0.120927, 0.061963, -1.453441, -0.874212, -0.708756, 0.237873, 0.535310, -0.613411, -1.245503, 0.868879, 0.359398, 0.790169, 0.492043, -0.458583, -1.056491, -0.517038, 0.002877, 0.393625, 0.302615, 0.586869, -0.882204, 0.122088, 1.734315, -1.256667, 0.272382, -0.091406, 0.223128, 1
0.596111, 0.496322, -1.026396, -0.168466, -1.588132, -0.728389, 1.159977, -1.338318, 0.114869, -0.848076, -0.190367, 0.321896, 0.210441, -1.110885, -2.023821, 0.268038, -0.071464, 0.739888, 0.278327, -0.477284, 0.653822, 0.007509, 1.050752, 0.427789, 0.492575, 0.325302, 0.975446, 0.513853, -0.194160, 1.347516, 0.604048, -0.137592, 1
-0.287931, 0.247249, 0.510918, -1.358539, 1.050842, 0.486814, -1.655285, 0.957443, 0.309235, 0.302317, -0.934043, -1.450731, -0.186747, -0.432103, 0.189883, 0.489732, -0.015694, 0.350147, -0.086037, 0.268718, 0.817603, -0.062101, 0.409825, 0.616123, -0.724226, 1.093166, 0.071610, -0.383718, 0.136968, 1.308989, -0.242317, 0.021441, 1
-0.184125, -0.339581, -0.131225, -0.136559, -0.485648, -0.187056, -0.121521, -0.693460, -1.299661, -0.198831, -0.788623, -0.144424, -0.076456, 1.586303, -0.053703, -0.529860, -0.031662, 1.262612, -1.292057, -0.415131, -0.533528, 0.137462, -0.425786, -0.073762, 0.354367, -0.239208, 0.944875, 0.072802, -0.104128, 0.607805, 1.266726, -0.606061, 1
1.600586, 1.044234, 0.567341, -0.665875, -0.559299, -1.210954, -0.602846, -0.634409, -0.227090, -0.852051, 0.207956, -1.360953, 0.760505, 0.588663, 0.511678, -0.607875, -0.394526, -0.821116, 0.771937, -0.942065, -0.821032, -0.637459, -0.412226, 1.067570, 0.763518, -0.764337, -0.894931, 0.067256, 0.413906, 0.409102, -0.066934, -0.806298, 1
1.503027, -1.225420, -0.681834, -0.733753, -0.372814, 0.359251, -0.237765, 0.013455, 0.243607, 0.676544, -0.315854, -0.525666, -0.007449, 1.433871, 0.030616, 1.865363, -0.025445, 0.574054, 0.119717, -0.537741, -0.021682, -0.209394, -0.702828, -0.267386, 1.263448, 1.759037, -0.441083, -0.210315, 0.737636, 0.135473, -0.137521, -0.470418, 1
0.915477, 0.182123, -1.193834, 0.053877, -0.188720, -1.177982, -0.367717, -1.400746, -0.788489, -1.173861, 0.120769, 1.083638, 1.246940, -0.000903, -0.052757, -0.451907, -0.134928, -0.015963, 0.158839, -0.436343, -0.972378, 0.473030, 0.433491, -0.579677, 0.280417, 0.050717, -1.817247, -0.055728, -0.365125, -1.172954, -0.982331, 1.452157, 1
1.370999, -0.247311, -0.035391, -0.549626, 0.009412, -0.890647, 0.942840, 0.205819, 0.501341, -0.989372, -0.804953, -0.694333, -0.305597, 1.074669, 1.370337, -2.010620, -0.197997, 0.139982, 0.991667, -0.436973, -0.546652, -1.406645, 0.371594, 0.704679, 0.066367, 0.276897, -0.333565, 0.789748, 0.319440, -0.340045, -0.105696, -1.073129, 1
1.858275, -1.611780, -0.302894, 0.287259, -0.869508, 1.275641, 0.342541, 0.094809, 0.797056, -0.335538, 0.128191, 0.477835, -0.300136, -1.460499, 1.297450, 1.422618, 1.123815, 0.985394, 0.230213, -0.210268, -0.115335, -0.946695, 0.723557, 0.856351, 0.271341, -1.013619, -0.120629, 0.301786, 0.910086, 0.469778, -0.624655, -0.898165, 1
0.774300, -0.007937, 1.031351, -1.019005, 0.553595, 0.102305, 0.858574, 0.297259, 0.594033, -1.150364, -0.160592, -0.375512, -0.069580, 0.709470, -0.899391, -0.642119, -1.817291, -0.003625, 0.934131, 0.096203, -0.505141, 0.738884, -0.837841, -0.477936, -0.698475, -1.817575, -1.357388, -0.431796, 1.221082, -0.456273, -0.456176, 0.447251, 1
0.171410, -0.791401, 1.002171, 0.683449, 0.414543, 0.065768, 0.268432, -0.807972, -0.705570, 0.225484, -0.106060, -0.967527, -0.552402, -0.827060, -0.183376, 0.391525, 0.629526, 0.082589, -0.186772, -2.009505, -1.354002, 0.689952, -0.120595, -0.790083, -0.112110, -0.411664, 0.083198, -0.168209, 1.029761, 0.125713, 0.765266, 0.412636, 1
2.139112, 0.918755, -1.176928, 0.403272, -0.507801, 0.721051, -0.619872, -1.281638, 0.175753, 0.788290, -0.951365, 0.734050, -1.067328, 0.239003, 0.545171, 0.231567, 0.412956, -0.848922, 0.002166, 0.785887, 0.793038, 0.594484, 0.630741, 0.043117, -1.093436, 0.353656, 0.496708, 0.355790, 1.190054, 0.630095, 0.373163, -0.340792, 1
0.946364, -0.897704, -1.338805, -1.791356, -0.697316, 0.092850, -0.821005, 0.996836, -0.753415, -2.301879, -1.233947, -0.051945, 0.228160, 0.943781, -0.354186, -1.216042, 0.151841, -0.293645, 1.933214, 0.759027, -0.213214, 0.113111, 0.173357, 0.810412, 0.177690, -1.503158, 0.754372, -0.347231, -1.114065, -1.491304, -0.922485, -0.264194, 1
1.961237, 0.267411, 0.343080, 1.048010, -0.227462, -0.514604, 1.261378, -1.023937, -1.117874, -1.268211, 1.724725, -0.065617, -0.864786, -0.786243, 1.006638, 0.747489, 0.701205, -0.631140, 0.262544, -0.043205, 0.254308, 0.537933, -1.248194, 1.011396, 0.552443, 1.334943, 1.190450, 0.827846, 0.882904, 0.284400, 1.741325, 0.769073, 1
-0.153078, 1.356844, -0.346739, -0.020667, 0.049223, 0.550112, 0.243235, 0.042296, -1.074303, -0.251377, -0.033788, -0.899715, 0.219276, 0.211040, 0.343946, -0.299013, -0.248079, 0.422672, -1.494008, -0.012443, -1.664509, 0.586517, 1.513775, -0.604786, 0.533793, -0.123925, -0.031862, 0.077676, -1.525462, 0.840353, -0.568733, 1.169814, 1
1.824237, -0.663987, 0.384459, -0.807014, 0.829090, -0.615909, -0.045701, -0.319791, -0.473919, -1.218642, -0.174298, 1.071378, -1.060302, 0.153733, -0.413768, -0.324790, -0.036613, -0.893392, -0.188531, 0.815755, -0.463050, -0.648285, -0.534970, 0.073287, 0.943580, -0.271037, 0.534882, -0.724927, 0.727969, -0.048826, 0.249605, -1.770260, 1
-0.978999, 0.928117, -0.872504, 1.074408, -0.773753, 0.137813, -0.583786, 1.793229, -0.377400, 0.766939, -1.204249, -1.325652, 1.046906, 0.370013, -0.478270, -0.518940, -1.378903, 0.227070, -0.217543, 0.488471, 0.605747, 0.144357, -0.140572, 0.185554, 2.544348, -0.100443, -1.326264, -0.928877, -0.137390, -0.337986, -0.141345, -0.339724, 1
1.051554, 0.502016, 0.523169, 0.831141, -1.293820, -0.544992, 0.731664, 0.390552, 0.860312, 1.932112, 0.581528, -0.533226, 0.469296, -0.028066, -0.243305, 0.312790, -0.529092, 0.360408, 0.742461, -1.109155, -0.058392, 0.043322, 0.307485, 1.234240, -0.897939, 0.667776, -1.590842, -0.341835, 0.219094, -0.980932, -0.456447, 0.234571, 1
2.404224, 0.631170, 0.628759, 0.659906, -0.081468, 0.077815, 0.325598, 1.110310, 0.202358, -0.712078, -0.710845, -0.135373, 1.093530, -0.019639, 0.413661, 0.354094, -0.054616, 0.204242, -0.370946, -0.528210, -0.326833, 0.583666, 0.304657, -0.147874, 0.029677, -0.137183, 0.468815, 0.537329, -0.941218, 0.582330, -0.076424, 1.160332, 1
1.423347, -0.861234, -0.412711, -0.111237, -0.495383, 0.159828, 2.190733, 1.151432, 0.091669, -0.896951, -0.445794, -2.413321, 1.090597, -0.923056, 0.404845, 0.272347, -0.507729, 0.063140, 0.391116, -0.499319, -1.247583, -1.459548, -0.085537, 0.666928, -0.859695, 0.482308, -1.339876, 0.909184, 1.050399, -0.759086, 0.994278, 0.214716, 1
2.398010, 0.446731, 0.201717, -0.054470, -0.377450, -0.877173, -0.614345, 0.955220, -0.399924, -0.289648, 0.382835, 0.827428, -1.273772, 0.487270, -0.016135, 0.721974, -0.017203, -0.225899, 1.573408, 0.149457, 0.067899, 0.459879, -0.969121, 0.630344, 0.092795, 0.905251, 0.550537, -0.676199, 0.243193, -0.011798, 0.370097, 1.192021, 1
1.798680, -0.719892, 0.847320, -1.223375, -0.180501, 0.717872, 0.582862, 0.806649, 1.068232, 0.471458, -0.655544, 0.162851, -0.680861, -0.311583, 0.741418, -0.292865, -0.948024, -0.386541, 0.102889, -0.443115, -0.313150, 0.974669, 0.520180, -1.014572, -1.103699, 1.145766, 0.372057, -0.368668, 0.209304, -1.517014, -0.083023, -0.559384, 1
2.686140, -0.060515, 0.636580, -0.058223, 1.000074, 0.682791, -1.037252, 1.030739, -0.624220, -0.158959, -0.077158, -0.090983, -0.285548, 0.734698, 1.302943, 0.416962, 0.491994, 0.865936, 0.695266, -0.884110, -0.175222, 0.395072, -1.009941, 0.209184, 0.342589, -0.118931, 0.276468, 0.541775, -0.461362, -0.085586, -2.096590, -1.211912, 1
0.618957, 0.766425, 0.446467, 0.693029, 0.756462, 0.170496, -0.727786, -0.963802, 0.396589, 0.226838, 0.289084, -1.386107, 0.118204, 0.474761, 1.013599, 0.622974, -0.141612, -0.238401, 0.360951, -0.515358, -0.584402, 0.659825, 0.849115, 0.432675, 1.084636, -0.620572, -1.145689, 0.657142, 0.762517, -1.093095, 1.003873, -0.308386, 1
2.945839, 0.640733, 0.255203, -0.296194, -0.466688, -0.513104, -0.357119, -0.282460, 0.463035, -0.515967, -1.334384, -1.018555, -0.115486, 1.265132, 0.809738, 0.013799, 0.149457, -0.155998, 0.028294, -0.723162, 0.879997, -0.599198, -0.577820, 0.060447, 0.395858, -0.124588, -0.971617, -0.209960, -0.362953, 1.344919, -0.061246, 0.515527, 1
0.826524, -0.782016, 0.485527, 0.268450, -0.664188, 1.413183, -0.480700, 1.348476, -0.976480, 0.580545, -0.376081, 0.703025, -1.319957, -0.859014, 0.105447, 0.141966, -1.092337, 0.779591, -0.383031, 0.956440, 0.626943, 0.506727, -0.156866, 0.050723, 0.476603, -0.055439, 1.157930, 0.885072, -0.850692, 0.198623, -1.776422, -0.314971, 1
0.940912, -0.907903, -1.958666, -0.764777, -1.116392, 1.056474, 0.777586, 1.070420, 0.310257, 1.170983, 0.597544, 0.696451, -0.198553, -0.241979, 0.708390, 0.881148, -0.929370, 0.124582, -0.138867, -1.009406, -0.837315, 0.062965, 0.176056, -0.431177, -0.617119, 0.760406, -0.618702, 0.147710, -0.436203, -0.370265, -0.339138, 0.056492, 1
1.676361, -1.102088, 1.224494, 0.604397, -0.333774, -1.540458, -0.217686, -1.464399, 0.376685, -0.097315, -0.547610, -0.781276, -0.235950, 0.017449, 1.400136, -0.851874, -1.303262, 2.249896, -0.122295, -1.248901, -0.496567, 0.212510, -0.846817, -0.102900, -1.039749, 0.577100, 0.364710, 0.017742, -0.718550, 1.532392, -2.395145, -0.344162, 1
2.395946, 0.067197, -0.166385, -0.153726, -0.481464, -0.603479, -0.606812, 0.251235, 0.512872, -1.366766, 0.265876, 0.580211, 0.730979, 0.308296, 1.036450, 0.217715, -0.091984, 0.428027, -0.693310, 1.103645, 0.637120, 0.271887, -1.130152, -0.070158, -1.515553, -1.183699, 1.214507, 0.161500, -0.189054, 0.508293, -1.318221, 0.150384, 1
1.728918, 0.664796, -1.387986, 1.061027, -0.513418, 0.541891, 1.695585, -0.676320, -0.174181, -0.813323, 0.404486, -1.157644, -1.007652, -0.429801, 0.623139, -0.315865, 0.381025, 1.717718, -0.812270, -0.451585, 0.610383, -1.096705, -1.015190, 0.574836, -0.098457, -0.980639, -1.268474, -1.084565, 0.158834, -0.892823, 1.051842, 0.987759, 1
1.329465, -0.008977, -0.553525, 0.293526, -1.050026, -0.009195, 0.106769, 0.118608, 0.877905, 0.617483, -0.842508, -0.483242, -0.214031, -0.003597, 0.844055, -0.225981, -0.430278, -1.288031, -0.276206, -0.323794, -0.261693, -0.778170, 0.749394, -1.059915, 0.422456, -0.931480, 0.301735, 0.265710, -1.087681, -0.734388, -1.026031, -0.553025, 1
0.924907, -1.136546, -0.342826, 0.039801, -0.067050, -0.329710, -0.594725, -1.149331, -0.531429, -0.830984, 0.183178, 0.592580, -0.398750, -0.069145, -0.392977, 0.544645, -0.487071, -1.401917, -0.640043, 0.870156, 1.074456, 0.180103, -0.304774, 0.054348, 0.114204, -0.669940, -0.275822, 0.668360, 0.363523, 1.287553, -1.372394, -1.190603, 1
1.530327, -0.036665, -0.595535, -0.964679, 0.603833, -1.163597, 1.662497, 0.599104, 0.633484, 1.799421, -0.531403, 0.965021, 1.110897, -0.293046, -0.647707, -0.076614, 0.558748, 0.339687, -0.127623, 0.765251, 0.616635, 1.644909, -0.154989, -0.350327, 0.689047, -0.208498, -0.452696, 0.225491, -0.152188, -0.399016, -0.582481, 0.001823, 1
1.995819, -0.016371, 0.865985, 1.219018, -0.288107, -0.269202, 0.687070, -0.108133, -0.654598, -0.376945, -1.347755, -0.347591, 0.425357, -0.200176, 0.272915, 0.412604, -2.006755, -1.106869, -0.022669, -0.459867, 1.202993, 0.295982, -0.701380, 0.620370, 0.698264, 0.025712, -0.135909, -0.216949, -0.469327, -0.080328, -1.325258, -1.652850, 1
-0.012370, -1.039832, -0.205898, 0.326853, -0.125746, -0.355024, 1.297475, -1.246025, 2.060724, 0.595889, -1.204962, 0.949742, -0.648579, -0.024154, 0.316494, 0.091876, 0.079487, -0.775273, -0.710487, 1.267048, 0.175344, 0.512392, 0.163033, -0.216163, -0.512995, 0.008656, 1.124429, 0.353723, -1.061475, -1.197806, 0.187155, -0.723719, 1
0.641074, -0.052358, 0.448955, -0.640560, -1.114527, -0.577729, -0.790782, 0.067664, 1.835666, 1.224971, 1.203176, -0.637928, -0.945566, 0.042205, -0.213208, 0.630989, -1.950744, 0.257623, -0.399438, 0.709554, -0.757842, -0.244250, 0.774161, -1.549896, 1.480110, -0.765906, 0.955502, -0.211008, 0.868262, -1.673286, -0.695728, 0.568434, 1
0.863724, -0.472921, 0.235855, 0.059449, 1.170769, -1.402155, 0.546185, 0.887466, 0.533424, 0.517143, -1.025384, 0.932632, 0.542427, 1.411677, -0.265405, -0.393815, -0.439045, 0.607580, -0.410896, -2.180485, 0.473569, 0.297022, 0.788070, -0.338201, 1.420125, 0.913083, 0.349192, 0.409632, -0.198238, 0.699171, 0.334826, -1.088077, 1
1.704772, -0.210032, 0.471792, 0.028341, -0.641495, -0.427900, -0.586170, 0.862050, -0.424628, 0.150347, -1.059020, -1.507151, 0.675006, -0.622428, -0.924738, -0.477801, 0.060496, 0.396481, 0.017099, -0.904479, -0.622263, -0.919878, 0.019639, -1.011370, 0.287058, 1.690139, -0.063830, 1.021877, -0.282277, 0.254825, 0.586464, -1.229424, 1
0.363130, -0.783998, -0.788484, -0.889710, 1.492368, 0.324004, 0.385578, -0.258672, -1.592085, -0.124054, 1.837905, -0.771235, 0.099246, 0.445024, -0.571552, 0.407681, 0.098462, -2.626553, -0.375753, 0.056623, -0.421194, -0.648958, -0.727973, -0.261365, 1.278084, -0.503318, -1.034893, -0.686873, -0.053793, -0.729239, -0.728776, -0.619325, 1
0.302608, 1.859372, 1.136622, 0.467071, 0.489043, 0.700030, -0.823970, 1.625728, 0.436523, -0.386472, 0.422258, -0.369694, 0.863594, -1.407699, 1.326677, 1.125988, -0.252308, 1.644668, -2.002862, -0.057991, -1.022135, -0.617570, -0.587918, -0.699689, 1.141484, -0.741772, -1.186834, -0.777483, 0.336511, -0.298292, -0.328868, 0.378440, 1
1.819718, 0.826046, 0.157061, 0.689855, 0.074847, -0.252779, 0.346729, 0.151516, 0.037985, -1.271652, -0.275500, -0.718926, 0.555487, 0.194006, 1.358370, -0.722977, 0.622211, -1.722898, 0.290482, -1.192697, -0.886334, 0.588420, 0.188473, 1.209499, 1.297277, -0.052369, 0.492678, 0.190418, 0.609544, 0.395809, 0.465240, -2.025306, 1
0.127338, 1.060644, -1.334761, -0.073749, -0.249298, -0.098743, -1.063071, 0.433080, -0.346696, -0.781911, 0.357569, -0.139220, 0.790160, -0.084458, 1.415083, -0.274565, 1.922148, 1.187855, 0.302102, 0.163460, -1.045594, 0.581071, 0.798072, -0.209532, -0.536911, -1.101226, 0.460841, 0.892833, -0.178130, 1.975923, -0.438082, -1.520624, 1
1.661024, -0.187908, 1.434797, -0.760492, 0.844206, 1.056802, -0.381802, 0.744134, -0.731474, 0.149346, -0.289687, 0.482348, 0.598687, 0.734024, -0.241598, 0.766386, -0.251949, -1.336565, -0.872529, 0.656346, 0.318833, -0.924577, -0.592869, 0.000987, -0.063885, 0.537662, 0.010342, -0.534976, 0.326127, -0.156786, 0.779343, -0.559179, 1
2.667872, -0.863163, 0.936856, -1.163405, 1.522902, 0.790757, -0.066942, -0.859446, -0.486586, -0.242877, 0.144917, -0.522681, 0.495021, 1.193643, 0.566377, -0.844702, -0.978565, -0.196277, -0.454338, 0.342029, 0.352974, 0.608348, -0.170451, -0.621997, 0.589230, 0.826245, -0.074221, 0.381156, -0.015476, -1.345753, 1.403217, -1.142803, 1
-0.560483, 0.446846, -0.056935, -0.047707, -1.180840, 0.178310, 1.043646, 1.094726, 0.078908, 0.952963, -1.823388, 0.958664, 0.466313, 1.164245, -0.507776, 1.333974, 0.987583, 1.122431, 0.887122, -0.357643, 1.041719, -0.821295, -0.708116, 0.319845, 1.382525, -0.374286, 0.907101, 0.057652, 0.659210, 0.580922, -1.432847, 0.075344, 1
0.870379, 1.580487, 0.301596, 2.121652, -0.627797, 0.087342, -0.715944, 0.366583, -0.500636, -0.873276, -0.770483, 0.256895, 0.180681, -0.039566, -0.734329, 0.478948, 0.783104, -0.814495, -0.076046, 0.833812, 0.967216, -0.021177, -0.251205, 0.368589, -0.403307, -0.286114, -0.453326, -0.795152, -0.156904, -0.016630, 0.486991, -1.040325, 1
0.881207, -0.692238, 0.210589, 1.460529, -0.464858, 0.396282, 0.303441, 0.247957, -0.027124, 0.125149, 0.312601, 0.186671, 0.080274, 0.041736, 2.207239, -0.872295, -0.326931, 0.995217, -0.373289, -0.164183, -0.775316, -0.181648, -1.578513, -0.404605, -0.657928, -0.205353, 0.155465, 0.549590, -0.445058, -0.270974, -0.528650, -1.579355, 1
1.116504, 1.145325, 0.953495, 1.553423, 0.041041, 0.148249, -0.031185, 0.457174, -0.101445, -0.132500, 1.163378, -0.450419, -0.690364, 1.116561, -0.739341, -0.635688, 0.088629, -0.843882, 1.024774, 0.436696, 0.261696, -1.621554, 0.413388, 0.267385, 0.273422, -0.191259, 1.875645, 1.078196, -0.807415, -0.511695, -1.447039, 0.801925, 1
2.470226, 0.419164, 0.715964, 0.805887, 0.113535, 0.153965, 0.104518, -1.816913, 0.259015, -1.514042, 0.273701, 1.451985, -0.434011, 0.811044, -0.313961, -0.773695, 1.116011, -0.779511, 1.074325, -0.489702, -0.126597, 0.374654, -0.861538, 0.086083, -0.432691, 0.293177, 0.904565, 0.793480, 1.032772, 0.046232, 0.280684, -0.697223, 1
2.259155, -0.573735, 0.577557, -0.526270, -1.583374, -2.154736, 0.701873, 0.208243, 0.177640, -0.343616, 0.255507, 0.410092, -0.268480, 0.725992, 0.028043, -0.624406, 0.483344, 1.230708, -1.028879, 0.750237, -0.451463, -1.389423, 0.227529, 0.606848, 0.670507, -0.267783, 1.263160, -0.614144, -0.793008, 0.284796, 0.055974, 0.209604, 1
0.335421, 1.921253, 0.927636, 0.397524, -0.620533, -1.604736, -0.023918, 0.814747, 0.136390, -0.305842, -1.556696, 0.271904, -0.917142, -0.075958, -0.086906, -0.137403, 0.269077, 0.072816, -0.349652, 1.044782, 0.197656, -0.316765, -0.350778, 0.469803, -1.152664, -0.025028, 0.615861, -1.540535, 1.067543, 0.696280, -1.028122, 0.517526, 1
-1.297550, -0.822703, -0.667236, -0.184901, 0.519042, 0.470899, 1.265274, 1.256064, 1.258021, -0.687038, 0.450042, 1.350965, -0.402699, 1.318109, 0.481944, 1.520829, 0.119324, -0.587358, -0.173656, -0.414252, -0.742225, 0.728501, 0.489506, -1.064572, -1.061909, -1.092954, 0.104188, 1.117676, 1.350937, -0.059432, -0.347644, 1.120683, 1
-0.020137, 0.981914, 0.964099, 0.601529, 0.290338, -0.859381, -1.012068, -0.446927, 1.181532, -1.107612, 0.198018, 0.361110, -1.090403, 0.381785, -0.164804, -0.499172, -1.160884, 1.250633, -0.622458, -0.016616, 0.292970, -0.155437, 0.480050, -0.003048, -0.536899, 1.116042, -0.264149, 0.580830, -1.345242, 0.498114, -1.074378, -1.151453, 1
0.528653, -2.280134, 0.085364, -0.337045, 0.661344, 0.005654, -0.393241, -0.369404, -0.273404, 0.378834, -0.212286, 0.531302, 2.160979, -2.591991, 0.009870, -0.380404, 2.170748, 0.054159, 1.049097, 1.590268, -0.228732, -0.286942, -0.120331, -0.887962, -1.111135, -1.120835, 1.014055, -0.519704, 0.885102, 0.408024, -1.083735, 0.108324, 1
0.727503, -0.775951, 0.253407, -1.013685, 0.066600, 1.523557, -0.957042, 0.308417, -0.560283, -0.696131, 0.268320, -0.654225, 1.225137, -0.376548, 0.772122, -1.186882, -0.435395, -1.846912, 0.086382, -0.723713, 0.065066, 0.391005, 1.441209, 0.302716, 0.473849, 0.892459, 0.007864, 0.245564, 0.021807, -0.438050, 0.235867, 1.422579, 1
0.141009, -0.586887, -0.005011, 1.018265, -1.998912, -0.645617, -0.110970, -0.044345, -0.138844, -1.218890, -1.173109, -1.318220, 0.857022, -0.862109, -0.670618, -0.337977, 2.005421, 0.626353, 1.763970, 0.386229, 0.297970, -0.647641, -0.267944, 0.664397, -0.013652, -1.802734, 0.026838, 0.892092, 1.263138, -0.347665, 1.357300, 0.987176, 1
2.683994, -0.143010, 1.021297, 1.024214, 0.013271, -0.909333, -1.512047, -1.539281, 0.148297, -1.706860, -0.871802, -0.079817, -0.558549, 1.817140, 0.392089, -0.012717, -0.397943, -0.122111, 0.226507, -0.840102, -0.634426, -0.524872, -0.766326, -0.194947, 0.004372, 0.413845, -0.499155, 1.094075, -0.275725, 0.788917, 0.049338, 1.034319, 1
-0.256671, -0.746880, -0.793826, -0.231216, -0.240463, -0.250521, 0.285093, -0.886349, -0.621363, -2.316062, 1.018508, -0.127174, -0.422813, -0.525072, 0.210885, -1.348823, -0.238372, 0.011824, -0.141781, -0.758815, 0.347836, -0.595340, 0.437808, -0.932629, 2.205170, 2.212979, -0.082721, -1.313584, -0.060027, 1.350315, 0.037697, 0.155683, 1
1.376609, 1.034513, -0.584878, -0.111443, 1.275026, -0.602852, -1.490182, -0.704855, 0.103987, -0.110946, -0.357746, 0.042205, 0.188497, -0.827722, 0.732147, 0.264758, 0.745795, -0.971247, -0.926106, -0.192651, 1.046305, -0.384586, 0.637720, 0.716467, 0.421466, 0.464200, 0.101024, -2.140786, -1.781573, 0.278845, 0.708709, 0.129880, 1
0.522019, 0.514937, 0.281241, 1.439871, -1.754531, -0.292760, -0.218087, -0.619617, 0.260027, -0.112528, 0.268778, 0.538414, -1.031386, 0.689925, 0.383196, 0.109917, 1.153508, -0.455672, 0.790382, -1.221379, -0.454105, -0.970419, 0.053292, -0.900487, 0.147786, 0.548514, 0.123441, 0.790519, 0.049115, 0.577631, -0.491490, -0.309253, 1
1.867447, 0.070561, 2.041422, 0.604149, -0.978605, -0.648121, 0.063818, -0.296165, 0.543867, 0.226828, 0.535043, -1.116593, 0.289579, 0.294502, 0.033442, -0.265321, 0.277708, 0.612731, -0.909902, 0.403918, 1.014550, 0.241517, 0.821649, 0.335613, -0.170374, -0.219479, -0.613696, 0.395899, -0.834713, 0.821215, 0.832452, 0.924894, 1
0.567662, 0.776299, 0.228583, -0.509005, -1.944925, -0.051183, -1.187392, -0.738503, -1.215458, 0.218831, 0.957686, 0.780316, -0.682494, 0.212216, -0.615571, -0.017279, -0.487754, -0.283219, -0.810956, 0.124112, -1.294569, 1.360712, -0.523640, 1.399885, -0.779856, -0.984364, -0.192526, 0.397269, 0.756691, 1.219187, 0.416077, -1.383240, 1
0.805357, 1.328076, 1.213333, 1.224700, 0.233965, 0.862922, -0.555148, -1.464842, 0.536603, -1.653902, -0.547295, 0.124120, 0.122251, -1.137460, -0.425940, -0.964417, 0.690811, -0.067693, 2.166678, -0.366014, 0.575604, 0.305766, -0.054657, -1.513494, 0.482574, -0.191905, 0.043284, 0.116656, -0.187181, 1.421402, 0.636091, 0.159873, 1
0.474172, -1.228989, -0.316464, 0.640000, -0.084205, 1.149518, -0.692435, -0.820475, 1.643707, -0.186148, -1.472351, -0.350360, 0.834174, -0.536135, 2.276798, -0.248569, 0.014295, -0.384465, -0.184765, -0.158978, 1.072601, 0.757832, -0.197123, -1.009941, 0.415745, -0.487982, -0.307282, -0.710809, -0.032515, -0.683502, -0.195273, -0.555517, 1
1.290886, 1.721915, -0.123472, 0.160591, 0.909075, -0.417726, 1.349200, 0.894037, -0.176692, -0.757443, 0.650004, 0.232594, 0.715711, -0.869975, -0.436995, -1.074458, 0.096825, -0.064472, -0.263376, 1.970690, 0.304482, -1.178061, -0.216085, 0.864181, 1.458409, 0.798479, -0.048380, -0.293373, 0.123227, 0.122381, -0.259230, -0.901573, 1
1.070517, 0.566250, 0.095212, -0.150678, -0.680487, 0.507841, -0.153928, -0.049089, 0.852149, -0.022997, -0.992153, -1.949391, -0.407109, -0.622687, 0.822628, -0.266193, 0.557442, 0.089964, 0.191321, -0.559469, 0.906418, -0.254775, 0.201061, 0.550428, 1.163810, -0.270967, 1.356821, -0.514761, 0.115063, 0.651208, -0.044992, -0.677222, 1
0.530126, 1.149866, 0.343484, 0.514323, 1.646837, -1.542478, 0.293560, -1.303087, -0.165707, 0.920702, 0.133289, -0.895014, -0.239203, 0.225765, 1.255537, -0.705381, 0.840968, -0.200460, -0.473149, 1.106226, 0.041131, 0.122977, -0.943875, 2.407206, -1.540298, -0.140639, 0.890839, -0.496773, -1.040801, -0.748341, 0.551902, -0.325843, 1
1.448758, -1.323910, -0.570093, -0.850743, -1.068270, 0.302944, -0.289839, 0.327353, 0.601260, -0.628292, 0.838391, 1.684572, 0.906368, 0.752234, -0.031246, 0.458358, 1.168692, -0.196006, 0.594251, -1.039469, -0.241323, -0.918391, 0.891783, 0.842741, 0.272580, -0.651344, -0.325370, 0.196640, 0.934997, 0.206362, -1.118127, -0.514725, 1
0.440585, 0.348438, 0.654331, 0.523666, -0.317438, -0.711658, 0.046110, 0.914803, -0.223063, -0.371274, 0.306828, -0.659012, -0.407048, -0.328543, 0.524006, -0.431000, 0.635288, -0.253043, 0.224319, -1.101150, 0.620495, 0.919142, 0.012562, -0.642056, 0.914386, 0.369818, 0.335652, -0.528435, -0.217348, 0.384745, -0.566153, 0.012705, 1
-0.869569, 0.019519, -0.339253, 0.693747, 0.077120, 0.545337, 0.831846, -0.758478, 0.018165, 0.706021, 1.799814, -0.770642, -0.062734, 0.613432, 0.629845, -0.709641, -0.334606, -0.799216, 1.901479, -0.397867, -0.458084, -0.198957, -0.956062, 1.436672, 0.596170, -0.580626, -0.060154, -0.486515, 0.148401, 0.331797, -0.491085, -0.011763, 1
0.767426, 1.597971, 0.492774, 0.253577, 1.227499, 1.022105, 0.956356, 1.293752, -0.552838, -1.299287, -0.508126, 0.354732, -0.122373, -0.495304, 1.352986, 0.538591, 0.845403, -0.111956, 0.061387, 0.150880, 1.462392, 0.902559, 0.192949, -1.285329, 1.835142, -0.874924, -0.330904, -0.248058, 0.054299, 0.614312, -1.898281, -0.530728, 1
0.297211, -0.135067, 0.099947, 0.208619, -0.016091, 1.047064, -1.080532, -0.576554, -1.279508, 0.008769, -0.458284, 0.067450, 0.436860, 0.516443, -0.556508, 0.279303, 1.202218, 0.469709, 0.106133, -0.387588, -0.696268, 0.223210, 1.094288, -2.651538, 1.395985, 1.288120, -1.139081, 0.378724, 0.098830, -0.074333, -0.222655, -0.269906, 1
1.549855, -0.147927, -0.488832, -0.843315, 0.022118, -0.526573, 0.091411, 0.369920, -0.809906, 1.020315, 0.372763, 0.763070, -0.311738, 0.929851, -0.006449, 0.027928, 0.795954, 1.048088, 0.414108, 1.119169, -0.426155, 1.104237, -1.149472, 1.388683, 0.611468, 0.539885, 0.122976, -0.473399, -0.877544, -1.630377, -0.786317, 0.364010, 1
1.950247, 0.886527, 0.694447, -1.844343, 0.142966, 0.164767, -0.179535, -0.312775, 0.821890, 1.137562, 0.820346, 0.282764, -0.257373, -0.307712, 0.700177, 0.775604, 1.255888, -0.090024, -0.449984, -0.025183, 0.021830, -0.083311, -0.355610, 0.148833, 0.092927, -0.052444, 0.299747, -0.233729, 0.081863, 0.339234, 1.310768, -0.609771, 1
2.096164, -0.246871, 0.285822, -1.110038, -1.045087, 1.401642, 0.376336, 0.553431, 1.668287, -0.781022, 0.045917, 0.088782, -1.197144, 0.454312, 1.095049, -1.011513, 1.202567, -0.484623, 1.500774, 1.354638, 0.069644, 0.202121, -0.537909, -0.497180, -0.990738, 0.766481, -0.674061, 1.455686, 0.158273, 1.284691, 0.735935, -0.551990, 1
1.025505, 0.450207, 0.604717, 0.529565, -0.205985, 0.591472, -0.018991, -0.656950, -0.891446, 0.780021, -0.155796, -0.089265, -0.593876, -0.444403, -0.666490, -0.092169, 0.492047, 0.171364, -0.409678, 0.214909, 1.164851, -1.058356, 0.728619, 0.868152, -1.552624, 0.373139, 0.305549, 2.042113, 1.530055, 0.576238, 0.203264, 0.260380, 1
0.574024, 0.955037, 0.477652, -0.006060, 0.176489, 0.561477, -0.371279, -0.429941, 1.155892, -0.324965, -0.588190, 0.381636, 0.731333, 0.784665, -0.150405, 0.221019, 1.433156, -0.472942, -0.564951, 0.384223, 1.027913, 0.394233, 0.691160, -1.121795, -2.207851, 0.139061, -1.983370, 0.226747, -0.380870, 0.749362, -0.383665, -0.396748, 1
1.527287, 0.301192, 1.476665, -0.854077, 1.267565, 0.073907, -0.322227, 0.100552, -0.037980, 0.598910, -0.620806, -0.097287, -0.576324, 0.667711, 0.026381, -0.597935, 0.316905, -0.399282, 0.195115, 0.075300, -0.865369, 0.063137, -0.166726, -0.738043, 0.727762, 0.237795, 0.846445, 1.187316, 0.049108, -1.076557, 0.446976, 1.149232, 1
1.646895, -1.151431, 1.022806, -1.410430, -1.114427, 1.709203, 1.538531, -1.182534, -0.328637, -0.167091, -2.431536, 0.657683, -1.300606, 0.410713, -1.359408, -0.239476, -0.956850, -1.033147, -0.635857, -0.069315, -0.544086, 0.370230, 0.154799, -0.989088, 0.279791, 0.167898, 0.707936, 0.982712, 0.568659, 0.491274, 1.350557, 0.616111, 1
2.028793, 0.187388, 0.942047, -0.409113, 0.092303, -1.296477, -0.187335, 1.425517, 1.295119, 0.505019, 0.401164, -0.172431, 0.033449, 0.462319, -0.157007, 0.826249, 1.041575, 0.849890, 0.519964, -0.753307, 2.013959, -0.304156, 0.508596, 0.170832, -0.232265, 0.415618, -0.177777, 0.052681, -1.017047, 0.938875, -0.209757, 1.072943, 1
0.451530, 0.081473, -0.890347, -0.253923, -0.610534, 0.572904, -0.533100, 0.716408, -0.974452, 0.946073, -0.654581, -0.576739, 1.220863, 0.204490, -0.441194, -0.359521, 1.341650, -0.626260, -0.086224, 0.916378, 1.188126, 0.001404, 0.003583, -0.789032, 0.231831, -0.421501, -0.936459, -0.125594, 1.060175, 0.266237, -0.596620, -0.781577, 1
0.081786, 0.864252, 0.093112, 0.099621, 0.114729, 1.152970, 1.732634, 0.380342, 0.122384, -0.189536, -0.157120, 1.210862, -0.078459, 0.403811, 0.782228, 0.598303, 0.350605, 0.145045, 0.177590, 0.257624, -0.227147, -0.225544, 0.866881, -0.350688, 0.989293, 0.092596, 0.316907, 0.313330, 0.379967, -0.679926, -0.145090, 0.738622, 1
1.729996, -0.981637, 1.083275, -0.724449, -0.355659, 1.791594, -0.978520, -1.738031, 1.182357, -0.578064, -1.250679, 0.373148, 0.077906, -0.933755, -0.055410, 0.496390, 0.939424, -1.608036, 0.430026, -1.117959, -0.244876, 0.953874, -0.559557, 0.884684, 0.752756, -0.684404, -0.156579, 0.329963, 0.671732, -0.506011, -0.528146, -0.214004, 1
1.461067, 0.378611, -0.708764, -0.297727, 0.504404, 0.831420, 0.459366, -0.195900, -0.694613, -0.754553, 0.444750, -0.604048, -0.379895, 0.561136, -0.888217, -1.160011, -0.175551, -0.845525, 0.381034, 0.181703, -0.147094, -1.412430, -1.285216, -0.669608, -1.370253, -0.153835, 0.259994, -0.227062, 0.154009, 0.145467, 0.341635, -0.186021, 1
1.629061, 0.989339, -0.527129, -0.234690, -1.201194, 0.739001, -0.444496, -1.476533, -0.400443, 0.376943, -1.065238, 1.105410, -0.685525, 0.035707, 0.553220, 0.368320, 1.076555, 1.184050, -1.728053, 0.230174, -0.014168, -0.066007, -0.830007, -1.093506, 0.250913, 0.786573, -1.168818, 0.305710, 0.020693, 0.395053, -0.287684, -0.612431, 1
1.327091, -0.472077, 0.258325, 0.386255, -1.003684, 1.046015, 0.283050, -0.569278, -0.140610, 0.500857, -0.178241, 0.974086, -0.092005, -0.225650, -0.560430, -1.553702, 0.982997, -0.502991, 0.303886, -0.519705, -0.076732, -0.396284, 0.239010, 0.249511, 0.791784, -0.698493, 0.347370, -0.121474, -0.727722, -0.417951, -0.675267, -0.484809, 1
0.676082, -0.810184, 0.715236, 0.059147, 0.748140, -0.657813, 0.406763, -0.039423, -0.354130, -0.380334, -0.287934, -0.717102, -1.139816, -0.739342, -0.178936, 0.080547, 0.768101, 1.555681, 1.270541, -1.412802, -1.643573, 1.390704, 0.201605, -0.685315, 0.136184, 0.641334, -0.130951, 0.020999, -0.398409, 1.234827, 0.203621, 0.207533, 1
0.021217, 1.363690, 0.286457, -0.092175, -0.343975, 0.111629, -0.766123, 0.211318, -0.486053, -0.001652, 1.661347, -1.241079, 1.484329, 1.247592, -0.387485, 0.777086, 0.160047, -1.033449, 0.558921, 0.897820, 0.843266, 1.366362, 0.163714, 0.027901, -0.067543, -0.292500, -0.319501, 0.615147, 0.618466, -1.223550, 0.105671, 1.323580, 1
-0.311587, -0.331855, 0.767981, -0.478306, 0.202173, -1.018791, 1.727751, -0.300152, 0.574346, 0.520242, 0.151198, 0.005718, 0.029362, 0.491160, -0.719788, -2.084957, -0.577183, 1.166404, -0.361942, 0.395119, -0.862287, 0.300688, -0.840621, 0.413479, -1.791339, 0.991511, 0.851860, 1.255709, -0.861503, 0.052425, 0.592716, 0.318528, 1
2.149536, 0.252118, -0.113020, -0.029705, 0.899321, 0.320637, 0.542937, -1.341924, 1.111572, 1.084013, 0.340273, -0.323326, -0.249489, -1.315910, -0.080359, -0.440837, 0.938814, 0.210203, 0.446311, 0.946456, -1.191355, 0.031929, 0.378391, -0.846900, -0.164977, -1.363525, 0.083849, 0.164558, 1.633999, -0.348293, -0.566314, 0.779565, 1
1.752485, -1.105416, 0.684602, -0.877904, 0.159442, 1.537560, 0.279757, 1.093039, -0.654924, 0.559047, 0.434216, 0.277568, 0.838215, 1.066375, -0.421592, 0.628164, 0.327057, 0.459820, -0.865142, -0.231036, -0.709605, -0.402941, -0.723243, -0.253946, -0.206381, -1.074311, -0.070866, 0.263838, -0.647956, -0.931320, 0.046261, -0.489543, 1
2.182214, -1.199177, -0.989689, -0.157549, 0.034534, 1.270774, -0.658705, 0.266296, 0.479790, 1.008491, -0.782223, 0.013973, -1.082171, -0.621961, 0.344631, 1.246044, -0.309133, 0.918115, 0.743554, -0.265005, 0.461160, -0.467625, 0.233320, -0.082983, -0.529613, -0.849569, 0.354506, -0.152747, -0.807148, -0.006069, 0.891534, 1.407195, 1
0.938098, -0.591268, 0.021302, 0.225641, 0.217147, -0.143547, 0.811043, -0.194763, -0.466395, 0.738122, 1.931032, 0.680600, 0.064854, 2.009407, 0.168219, 0.226358, 1.751005, 0.238464, -0.115589, 0.224651, 0.850984, -1.274993, 0.589391, 0.108086, 0.736127, 0.744043, -0.340232, -0.422933, -0.167060, 0.199375, -0.332609, -0.675350, 1
1.653669, 0.788033, -0.232210, -0.920946, 0.663302, 0.563480, -0.432666, -0.063554, 0.796260, -0.115850, 0.114871, -0.347399, -1.161467, -0.049567, 0.268475, -0.288073, 0.752683, -1.703970, 0.082300, 0.478153, 0.806621, 0.221629, 0.145040, -1.599077, -0.180205, 0.277097, 0.265241, -1.140713, 0.401374, -0.246041, -0.573011, 0.341277, 1
0.667736, -0.239600, 0.174500, -0.993699, -0.165423, 0.946298, 0.702778, -0.207732, -0.815934, -0.760693, -0.439916, 1.014483, 0.008714, 0.714483, -0.060366, -0.031883, -0.329010, 0.114824, 0.222130, -0.010372, -0.016501, 0.921261, 0.451533, -0.105508, -0.274702, 0.541067, -1.392126, -0.177988, 0.183913, -1.200135, -0.471960, -0.871698, 1
0.959170, 0.286583, -0.377308, 1.216389, -0.456677, 0.523135, 1.323993, -0.254231, 0.340243, 1.011262, 0.479587, -0.429220, -0.177220, -0.563222, 1.182803, -1.165490, 0.309042, 0.613247, 1.629084, 0.222275, 1.295655, 0.040672, -1.336962, 0.407855, -0.227110, -1.140716, -0.057927, 0.399266, -0.474045, -1.008914, 0.102737, -0.103889, 1
1.187951, -0.371564, -0.045010, 1.267095, -1.673552, 0.238324, -0.835948, 0.841672, -0.485816, -0.207668, -0.480570, 1.830015, -0.158138, -0.431651, 0.306910, -0.654800, 0.079493, -0.945599, 0.534920, -0.201278, -0.021673, -0.098800, -0.270759, -0.184677, -0.061193, 0.299686, 0.097052, -1.404239, 0.571413, 0.477505, 0.397359, 0.315018, 1
0.574155, -0.423071, 0.383694, -0.535954, -0.422237, -1.488807, -1.071932, 1.320698, -0.411145, -0.024713, 0.547996, 0.753699, -0.739336, 0.080581, 0.222509, 0.166040, -0.774773, -0.044903, -0.397907, -0.912787, 0.605469, 1.591429, -0.818266, 0.177929, -0.099166, 1.548138, 1.124266, -0.049312, 0.960121, -0.518567, -1.036002, -0.263123, 1
2.692333, 0.354164, 0.609866, -0.307461, 0.996060, -1.340977, 0.260509, -0.389709, 0.745923, 0.530841, 2.209314, 0.598297, 0.393708, -0.275898, 0.052311, 0.429494, -0.177253, -2.731884, -1.441286, 0.078930, 0.167941, 0.945152, 0.387810, -0.163251, -0.322042, 0.871029, 0.261025, -1.665474, 0.141386, 0.989510, -2.182901, -0.322525, 1
-2.523108, -0.543611, -0.541693, -1.518915, -0.736830, -0.665995, 0.723574, 1.495952, 0.948118, 0.547168, 0.474278, -0.900184, -0.596869, 0.120244, -0.182460, 0.409157, -0.936050, 0.050237, -0.264282, -0.285678, 0.705254, -0.676601, -0.135632, 0.439327, 0.622374, -1.885391, 0.372133, 0.798551, 0.811436, 0.101296, -0.178335, 0.824024, 0
-2.462842, 0.123564, -0.249752, 0.054500, 0.183558, -1.307939, 0.038510, -0.977295, -0.277884, 0.354801, 0.860083, -1.121123, 0.098254, 0.512742, -0.179777, -0.053706, 0.510716, -0.764619, -1.062659, -0.346454, 1.051248, -0.470258, -0.969508, 0.851107, 2.182991, 0.367677, -1.542397, 1.392500, 0.454344, -0.605485, 0.479268, 0.074402, 0
-0.263039, 1.419317, -0.456947, 0.827295, -0.162939, 0.501193, 0.121951, 0.286262, 0.813138, -0.054152, 0.068966, 0.130270, 0.234017, -0.583081, -0.345960, -0.115043, 0.670011, 0.406854, 0.070002, -0.692286, 0.066980, -0.052074, -0.362988, 0.881836, -0.814071, 0.441563, 0.391462, -1.187155, -0.075776, -1.183921, -0.472301, -0.220921, 0
-1.912251, -1.498045, -1.590259, 0.679030, -0.559082, 0.787916, -1.574874, -0.185662, 0.765036, 0.680858, 0.681532, 0.930259, -0.764429, 0.210929, -1.139948, -0.266557, -0.788800, 1.137015, -0.095924, -0.928313, -1.679056, -0.623519, -0.551324, -0.373525, 0.178651, 0.713355, -1.273395, 1.240377, -0.223723, 0.259165, -0.240280, -0.306157, 0
-1.020162, 0.798368, -1.062983, -0.197860, -0.165116, -0.312799, 0.270605, 0.204889, 1.065342, 1.215984, 0.584347, 0.293450, -1.514491, 0.068207, -0.845418, 0.125753, 0.395869, -1.713615, 0.678511, -0.385528, -0.791770, -0.665146, 0.841901, 0.099871, -1.847011, 0.346355, 0.709255, -0.415484, -1.554454, -0.185439, -1.291948, 0.052152, 0
-0.925417, -1.542778, -0.190330, 0.733509, 0.755601, 0.471038, 1.397511, -0.502738, -0.484988, 0.485090, -0.668509, 0.354003, -0.164861, -0.426896, 0.193704, -1.032103, 0.144116, -0.118160, -0.948118, -0.369413, 0.361006, 0.583325, -0.587344, -1.158691, 0.746146, -0.334629, -0.900500, -0.421141, 0.378612, 0.730713, -1.477774, -1.796986, 0
-1.276171, -0.428459, -0.605681, -0.031233, 0.259242, -0.128950, 0.255890, 0.468495, -1.125964, 1.457298, -0.353066, 1.833807, 0.845165, 0.026590, 0.091765, 0.304310, -0.138780, -0.484088, 1.205576, 0.999367, 0.462314, -0.520869, -0.534085, 0.939865, -0.178052, 0.501692, 0.805879, -0.289093, -1.667689, 0.327355, 1.149358, -1.145375, 0
0.473348, 0.142382, -0.029309, -1.741761, 0.693162, 0.509760, 0.091388, 0.883299, -0.877648, -0.073437, -0.475337, 0.498473, 0.685820, 0.408504, -0.497063, 0.299901, 0.187391, 0.046890, 0.122032, 1.310757, -0.137549, -0.688482, -0.156729, -0.353552, -2.773656, -0.887679, 0.736191, 0.228924, 0.522344, 0.629075, 0.077835, 0.411815, 0
-0.665650, 0.021974, -0.510003, 0.955892, -0.630667, -1.422294, -0.122754, -0.031804, 0.077056, -0.291265, -0.195381, 1.196139, 0.552220, 1.663634, -1.415559, -0.176769, 0.319369, 0.543222, -1.017093, -0.796104, 1.052202, 2.065920, 0.808223, -0.582478, 0.317719, -0.986823, -0.492914, 0.518632, 1.037329, -1.179696, 0.713718, -0.313768, 0
-1.326653, 0.036889, 0.553440, -0.226800, 0.222970, 0.545878, -0.830821, 0.056925, 0.383307, -0.615991, 0.405751, -0.668243, 0.002959, -0.442291, 0.568772, 1.180450, -0.595803, -0.100734, -0.542624, -0.530761, 0.508229, 0.234614, 1.242560, 0.321276, 0.100697, 0.855267, -0.525331, -1.609532, -0.193069, 0.323519, -0.728210, 0.540818, 0
-1.130409, 1.024015, -0.435827, -0.206780, -0.199957, -0.616715, -0.762829, 0.419091, 0.094869, 0.368181, -0.509794, 1.398862, 0.866664, 2.015308, -0.223788, 1.167914, -0.017408, -0.575905, 0.033234, -1.136289, 0.582941, -0.646755, 0.361506, -0.695371, 0.247904, 0.542777, -0.589603, -0.317405, 0.702261, -0.530352, 0.266216, -0.280989, 0
-1.345540, 0.350861, 0.770192, 0.347621, 1.433523, 1.495698, 0.999567, -0.749176, -1.696850, -0.691877, 1.289241, -0.025311, -0.109114, -1.260181, -0.068919, 1.251295, -1.476406, -1.428635, 0.431403, 0.200829, 0.543134, -0.252915, -0.318111, -0.427412, -0.354840, -0.382891, -0.973405, 1.561337, -0.825037, 1.803447, 0.153177, -0.990532, 0
-1.285074, 0.640311, -0.070248, 1.459988, -0.125288, 0.857095, -0.531522, 0.494420, -0.093045, 0.557718, 0.522744, -0.520154, -0.374389, -0.490831, -0.601985, -0.819989, -0.850974, -1.540132, 1.044364, 0.227231, -0.285789, 0.747858, -0.678081, 0.095592, -0.508084, 0.903472, 0.422124, 0.418905, -1.176393, 0.923554, 0.119591, 0.487485, 0
-1.450525, -0.756710, 0.463338, 0.504579, -0.847956, -0.175283, 0.493012, 0.069212, -0.066054, 0.156062, -0.724412, -0.179338, 0.259216, -0.253235, 0.524978, -0.782869, 0.738046, -0.148026, -0.886295, -1.093830, 0.482660, 1.153796, -1.090235, 0.889148, 0.610430, -0.525545, 1.893331, -0.878112, -2.818897, -0.591052, 0.367345, 1.122034, 0
-0.529587, -0.531479, 0.392465, -0.983353, -0.553476, 0.415957, 1.044798, -0.032395, -0.857135, -1.177518, -0.732367, 0.036577, 0.273247, 0.492322, -0.929340, 0.301480, 0.616495, 0.396245, 0.135218, 0.151411, 0.513343, -1.169363, 0.491270, 1.026010, 1.290790, 0.963266, 0.959789, 0.771749, -0.736398, -0.572713, 0.526038, 1.556528, 0
-2.317412, 0.658394, 1.101193, 1.218359, 0.497924, 0.099205, 0.469874, -0.260921, -0.262279, 0.725384, -0.834862, 0.265794, -0.452524, -0.419981, -0.688659, 0.118598, 0.870761, -0.306072, -1.492017, 0.685910, -0.201167, -0.305836, 0.455727, 1.422873, 0.090429, -0.890727, 0.145383, 0.996176, -0.210523, 0.342597, 0.648596, -0.022091, 0
-0.430049, 0.710332, 0.031265, 1.609503, 0.090143, 1.632499, 0.510330, 0.366266, -1.022635, -1.836298, -1.377105, 1.158336, -0.054670, -0.576507, -0.238682, 0.626360, -1.826642, 1.449832, -0.463132, 0.306261, 2.023440, -1.200346, 0.040604, 0.878380, -1.046567, 1.470987, 0.172514, 0.638764, 0.281806, 0.011400, 0.209093, -0.212842, 0
-0.940473, -0.341967, -1.350417, -0.454000, 0.159336, -0.131342, 0.366180, 1.238256, -0.293015, 0.657498, -0.023231, -0.906171, -0.114823, -0.204942, -0.895906, -0.860112, -0.706697, -0.053610, -1.126760, 1.406550, 0.463583, 0.372848, 0.464639, 0.260605, -0.569178, 0.417000, -0.158844, -0.798422, -0.445217, -0.570091, 0.388368, 0.863054, 0
-1.101981, -0.091503, -0.398955, 0.239712, -0.277204, -0.251412, 0.061118, -0.132684, 0.669261, 0.277365, -0.093383, 0.980395, 0.310948, -0.401667, 1.202724, -0.624280, -0.717811, -0.190802, -0.368469, -1.026258, -1.709557, 0.525052, -0.486296, 0.470716, 0.364466, -0.318897, 0.476885, -0.727386, 0.877253, -0.973643, -0.639352, 0.461038, 0
-1.164350, 0.806711, -0.052914, -0.129115, -0.541506, -0.440989, 0.102371, 1.010703, 0.486268, -0.793055, -0.550683, -0.543996, 0.535537, 0.721435, 0.835644, -0.334478, 0.344242, -0.473069, 1.535835, -0.401937, 1.664390, -0.449940, -0.315531, -0.473612, 0.263654, 1.065200, -1.335405, -1.054599, -0.878389, 0.061937, -1.020983, -2.209266, 0
-1.642459, -0.146162, 0.487499, -0.682847, -1.106873, 0.367092, 0.979741, -0.326545, -0.216937, 0.964414, 0.320639, 0.209966, 1.186031, -0.572076, 0.029119, -0.196506, -1.288403, -0.524429, -0.032442, 0.872760, 0.122114, -1.195939, 0.119544, 0.180624, -0.153388, -0.582611, -0.381814, -0.156569, 0.412447, 1.934862, -0.755501, -1.000219, 0
-1.541375, 1.531234, 0.595198, 0.686601, 0.113494, 1.754653, -0.622177, 0.082113, -1.066916, -0.263167, 1.583793, 1.666111, 0.132949, -0.257052, 0.670576, -0.749828, 0.488246, -0.075199, -0.259970, -0.875847, -0.499883, -0.626498, 0.277217, -0.185204, 0.462950, -0.927284, -0.300475, -1.080952, 0.365888, 0.871209, -1.392322, 0.268907, 0
-1.635806, 1.584399, 0.429159, -0.367569, 0.257783, -0.026677, -1.868054, 0.405287, 0.665574, 1.310463, 0.214303, -0.084551, -0.042446, 0.287015, -0.101743, -0.194466, -0.968963, -0.863539, 0.847834, -0.422495, 0.239118, 0.691049, 0.364671, -1.599032, -0.020385, -0.420188, -0.735046, 0.769421, 0.396391, 1.614790, -0.081221, -1.057047, 0
0.229540, 0.388959, 0.254970, 2.843504, 0.264006, 0.617823, 0.481017, 0.556219, 0.568989, 0.204118, 0.042274, -1.024210, 0.352101, -0.006265, -0.679013, -0.246830, -0.293351, -0.119045, -1.775461, 1.513329, 0.121615, 0.022623, 0.612943, -0.535644, 1.073579, -0.778350, -0.423146, 0.529303, -0.648959, -0.671266, -0.670357, 1.181971, 0
-0.127635, -1.148299, -0.115808, 0.203323, -0.069200, -0.146365, -0.241917, 0.503130, 0.450906, -0.798732, 0.028408, -2.003356, -0.104740, -0.235640, -1.773855, 0.496258, 0.652224, 0.456242, -1.284091, -0.056282, -1.373730, 0.213831, 0.593000, 0.248225, 1.828658, -0.591602, -0.005453, 0.272072, -0.366204, -0.580778, -0.332740, 1.770581, 0
0.980655, -0.263127, -1.358784, 0.144092, 0.788058, -0.448214, 0.627942, -0.761143, 0.128378, -0.634112, 0.499239, 0.216812, -0.014020, -0.288043, -0.088077, 0.157034, 0.548088, -0.071970, 0.291554, 1.479482, 0.383599, -0.183064, -0.071746, -1.221590, -0.106644, 0.965941, -0.221099, 0.645748, -1.533609, -0.477230, -0.258999, 0.300888, 0
0.505627, -0.088321, 1.299444, 0.912940, -0.309216, -0.857454, -0.608454, 1.251926, 0.207374, 0.130162, 0.688277, -0.947160, -0.032249, -1.555913, 0.987412, -1.355321, 0.178388, 0.617066, -0.731529, 0.585053, -0.828832, 0.113432, -0.106072, 0.595991, 1.198872, 0.858915, -0.549025, -0.434083, 0.139262, -1.432873, 1.400455, 0.272525, 0
-0.869501, -0.367356, 1.251868, -1.258326, 1.305317, -1.328873, 0.450085, 0.706517, 0.128876, -0.028961, 0.356391, -0.145746, 1.861717, 0.414177, -0.856200, 0.449007, -0.176331, 0.499572, -0.520518, 0.432528, -0.898843, -0.428517, -0.249497, -0.982534, 0.745883, -0.418822, -1.047366, 0.414067, -1.175046, -0.329562, -0.631701, 1.300930, 0
-1.161993, 0.298944, 0.885400, 0.748119, 1.032265, 0.759957, -0.146443, -0.755770, -0.910746, 1.072392, -1.349063, 0.401856, -0.271210, 1.213563, 0.201622, -0.066642, 0.592522, 0.673668, -0.714132, -0.671857, -1.592512, -0.407292, -0.310159, -0.314106, -1.677092, 1.112683, 0.683024, -0.149804, 0.691384, -1.057512, -1.001951, -0.509946, 0
-2.056531, -0.727462, 0.887019, 0.482211, 0.889589, 0.048777, -1.404844, 0.233844, 0.693135, 0.303322, -0.407410, -0.113272, -0.268643, 0.286061, -0.366402, -0.050453, 1.205397, -0.382065, 0.222002, 0.406228, -0.335135, -0.253407, 0.323525, 0.209832, -0.282403, -1.029629, -0.305690, -1.658658, 0.019162, -0.142912, -1.125751, -1.508264, 0
-1.391519, 0.227351, -0.306947, 0.714682, -1.324970, -0.226861, -1.243981, 1.764351, -1.933116, 0.938332, 0.405444, -0.817669, 0.532854, 0.163308, -0.794513, 0.677702, -0.060205, 0.358613, 0.231424, 0.474285, -0.283443, 0.294991, -0.807931, 0.408432, 0.037340, -0.103599, -0.946501, 0.962441, 1.301968, 0.099933, -1.057902, -0.771465, 0
-1.807528, -0.270020, 1.019730, -0.969782, -0.675888, 0.678408, 0.635288, 0.439015, -0.119556, -0.256006, -1.550304, -0.632743, -0.063125, -0.914221, -0.224634, 0.432251, 0.337860, -1.510130, -1.355964, 0.131887, 0.860707, -0.564658, 0.744060, -0.942288, -1.524019, -0.749814, -0.388728, -0.804646, -1.387747, -1.136060, -1.124687, 0.195451, 0
-1.059577, -0.261519, 0.890964, 0.592223, -0.078217, 1.187158, -0.020484, 0.836050, 1.257792, -0.091790, -0.877124, 0.238120, -1.363152, -0.762532, -0.323574, 0.474521, 0.298537, -0.289098, -0.058627, 0.209915, 0.674151, -0.199477, 0.340831, 0.712991, -0.826559, 0.070846, 0.846508, 0.676770, -0.007659, 1.029505, -0.467064, 0.244801, 0
0.276513, -0.254621, -0.127251, -0.009187, -0.426358, 0.602130, -0.268400, -0.468585, -0.885099, -0.276402, -0.394023, 1.156358, -1.162704, -0.003034, -0.613029, 0.265365, -0.276990, -0.088848, -1.307872, 0.282761, -0.645542, -0.969167, -0.054789, -1.145503, 0.980882, -0.106406, -0.565917, 1.397740, -0.191129, -0.592782, 1.510991, 0.327750, 0
-0.787168, -1.184407, -0.835572, -0.129873, -0.355842, 0.307743, 0.970452, 0.659345, 0.364932, 0.680768, 0.470330, 0.749411, 0.930046, -0.212523, -0.926243, -0.685051, 0.003720, -0.998525, 0.193763, 0.317353, 0.275207, 0.568040, -0.071193, -0.059306, -1.601037, -0.538302, -0.040852, -0.637882, 0.615356, -0.855119, -0.146610, 0.165749, 0
0.413316, -0.109215, -0.249260, 0.748482, 0.193933, -1.624366, -0.695781, -0.756817, -1.868668, -1.014148, -0.025902, -0.825079, 1.023081, -0.586923, 0.131167, -0.264905, 0.174132, 1.195691, -0.814888, 0.134899, -0.462735, 0.295790, -0.415275, 0.036563, -1.036798, -1.031155, -1.751427, -0.159432, -0.456354, 0.660278, 0.086618, -0.760971, 0
-0.399490, -0.507698, -0.197557, -0.311093, -0.005345, -0.032374, -0.460700, -0.072909, 0.257437, 1.542493, -0.613793, 0.732156, -0.065641, 0.833540, -0.551936, -0.660937, 0.336665, -0.489074, -0.512347, -0.473438, -0.979293, 0.752167, -0.552107, -0.367934, -0.098683, -0.181271, -0.694846, -1.418044, 0.546526, -1.276702, 1.525567, 0.303138, 0
-1.689371, 0.040598, 0.682834, 0.233106, -0.333791, -0.220952, 1.492621, 0.341892, -0.380913, 0.062031, 0.425085, -0.189077, -0.723336, -1.054846, 0.049248, 0.092506, -2.117997, 0.145935, 1.455199, -0.112233, -1.446086, 0.878281, -0.707814, 1.526882, 1.368247, -0.124968, 0.224975, 0.025178, 0.137510, -0.147715, -0.874050, 0.264549, 0
-1.823840, -0.488523, -0.750644, -1.621659, 0.238660, 0.018787, 0.649389, -0.909274, 1.712016, -1.462897, -0.116312, -0.353619, 0.296115, -1.497015, -0.704006, 1.970536, -0.913182, -0.798397, 0.387034, -0.351348, 0.674617, 0.417559, -0.181391, -0.553707, 0.763925, 1.354043, 1.613744, -0.562967, -0.490340, 0.335877, -1.044528, -0.585237, 0
-0.261344, -0.211321, 0.277254, 1.673676, 0.462764, -0.117465, 0.467292, 1.121622, -0.356536, -1.322556, 0.507753, 0.844303, -0.004002, -0.566726, 0.357534, -1.161985, -0.311340, 0.636365, -0.692452, -1.380203, 0.235082, 0.027596, -1.309814, 1.094409, -0.122761, -0.176448, -0.871071, -0.784876, 0.490047, 1.021307, -0.827581, -0.301352, 0
-0.118877, -0.357916, -0.198919, 0.217611, 0.367636, -0.188434, 0.268181, -1.163038, 0.912251, -0.563878, 0.735953, 0.005757, -0.430536, 0.334450, 0.000922, 0.770574, 0.829234, -0.073606, 0.312464, 0.775920, 0.042210, -0.018268, 0.497684, 0.121689, 0.319277, 0.524991, -0.958874, 0.247437, -0.240902, 0.113717, -0.332803, 0.763900, 0
-0.138970, -0.956078, -0.415452, -0.133482, 0.744137, -0.635349, -0.488407, -0.404458, -0.666863, 0.504474, -0.389063, -1.249102, 0.469723, -0.695008, 0.321920, -1.168923, 0.205523, 0.411683, 0.328902, 1.000234, 0.194441, -1.770774, 0.080898, 0.147796, -0.392701, 0.003361, -0.775365, 0.394984, 1.672284, -0.569482, 0.290509, 0.308696, 0
-0.710692, -0.642884, 0.002959, 0.240347, 0.316845, -0.099736, -0.248333, -0.959784, -0.239012, 0.017225, 0.103021, -0.346764, -1.266266, -0.201506, -1.074718, -0.597781, 1.679373, -0.399716, -1.086820, -0.357407, -0.497469, 0.826031, -0.292995, -0.246255, 0.865210, -0.623477, -0.065101, -0.023103, 1.011887, 0.331459, 0.113595, 0.204649, 0
0.286742, 1.448303, -0.162720, 1.135335, 0.480690, 0.591247, -0.287983, 0.358286, -0.173958, -0.344193, -0.308341, -0.276663, 0.394689, 1.787323, 0.105746, 0.079283, 0.131850, 1.245324, -0.795482, 0.355745, 0.405662, 1.997496, 1.555706, -0.859931, -0.325224, 0.933463, 1.099983, -0.471603, 0.092535, -0.808552, -0.630757, 0.106117, 0
-1.339379, 0.046007, -1.107976, -0.916774, -0.831991, -0.815677, -0.496292, 0.244768, -0.111705, 0.270136, -0.399673, -1.059075, -1.106216, 0.289170, 0.982529, 0.524544, 1.081126, -0.254944, -1.672812, -0.618944, -0.473441, 0.543697, -0.506825, 1.317150, 0.054646, 0.098740, -0.178513, -0.585990, -1.078654, 0.061992, -0.740177, -0.124951, 0
-0.996819, 1.046239, 0.357991, -0.157114, -0.689686, -0.015231, 0.619640, -0.566559, -0.492250, 0.509485, 0.544611, -0.570262, -0.302390, 1.287282, -0.184822, 2.100580, -0.561429, -1.559265, -0.860333, -0.810467, 0.176703, 0.372534, 0.677381, -0.777142, 1.138596, -0.128031, 1.280785, 0.289816, -1.111982, -0.180146, 0.284724, -0.400255, 0
-1.326248, -0.535138, -0.029319, -0.703264, -0.199162, -0.787887, 0.861840, -0.087659, 0.006177, 0.091492, -0.169018, -0.093171, -0.757991, 0.414662, 0.048200, 1.812249, -0.601306, -1.569227, -0.040967, 0.352942, -0.387582, -0.261647, -0.960507, -0.760894, 0.996619, 1.005967, -0.607080, -1.157931, 0.750588, 0.469611, 0.243302, 0.643777, 0
-1.766656, -0.713874, 2.301977, 0.935224, -1.392972, -0.209601, 0.520980, 0.291425, 0.859477, 0.841780, 0.899523, -1.221191, -0.202222, -0.834966, -0.078276, 0.124161, 0.872369, -0.020653, 0.633146, -0.124960, 0.365207, 0.152045, -1.395089, -1.022185, -0.688949, -0.680914, -0.888241, 0.688236, 0.258439, 0.025311, 0.984966, 0.100845, 0
-0.402200, 0.883399, 0.615884, 0.515344, 0.026330, 1.126265, 0.213763, -0.882808, -0.679038, -0.072888, 0.511724, 0.020060, -0.131953, 0.841807, 0.799470, 0.550455, 1.285308, 1.204360, -0.030786, -0.243491, 0.820179, -1.128438, -0.499000, 0.214700, -1.185683, -0.511684, -0.933139, 0.300909, -0.176480, 0.528094, -1.150815, 0.221192, 0
-0.892511, 0.163089, -0.719513, 0.654936, -0.001455, -0.366615, 0.976074, 0.713536, 1.320757, -0.670836, 0.300245, 0.038022, 0.001443, -0.245716, -1.859122, 0.434405, 0.820319, 0.787218, -0.461598, -0.175561, 0.597692, 1.082112, 0.219034, -0.916115, -0.304980, 0.671063, -1.035733, -1.231049, -0.138909, 0.098047, 0.325246, 0.308185, 0
-2.415387, -0.109756, 0.841131, -0.817060, -0.535438, 0.104033, 1.396493, 0.189998, -0.730811, -0.748763, -1.561965, -0.295217, 0.670920, 0.080531, -1.354867, 0.431710, -1.103951, 1.249611, 0.917713, 0.106007, -0.626363, -0.200724, 0.655307, -1.103216, 0.443745, 0.506651, 0.963667, -0.677663, 0.571339, 0.181150, 0.003824, 0.521631, 0
-1.041898, 0.096878, 0.070257, -0.133503, 1.578703, 0.612656, -0.082267, -0.548673, 0.471349, 0.486973, -0.156978, -0.395312, -0.188468, 0.591973, 0.834968, -1.079694, 0.252983, -0.890878, 0.291943, -0.038225, -0.003937, 0.061888, 0.096293, 1.231390, 1.795433, -1.002430, -0.296525, 0.151354, -0.611234, -1.619753, 0.716066, -0.720473, 0
-0.179189, 0.217726, 0.584713, -0.917862, -0.074997, 0.439549, 0.774264, 1.089709, 0.581017, -0.390580, 0.628336, 0.372307, -0.548010, 0.392144, -0.709638, 0.627291, -0.231664, 0.473764, -1.287247, 0.874379, 1.236840, -0.555880, -0.472680, 0.000179, 0.664164, 0.000153, -0.490417, 0.556165, 0.462433, -0.794015, 0.558690, -0.666978, 0
-1.274361, 0.019738, 0.079653, -0.256386, -0.208028, 0.772498, -0.274766, 0.208240, 0.616589, 1.070564, 0.090140, -0.653376, -0.562485, 0.252039, -0.546962, -0.179904, -0.998909, 0.736603, 0.274230, 0.144840, 0.061668, -0.827411, 0.207593, -1.758697, -0.251489, 1.266770, -0.467745, 0.402914, 0.059870, -0.426211, 1.342459, 0.009371, 0
0.161412, -0.321843, 0.129531, -1.295333, 1.211552, 0.633676, -0.498367, -1.079941, 0.426789, 2.062987, 1.139067, 0.089295, -0.833563, -0.773301, 0.260524, 1.363989, 0.624552, 0.611920, 0.548618, -0.537726, 0.416300, 0.475909, -0.169126, -0.502302, -0.834062, -0.128427, 0.031049, 0.361974, 1.344302, -1.861798, -0.498426, 0.205081, 0
-0.420638, -0.335490, -0.046080, -0.349661, 0.907328, 0.810353, 0.223427, 0.721606, 0.352721, 0.300141, -0.085735, -0.528890, 0.058472, 0.826672, -1.030175, 0.006211, 0.646749, -0.154218, -0.579724, -1.077212, 1.627304, 1.339639, -0.624676, -0.149477, -0.619022, -0.569175, -0.075111, -1.180200, -0.908976, -0.314401, -0.570791, 0.038550, 0
-0.705070, -1.207989, -0.067786, 1.051358, -1.179243, 1.470331, -0.216942, 0.086881, 0.968439, 0.513573, -0.563348, 0.142463, 0.510005, 0.158309, -0.081335, -0.300174, 0.241188, -1.073305, 0.390820, -0.114073, 1.032612, 0.401065, 0.971233, -0.270245, 0.838920, -1.688249, 0.380213, -0.102474, -0.089171, -1.298208, 1.209702, -0.142713, 0
-0.755738, -0.370926, -1.177984, -0.144281, -0.778508, -1.599023, 0.722704, -0.372948, 0.013650, 0.255349, -0.641052, -1.105795, -0.568337, 0.143072, -0.556632, 0.191387, 0.392699, 1.172792, 0.792458, 0.038725, 0.090774, -0.577069, -1.027571, 0.749574, 1.573601, -0.712174, 0.466262, 0.490984, 0.954777, 0.134400, -0.190843, 1.037015, 0
-0.334025, 0.505893, 0.109639, 0.654026, 0.286304, -1.210454, -0.388007, 0.102603, -0.000952, 1.542290, 0.911093, 0.202257, -0.697142, 1.349564, 0.899753, 0.994275, -0.425868, -0.051439, 0.053811, 0.400281, 0.184732, 0.539057, -0.479113, -0.177779, 0.193030, 0.046759, 1.025535, 0.640647, -1.162649, -0.409747, 0.606080, -0.243064, 0
-1.729599, 0.386949, -0.882305, -0.638070, 0.479129, -0.257013, 0.802457, -1.610190, -0.299534, -0.970841, -0.883077, 1.391265, -0.648009, 1.002929, -0.412689, 0.187367, 0.535496, -0.354128, -0.403505, 0.955193, -1.780828, 0.362618, -0.517543, -0.010630, -0.799239, -0.263202, -0.573369, 0.193778, -1.012659, 0.928015, 0.358353, -0.097661, 0
-0.844221, 0.049365, 0.085531, -1.228834, -0.053983, -1.022241, 0.025721, 0.070917, 0.767396, -0.573731, 0.310839, -0.579666, 0.529310, 0.310538, -0.896483, 0.425938, -0.333285, -0.766155, -1.659405, -0.427804, 0.850695, -0.449607, -0.556702, -0.576956, -0.090555, -1.375401, 0.304130, -1.664279, -0.363656, -1.386684, -0.036615, -0.734329, 0
-0.435870, 0.182292, 0.197033, 0.517772, 0.343848, -0.860613, 0.705869, 0.151464, 1.449351, 0.342264, -0.573684, -1.379282, 0.682080, 1.605871, 1.054736, -0.148851, 0.978299, -0.267381, 0.153939, 0.000245, -0.290710, -0.117683, -0.794553, 0.034117, 1.049393, 0.122701, -0.298147, 0.005000, 1.104442, -0.344556, -0.338701, 1.073479, 0
-0.844518, -1.518203, 0.308324, -1.053966, 0.578162, -0.142071, 0.353256, -1.156493, 0.036267, -0.024588, 0.369521, -1.188983, -0.725008, 1.141060, -0.166602, -0.015737, 0.121713, 1.476794, -0.237713, -0.767302, 0.006407, 0.469639, 1.744720, -0.456087, -0.850765, -0.107392, -0.410959, -1.272022, -1.185704, 0.955329, 0.101445, -0.035317, 0
-1.198391, 0.263644, -0.279657, -0.610248, -0.257931, -0.266035, -0.026847, -0.051323, 1.197840, -0.209850, -0.501643, 0.180430, -0.391672, -0.298777, 0.246004, 0.682055, 0.477673, -0.250562, 0.775005, 0.215374, 0.465967, -0.022227, -1.143664, 0.074603, -0.934289, 0.855954, -0.606337, -0.688130, 0.361686, 0.959136, -0.103553, 0.538435, 0
-1.640618, -0.528763, 0.534472, -0.537325, 0.709656, -0.894792, -0.308331, -0.098651, -0.362711, 1.115865, 0.576294, -0.699241, -0.849328, 0.186519, -0.478125, 0.391258, -0.607997, 0.383267, -1.013437, 1.396075, 0.019025, 0.033522, -0.903403, -0.758983, -0.149486, -1.232934, -0.076276, 0.477230, 0.262428, 0.519469, 0.311342, -0.062359, 0
-1.237934, 1.262924, -0.380486, 0.369544, 0.823570, -0.834409, -0.312056, 0.603205, 0.506518, 0.507578, 1.156248, 0.139556, 0.044115, 1.527373, -0.316050, 1.341406, 0.829610, -0.522347, -0.106044, -0.080445, -0.417897, 0.184114, -0.392435, 1.451566, 0.993753, -0.427240, -0.459925, 0.714221, 0.343215, -0.393938, -0.189535, -0.796591, 0
-0.627259, 0.471080, -0.631169, -0.110932, -0.186123, -0.782498, 0.404688, -0.039523, 0.601491, 0.431478, 0.448447, 0.700360, 1.320954, 1.113029, 0.503040, 0.871587, 0.368965, 0.312773, -0.541863, 0.927224, -1.585254, 0.958740, 1.847400, 0.389299, 0.827462, 0.102009, 1.600264, -0.671150, -0.080058, 0.835860, 0.298631, -0.339238, 0
-1.800009, -0.745771, 0.588149, 0.144288, 1.250539, 0.271589, 0.378563, 0.560616, 1.307599, 0.362440, -1.046928, -0.512634, -1.938149, 0.173493, 0.577337, 0.066783, 0.163851, -1.672601, -0.380185, 1.681746, 0.002555, -0.764338, 0.500990, 0.426574, -0.018701, -0.398182, 0.835294, 0.468421, 0.136958, 1.730397, -0.239906, 0.484668, 0
-1.794789, -1.184795, -1.287379, -0.027405, 1.085422, 1.606245, -1.325663, 1.122937, -0.663510, 0.626685, 0.293437, -0.089381, 0.862713, -0.368719, 0.775028, 0.688137, -0.598273, -0.318556, 0.890149, 0.568049, 1.065379, 0.529090, -0.057700, 0.172842, 0.360599, -0.339323, -1.556361, 0.304508, -0.988996, -0.980697, 0.441419, -0.152904, 0
-1.569817, -0.267781, 0.603525, 0.388575, 0.528682, 0.111960, 0.898058, 0.686340, 0.234863, 1.303047, 0.492560, -0.027249, 0.226497, 0.177128, -0.821825, -2.007034, -1.002429, 0.568698, -0.007453, 0.244593, 0.494837, 0.474234, 0.314895, 0.514753, -0.105356, -0.085889, 1.250741, 0.147578, -0.465086, -1.354527, 1.584361, -0.999728, 0
-2.310611, -0.844486, -0.288177, 0.144669, -0.349508, 0.596328, -0.226094, 2.220630, -0.391270, 1.259056, 1.188594, 0.193238, -0.595738, 0.481433, -1.793781, -2.227036, 1.260132, 0.789740, 0.032659, -1.536590, 0.071550, -0.539099, -0.713153, 0.495272, 0.006858, 0.385400, -0.700222, -0.046855, -0.532469, 0.495551, -0.270481, -0.826730, 0
-1.009045, -0.925031, -0.023419, -0.179781, 0.342800, -0.240656, 0.922229, 0.203701, -0.717456, 0.783061, -1.569373, -0.168852, -0.643977, 0.172854, 0.339670, 0.963484, -1.078106, -0.134097, 0.419752, 0.861972, 0.388796, 1.678025, 0.352192, -0.050624, 0.488052, 0.433795, 0.679300, -0.053667, 0.365866, -1.618298, 0.121065, 0.652612, 0
-1.685914, 0.380318, 0.383095, 0.433585, -1.163283, 0.120062, -0.275597, -0.117917, 0.063967, -0.574534, -0.708484, -0.010206, 0.608441, -0.311772, 1.750897, 0.307849, 0.458374, 0.041984, -0.221917, -0.630329, -0.625730, 0.764160, -1.248924, -0.255472, 0.556473, -1.375088, 0.446212, 0.196962, 1.490117, -0.226831, -1.176944, -0.563325, 0
-0.064754, -0.489193, -0.408038, 0.043479, -0.048726, -0.421576, -0.260250, 0.308213, 0.734764, 1.426512, -0.190210, -0.240337, 0.670266, -1.212384, 1.546314, -0.412221, 2.299556, -0.092300, -0.164907, 0.812585, 0.845041, -0.365575, 0.536197, -0.590416, 1.376354, 0.863082, 0.173901, 0.565445, -0.280828, -0.309114, -0.565920, 0.865979, 0
-1.995820, 0.108733, -0.959979, 1.475771, -0.228552, 0.802090, -0.895705, 0.227037, 0.220940, 0.451698, -0.426223, -1.254500, -0.418771, -0.025915, -0.565927, -0.257135, 0.668298, -0.726328, 0.515365, 0.311487, 0.262731, 0.554417, -0.392370, -1.120893, 1.259879, -0.651428, 0.007569, -0.069076, -0.477007, 1.037162, 0.688101, 0.051840, 0
-1.581181, -1.151346, 0.234133, -0.038700, -0.002822, -1.011053, 1.108867, -0.280114, -0.172037, -1.490863, -0.100981, -1.956762, 0.268566, 0.726101, -0.171123, -0.661334, 1.431925, 0.426427, 1.935039, 0.556316, -1.392408, 0.324468, -0.260719, -1.439170, -0.227464, -0.450995, -0.689186, -1.314906, 0.615422, -1.383040, 0.092084, 0.517648, 0
-0.944898, -0.952881, -0.365929, 0.628517, 0.316996, 0.077164, 0.240684, -0.725657, 0.528129, 0.717011, 0.262376, -0.368858, 0.715424, 0.518210, -0.315141, 0.522584, 0.759826, -0.505220, -0.331043, -0.285235, -0.584823, -0.435380, -0.512130, 0.394897, 0.876524, -0.223567, 1.123009, -0.516927, 0.100804, -0.020065, -0.613094, 0.155686, 0
0.088743, 0.269034, -0.298383, 0.089233, 0.325250, 0.075473, -1.133701, -2.004967, -0.609746, 0.043516, 0.618109, 0.327984, -0.194502, 0.445771, 1.062782, -0.019939, 1.957228, -0.673289, -0.547185, 0.076700, -0.505309, -0.405294, 0.478763, 0.575104, 0.520169, -0.788461, -0.038645, 0.124013, 1.171862, 0.951761, -1.030789, -0.650670, 0
-1.711947, -0.972203, 0.721731, 0.555804, -0.377403, -0.643589, 0.361575, -0.100670, 0.345856, 1.651853, -0.422208, 0.374101, -0.045283, 1.729664, 0.218105, -0.016946, 0.181378, 1.563371, 0.207699, -0.307580, 0.798168, 0.292155, 0.742743, -0.187065, -1.316094, -1.437083, 0.050943, -0.134956, 1.595599, -0.921211, -0.685464, -0.001691, 0
-1.043965, 0.566979, -1.694173, -0.281124, 0.921002, 0.339552, -0.680240, 0.042589, 0.673666, 1.230527, 0.463826, 0.578526, -0.587705, -0.899566, -0.394509, 0.682097, 2.683234, 0.916679, -0.742007, -1.111809, 0.660286, -0.728475, 0.344839, 1.468345, 0.346224, -1.482724, -1.316526, 0.462561, -0.733517, 0.079548, -2.252628, 0.206969, 0
-1.455452, 0.976736, 1.499731, 0.035677, 0.933740, 0.601185, -0.384379, -0.573138, 2.529618, -0.343276, -0.142796, 0.227483, -1.216115, -0.077282, -0.529185, 0.469709, -0.775276, -0.951038, 1.025663, -0.157221, 0.361878, 0.000661, 1.348057, 0.729436, -0.907623, 0.578472, -0.374764, -0.218447, -0.409166, 0.631372, 1.333528, 0.215839, 0
-0.852599, 0.516992, 0.781024, 1.100153, -1.378680, 0.248017, -0.474087, 0.056061, 0.649199, -0.092489, -0.114337, 0.789539, 0.661161, -0.644133, -1.148139, -1.864901, 0.144700, 0.077759, -0.172976, -0.371358, -1.218037, 1.509270, 0.091957, 0.808985, -0.555449, 1.429792, 0.054904, -0.458220, -0.147563, -0.043195, 0.433143, -0.502212, 0
-1.910359, 0.229785, -0.866144, 0.344967, -1.334812, 0.363209, -0.253186, 0.053617, 1.264812, 0.182206, -0.498832, -2.193604, -0.457668, -0.408009, -0.611089, -0.100142, -0.326552, -0.233409, 1.198576, -0.990389, 1.627311, -0.955376, 0.827498, 1.247765, 0.539961, 0.217792, 1.562512, 0.399799, 0.883096, 0.054699, 0.171199, -1.033994, 0
-3.333267, -0.001587, -1.415823, -0.226390, -1.418111, -0.262121, -0.216485, 0.192722, -0.390865, -1.268347, -0.328662, -0.244112, -1.700608, 1.294694, 0.967235, -0.772706, -0.828541, 0.410127, 0.479411, 0.950579, 1.063994, 1.090819, -0.673017, -1.043736, 0.726758, -1.650616, -0.758727, -0.364110, 0.376725, -0.459433, -1.102356, -0.269171, 0
-0.547778, 1.640268, 0.133402, -1.059530, -0.373317, -0.296095, 0.013127, -0.169812, 0.272105, -1.000935, -0.565945, 0.536828, 0.531209, 0.899248, 1.212492, 0.874651, -0.767298, 0.193792, -0.931237, 1.456496, -0.279457, -0.215716, -0.080791, -0.302769, 0.368854, 0.066718, -0.952632, -0.165936, 0.398054, 0.802900, -0.023537, 0.778493, 0
-1.395267, 0.330036, 1.202811, 0.207283, 0.631929, 0.776741, -0.420529, -0.335010, 0.636521, 0.249916, -0.612227, -1.088550, -0.731543, -0.606395, 0.873448, -1.000116, 1.336690, -1.744609, -0.429101, 0.656853, -0.205657, 0.651587, -0.712242, 0.396678, 1.259979, 0.005741, 0.393957, 0.603379, 0.205415, -1.673250, -0.460266, -0.720112, 0
-0.885730, 0.588123, -0.015060, 0.239627, -0.477277, 0.200879, 0.010647, -0.621213, 0.148070, -0.269624, -0.270871, 0.098017, -1.323543, 0.178945, -0.898777, -0.543775, -0.275095, -0.732747, -0.592274, 0.576561, -0.012707, 0.259097, 0.022635, 0.458228, 0.392112, 0.172294, 1.843790, 0.115641, 0.000482, 0.823205, 0.092129, -0.853095, 0
-0.203873, -0.091432, -0.375249, 0.637083, -0.451419, -0.235004, -0.440778, -0.850812, 1.433876, -0.364305, 1.268374, 1.130863, 0.388685, -0.490428, 0.789311, 0.792394, -0.449035, 0.380815, 0.184989, 0.068549, 0.588361, -0.045336, 0.927962, -0.082333, 2.430818, -0.859492, 0.317862, -1.315426, -1.092340, -0.264272, 1.874737, 0.692176, 0
-1.643700, -0.537960, 0.989288, -0.855078, 0.969578, 0.553797, -1.068409, 0.255878, -0.419956, -0.548515, 1.100304, -0.198558, 0.547380, -1.092306, -0.789540, 0.333862, -0.073524, -0.482646, -0.173558, 1.425663, 1.716960, 0.535564, -0.307582, 0.012106, -1.175493, -0.402774, -0.130224, -0.299801, 0.313488, 0.411144, 0.189361, -0.501184, 0
-0.997264, -0.669357, 1.221249, -0.440369, -0.164451, -0.339270, -1.076371, 0.640837, -0.285321, -0.466597, -1.363145, 0.763335, 0.792016, 1.117474, 1.748152, -0.415028, 0.219110, 0.519571, 0.675260, 0.665643, 1.373273, -1.228166, 0.062689, -0.539406, -1.011861, 0.941905, 0.784120, 0.703339, -0.016057, -0.784361, -0.008583, 0.407438, 0
-1.085545, 0.800711, -0.442287, 0.313241, 0.118832, -0.139553, 0.554137, -0.010263, -0.671604, -0.612718, 0.610674, 1.111012, 1.012757, 1.396160, 0.651161, -0.581777, -0.257758, 1.570098, 0.471766, 1.794867, 0.362489, -0.170926, -0.323004, -0.064427, 1.347852, -0.572126, 0.166150, -0.702567, 0.714555, 0.080276, -0.890713, 0.258861, 0
-2.411255, 1.044890, -0.238433, 0.120486, 0.297642, 1.387579, -1.160834, 0.009301, 0.394458, -0.397955, 0.310393, 0.893607, -0.417724, -0.537032, -0.250912, 1.279026, 0.484974, -0.250875, 0.800143, 0.890806, -0.241559, -0.229019, 1.464664, 0.558368, 0.341248, -0.565916, 0.380368, -0.145603, 1.361548, 0.300431, 0.188570, -2.049545, 0
-0.528714, -0.188859, 0.311315, -0.123186, -2.087783, -0.579265, 0.721310, 0.605044, -0.703228, 1.106302, -0.092307, -0.217305, -0.374653, 0.594685, 1.397505, 0.402018, 1.668801, -0.064293, -0.068856, 0.766251, 0.381626, -0.324105, 0.315726, 0.450442, -0.859767, 0.359512, -1.809850, -0.973322, -0.074111, -0.425827, 1.086214, 1.250577, 0
-0.856773, 0.011572, 0.084284, -1.289906, -1.119611, 0.083740, -1.664006, -1.747131, -0.780610, 0.903709, 0.750804, 0.005565, -0.638646, 0.668462, 1.182621, -0.093308, 0.153272, 0.474977, 0.131309, 0.008434, 0.360510, -0.453527, -0.510360, -0.635231, 1.208521, 1.424059, -0.208135, 0.242282, -0.422935, 0.457488, 1.264089, -0.276196, 0
-0.343156, -1.230029, -0.103170, -0.844845, 0.283911, -0.369931, 1.636398, -0.307780, 1.816310, -1.071601, -1.041002, 0.287999, -0.326273, -0.883155, -0.042303, 0.876037, 0.317796, 0.829731, 0.916888, 1.128587, 0.627061, 0.658344, 0.679942, -1.167093, -1.130620, 0.247297, 1.167340, 0.950351, 0.137893, 0.024022, 0.784122, -0.567359, 0
-0.671878, 0.948164, 0.199719, -0.192086, -1.466776, 0.489184, 0.457796, -1.045545, 0.830703, 0.330260, -0.173248, -0.084008, 1.053248, 1.364520, 0.808497, -0.555913, -0.344758, 0.323700, -1.489987, 0.482586, -0.185893, 0.314536, -0.462697, 0.045471, -1.138682, 1.468726, 0.656489, 0.433430, 1.044968, 0.022973, 0.110487, 0.114516, 0
-0.256168, -0.595897, 0.787564, 0.509749, 0.822027, -0.049007, -1.803973, 1.033377, -0.566796, -0.385314, 0.831371, 0.420178, -0.895058, -0.111791, 1.414968, 1.401033, 0.042940, -1.020361, -1.323162, 0.795219, 0.189677, 0.225700, -0.721002, -0.357995, 0.076197, -0.069798, 0.199122, 0.893956, -1.628637, -2.275349, 0.446015, 0.068763, 0
-0.225975, -0.341201, -0.040474, -0.436135, -0.645840, -0.039586, 0.296408, -0.772018, -0.379600, 1.193839, -1.018129, -0.878417, -0.152535, -0.319658, -1.206996, -0.169718, 0.021311, 0.247502, -0.278715, 0.682053, -1.368829, 0.591138, 0.778357, -0.623283, 0.221800, 1.770453, 0.105543, 0.279045, -0.994527, -0.112034, -0.512130, -1.198627, 0
-0.529577, 0.218589, -0.491344, -0.665240, -1.054883, -0.606387, 0.399924, 0.869427, 0.223270, 1.650771, -0.656496, -0.259275, -0.143325, -0.301267, 0.564557, 0.619459, 0.459133, 0.893628, -0.582134, -0.002389, -0.124931, -0.998847, 0.005685, -0.315434, -0.769960, 0.616310, -0.553042, -0.914422, -0.973844, 0.636005, 1.572090, 1.193119, 0
-1.085953, 1.300745, -0.379337, 0.238622, -1.336073, 1.622644, -0.165929, 0.320431, -0.500149, 0.852111, -0.942395, -0.212392, -0.216078, 2.301989, -0.416824, 0.901286, 0.411489, 0.324543, 1.475760, -0.850756, 0.061159, 0.810817, -0.304059, -0.827447, 0.154740, 0.116001, 0.793520, -1.116883, -0.108097, -0.016499, -0.136259, 0.616426, 0
-0.883839, 0.018029, 0.697180, 1.348532, -0.250277, 0.846998, -0.731927, -0.300362, -0.610656, -1.047279, 0.251585, 0.113703, -0.405750, 0.065145, -0.566136, 0.243654, 0.673506, 1.484358, -0.620563, -1.336472, 1.011194, 0.305475, -0.191981, -0.733108, -0.873521, 1.496961, -0.187925, -0.156741, -0.418086, -0.210301, -0.159096, -0.728416, 0
-0.744942, 1.362718, 1.444656, 0.495918, -1.276575, -0.598399, 1.627327, 0.457543, -0.571957, -1.344689, 1.040491, 0.295660, -0.441699, 0.481187, -0.181995, -1.151736, -2.095013, -0.513228, 0.066473, -0.000099, -0.330055, -0.398313, -0.009984, 1.067056, -0.656723, -0.047190, 0.999569, -0.175263, 0.624296, -0.278326, 0.129246, 0.495653, 0
-2.847858, -0.844633, -0.819504, -0.799915, -0.031622, -0.702688, 0.428604, -0.664545, 0.585964, -0.545798, 0.047392, -1.174631, -1.157335, 0.435732, 0.273671, 0.840075, -0.757568, 0.302463, -0.278511, 0.030665, -0.458188, -1.077687, 0.079674, -0.697752, 0.352442, -1.038076, 0.236033, 1.050545, 0.226312, -0.376938, 0.878278, -0.510454, 0
-0.800746, -1.518556, 0.128453, -0.573027, -0.167335, -1.835350, 0.581752, -0.026861, -0.344708, -0.760655, -0.614601, 0.034173, 0.135042, 0.670523, -0.753857, 0.073830, 0.024167, 0.690417, 0.904569, 0.606334, -0.392805, 0.227581, 0.162769, 1.200680, -1.033338, 0.700404, 1.039221, -0.074301, 0.076954, -0.620347, 0.354150, -0.888399, 0
-1.908014, -0.198809, -0.980930, 0.266134, 0.420168, -0.675998, 0.045839, -1.006273, 0.580603, -0.844692, -1.075268, 2.832325, -0.939876, -0.601821, 0.195305, -1.012799, 1.264083, -0.612615, 0.139026, 2.629264, -0.309979, -0.697558, 1.638842, -0.581582, -0.235852, -0.464032, 0.520869, -0.121679, 1.253502, -1.471009, -1.255859, -0.097303, 0
-0.660218, -1.175023, 0.908716, -0.656929, 1.093329, 0.241934, -0.185367, 0.030747, -0.177441, 0.435951, 0.256769, -0.363875, -1.007326, 0.532527, -0.962109, -0.817968, -0.442535, 1.006645, -0.532935, -0.041197, 0.251914, 0.331733, 1.454521, 1.327375, -0.048344, -0.737461, 0.694598, 0.718222, 0.751400, 2.634144, 0.539366, -0.653706, 0
-0.461430, -0.582050, -0.613127, 0.893388, -0.690882, 0.047606, -0.692984, 0.218236, -0.814454, -1.285234, 1.131608, -0.417483, -0.101351, 0.461036, 0.398525, 0.032305, -0.804764, 0.697187, -1.399926, 0.690217, -2.373021, 0.332125, -0.774755, -0.309929, 0.040284, 0.995237, 0.440059, 0.464334, -1.247897, -1.276172, -1.590118, -1.753043, 0
-1.317321, 1.238402, 0.266171, -0.026687, -1.633556, 0.229557, 0.882549, -0.074681, -1.271941, 1.492609, -1.135787, -0.219839, 0.080176, 1.443682, -0.665099, 1.372827, -0.230851, -0.207995, 0.650078, 0.696294, -0.451585, -0.051161, -0.619134, 0.077164, 0.470856, 1.026660, -0.663730, 0.378305, -1.532344, -0.273670, 0.313739, 0.213449, 0
-1.453989, -0.948224, -0.644445, -0.007514, -0.307684, -0.081481, -0.741722, -1.113144, 0.152909, -0.837315, 1.559748, -1.642841, 1.768798, 0.758266, 0.446874, -0.396158, 0.676959, -0.945655, -0.683496, 0.209458, -1.154853, 0.117915, -1.019015, 0.317738, -0.184943, 0.270499, -1.105700, -0.467438, -1.003567, 0.470450, 0.157771, 0.813816, 0
-1.714655, 0.483495, 0.149815, -0.331801, -0.913893, 0.147346, 0.306485, 0.623768, -0.096999, -0.443090, -1.960559, -0.873825, -0.316013, 0.664592, 0.331163, 1.058479, 0.580491, 0.454831, 0.610019, -0.127351, -0.876233, 0.355237, 1.380566, 0.775409, 1.297601, 1.155589, 0.608170, -0.901039, 0.417477, -0.946203, -0.161763, -1.032811, 0
-2.038481, -0.320811, -0.061780, -1.531965, -1.157431, 0.782206, 0.538134, -0.078479, 0.341392, 0.137061, 0.433619, -1.463382, 0.392671, 0.399844, -0.075330, -0.479195, 1.493375, 1.550190, 0.621362, -0.277623, 0.110367, 0.941692, 1.345490, -1.387116, -1.779891, 0.111193, 0.173856, -0.666387, -0.413803, -0.450093, -0.012680, -0.695122, 0
-1.009151, 0.431941, -0.306721, 0.247908, 0.219604, 1.268499, -0.269927, 0.014106, -0.527992, 1.089464, -0.062805, -0.317102, -0.642115, -0.057628, -0.651397, -0.384104, 0.424015, 0.081844, -0.900553, 0.679943, -0.855680, 1.015337, -0.100523, 0.572353, 0.981350, 0.058402, -0.724979, 0.040338, 0.428400, 0.034792, 0.484843, -0.878241, 0
0.298170, 0.760554, 0.391164, -0.543360, -0.601889, -1.478927, 0.180418, 0.102311, 0.534529, 1.400237, -0.331322, 0.585722, -0.518367, 0.533024, 1.357030, -0.368595, 0.091872, 0.710109, -0.116329, -0.258066, 0.458575, -0.668212, -0.280252, 1.710285, 1.178272, 1.583605, -0.802319, 2.118722, 0.818806, 0.253158, -0.334999, 0.241817, 0
-1.518563, -0.058085, -1.943316, -0.304480, -0.116309, 0.331480, 0.226915, 1.166018, 0.129699, -0.239434, -1.447148, -0.169751, 0.481228, 0.504777, 0.199058, -0.559021, 0.725344, -0.652784, -1.118315, -0.539156, -0.456723, -0.095948, -0.556551, 0.284987, 0.262234, 0.687816, -0.053743, 0.237532, -1.130516, -0.913103, 0.046202, -0.215495, 0
-0.576898, 1.579517, 1.169801, -0.248341, -0.573138, -0.967940, -1.116723, 1.129065, -1.883996, 1.286764, -0.165036, -0.076605, -0.017599, 0.071930, -1.328745, -0.439667, -0.266104, 1.225625, -0.155836, -0.054995, -0.118931, 0.046924, -0.387442, -1.422096, -1.075953, 0.515336, 0.560125, -0.314827, -0.346107, 0.675504, -0.477419, -0.155131, 0
0.336618, 0.342823, -0.165420, 0.401868, 0.545826, 0.441341, -0.947282, 1.184550, -2.460593, -0.792382, -1.020830, 0.689101, -0.156003, -0.448256, 0.356867, 0.456739, 0.131906, 0.521917, 0.546356, -0.122907, 0.256288, 0.299688, 0.036862, -0.481876, 0.118028, -1.315921, -1.476129, 0.558872, 1.726710, -1.623828, -0.598587, -0.140956, 0
-0.296931, -0.342625, 0.408643, -1.204055, 0.057756, 1.761086, -0.300541, 0.488774, 0.630077, -0.301630, 0.103659, 0.227850, 0.772293, 0.418344, -0.447942, 0.614044, -2.326564, -0.371339, 0.916297, 0.332079, 1.075355, -1.634628, 0.948019, -0.794795, 1.632780, 0.315345, 1.228678, 0.564456, 0.108995, 0.239938, 0.172857, 0.711161, 0
-2.869059, 1.124111, -0.803312, 0.033207, -0.401491, 0.511289, -1.453923, 0.995724, -0.758046, -0.376160, -1.387874, 0.489709, 0.909218, -0.618418, 1.229702, 0.435420, -1.067007, -0.549716, 1.827714, 0.580597, 0.157912, -0.011694, 0.099435, 1.031527, 0.317859, -0.465645, 0.369265, -0.121425, 0.557422, -1.394660, 0.544078, 0.609332, 0
0.189850, 0.627328, 0.354968, -0.165361, 1.189462, 0.021793, 0.410404, 1.095911, -0.385066, 0.112826, -0.001222, -0.619993, -0.288863, -0.799056, -1.179602, 1.058795, -0.586546, -1.043529, -0.032087, 0.581219, -0.242053, 0.757159, -0.769603, -0.875710, 0.637916, 0.373970, -0.163694, 0.551106, 1.796376, 0.335362, -0.526839, -0.711271, 0
-1.432974, -1.517260, -1.057088, 0.090637, 0.290488, 2.338362, 0.562522, 0.752091, -1.268549, 2.084481, -1.419263, -0.318700, 0.931912, 0.097192, 0.436745, -1.642796, 0.933655, 1.498211, 0.456005, 1.071608, 0.091475, -0.703415, -0.766600, 0.524704, 0.725013, 1.113789, 0.822415, -2.005423, 0.767093, -0.968609, -2.119663, -0.893398, 0
-0.517551, 0.439810, 0.587268, 0.591761, -0.602964, -0.583014, -0.893308, 1.413825, -0.551744, 0.568549, -0.774963, -1.020726, -0.780969, 0.198937, 0.810566, -0.274473, 0.112612, -1.777975, 0.431331, -0.966235, 0.054623, 0.892172, -0.141343, 0.525175, -0.654509, 0.930886, -0.310479, -1.272455, 1.071898, 0.617898, -0.438698, -0.427985, 0
-0.294332, -0.444535, -0.292528, 0.476504, 0.280296, 0.791886, -0.787591, 0.413898, -1.051017, -0.322686, -0.183515, 0.182550, 0.351883, -0.548135, -0.175926, 0.462240, -1.858771, 1.048697, -0.367651, -1.161870, -0.770506, -0.266833, -0.771563, -1.169019, -0.331156, -0.347632, -1.202194, 0.335138, -0.468477, 0.133646, 0.926677, -0.095769, 0
-0.345314, -0.321450, -1.239323, -0.509842, -0.074064, 0.257104, 0.022410, 0.530502, 0.560001, -0.041183, -0.707194, -0.102231, 0.687020, -0.415747, 0.399892, -0.100850, 0.147975, 0.759799, -0.991879, -0.051026, 1.618435, -1.047334, 0.100559, 0.907666, -0.270524, 0.064246, -0.104799, -0.612094, -0.914217, 0.025821, 0.076556, 0.485038, 0
-0.674372, -1.536164, -1.777573, 0.294830, -0.770808, -1.461463, 0.970320, -1.677133, 0.431420, 0.279057, -0.251186, -0.218144, -0.962927, 0.311465, 0.066661, -1.277622, 1.276141, -1.187795, 1.356552, 0.111005, -0.028290, -1.049651, 0.898528, -0.683518, -0.530302, 1.416140, 0.619264, -0.259747, -0.361316, 0.146057, -0.648119, 1.468325, 0
-1.166572, 0.265693, 1.054608, -0.353210, 1.732112, -0.127821, 0.035055, 0.599862, 0.464027, -0.295716, 1.158798, -0.392416, 0.795506, 0.960234, 0.112786, 0.240729, 0.129749, 0.397587, 0.236944, 0.750129, 0.400771, 1.410067, -0.223440, -0.200054, -0.100328, -1.188952, -1.350454, 0.634108, 0.550268, -1.207974, -1.151407, -0.350116, 0
