-0.415912, 0.424551, 1
0.671641, 0.606655, 1
0.632954, -0.305841, 0
-0.245643, 0.167687, 0
0.645738, -0.708433, 1
0.768411, -0.468527, 1
0.590243, 0.071813, 0
0.020648, 0.470103, 1
0.502423, -0.368603, 0
-0.635543, -0.248527, 1
0.372513, -0.632616, 1
0.280149, 0.044154, 1
0.974039, -0.086898, 1
0.216503, 0.449981, 1
-0.737573, -0.613921, 1
-0.483949, 0.852670, 1
0.457892, -0.521432, 1
0.517880, -0.521460, 1
-0.680823, 0.451095, 0
-0.828096, -0.316366, 1
-0.460769, 0.575081, 0
-0.380766, -0.703376, 1
-0.267518, -0.642453, 1
0.807528, -0.313172, 1
-0.328594, -0.817728, 1
-0.188725, 0.187457, 0
0.666025, 0.552822, 1
-0.252292, 0.614696, 0
0.093330, 0.066885, 0
0.065791, 0.265235, 0
0.750519, 0.268358, 1
0.220435, -0.710251, 1
-0.156561, 0.543020, 1
0.839644, -0.158390, 1
-0.209404, 0.627748, 0
-0.125541, -0.289559, 1
-0.107287, -0.135781, 1
-0.266678, -0.072345, 0
0.133387, -0.600653, 0
-0.052020, 0.079833, 1
-0.160958, -0.301502, 0
-0.011753, 0.191630, 0
0.602498, 0.097376, 0
-0.345697, 0.442142, 1
0.629774, -0.270418, 0
0.440023, -0.844785, 1
0.019435, -0.216579, 1
0.260391, -0.847179, 1
0.182768, 0.740868, 0
-0.966084, 0.196811, 1
0.314676, -0.018104, 1
0.680394, -0.375165, 1
-0.786804, -0.331359, 1
0.766017, -0.529231, 1
0.257837, 0.705004, 0
-0.054708, -0.112389, 1
-0.565414, 0.047563, 1
0.391845, 0.874609, 1
0.202778, 0.441943, 1
-0.774636, 0.467735, 0
-0.624966, 0.408132, 0
0.208604, -0.591050, 0
-0.395057, -0.476720, 1
0.390846, -0.118413, 1
-0.323002, 0.071240, 0
0.506423, -0.109806, 0
0.739881, 0.322888, 1
-0.294111, 0.505898, 1
0.210902, -0.261051, 1
-0.148664, 0.645488, 0
0.520097, -0.010709, 0
0.685124, 0.727442, 1
0.211504, 0.910489, 1
0.195177, 0.586539, 0
0.318621, -0.596219, 1
-0.072939, 0.386335, 1
-0.194849, 0.604059, 1
-0.542425, -0.688426, 1
-0.505747, -0.802544, 1
0.634462, 0.200142, 0
0.703354, 0.428119, 1
0.163867, -0.085744, 0
-0.057128, 0.943509, 1
0.853997, 0.002459, 1
0.740915, 0.172618, 0
0.406240, 0.736404, 1
0.096182, -0.666699, 1
0.122739, 0.901333, 1
-0.787094, -0.568387, 1
0.631755, 0.481123, 0
0.275487, -0.204378, 1
-0.604621, 0.442556, 0
-0.189175, -0.044877, 1
0.396137, 0.069210, 1
0.034963, -0.660991, 1
0.012718, -0.157754, 1
-0.506614, -0.133285, 1
-0.960667, 0.250945, 1
0.970705, 0.135515, 1
0.584246, 0.093444, 0
0.036848, 0.521606, 1
-0.326241, 0.249754, 0
0.097123, 0.584974, 1
-0.619404, -0.671969, 1
0.815165, 0.191421, 1
0.283154, 0.211302, 1
0.550311, 0.273349, 0
0.160363, -0.956304, 1
-0.859936, 0.005068, 0
0.314913, 0.840259, 1
0.342147, -0.648239, 1
0.601515, 0.315084, 0
-0.532566, -0.301362, 1
-0.099942, -0.599915, 0
0.071248, 0.280654, 0
-0.271884, -0.113587, 0
-0.902286, -0.267294, 1
-0.670613, 0.648025, 0
-0.674484, -0.249170, 1
-0.408910, 0.560567, 0
0.576472, 0.593705, 1
0.268039, -0.956094, 1
-0.556009, 0.363591, 1
0.448751, 0.172107, 1
0.183377, -0.652282, 1
-0.346468, 0.512764, 1
0.002513, 0.687464, 0
-0.194294, 0.497330, 1
0.657183, 0.131222, 0
-0.228349, -0.160751, 1
0.436171, -0.236159, 0
-0.207796, 0.012643, 1
0.056549, -0.350111, 1
-0.771659, 0.500540, 0
-0.327353, -0.736517, 1
-0.388799, -0.748549, 1
0.368788, -0.393056, 0
-0.088962, -0.628699, 1
-0.152034, -0.883210, 1
-0.043960, 0.263366, 0
-0.616543, 0.748244, 1
-0.723991, -0.258997, 1
0.808488, 0.332558, 1
-0.166902, 0.404372, 1
0.713922, 0.505746, 1
0.667855, 0.311841, 0
0.361770, -0.720943, 1
0.563292, -0.269442, 0
-0.113999, -0.525669, 0
0.101859, 0.180409, 0
-0.808925, -0.029511, 1
0.132001, 0.039040, 0
0.087279, -0.040804, 0
-0.777438, 0.042114, 0
0.791563, -0.501429, 1
0.783117, 0.600051, 1
0.831129, 0.174009, 1
0.636880, -0.335773, 1
-0.421619, 0.350802, 1
-0.337357, 0.531742, 1
-0.474707, -0.774065, 1
-0.737700, 0.411294, 0
-0.299734, 0.364159, 1
-0.408296, -0.108660, 0
-0.665352, 0.723705, 1
-0.317099, -0.410962, 0
0.465247, -0.094537, 1
0.631152, 0.256810, 0
0.404034, 0.414269, 0
-0.143138, 0.235163, 0
-0.411722, -0.506258, 1
0.899390, 0.166659, 1
0.412896, -0.492814, 0
-0.266879, 0.863405, 1
0.349484, 0.433387, 1
0.227564, 0.941188, 1
-0.675272, 0.562212, 0
0.664892, -0.744891, 1
-0.015860, -0.652207, 1
-0.155854, -0.550614, 0
0.253256, -0.524702, 0
0.706197, -0.342710, 1
0.889567, -0.436942, 1
0.056800, 0.791842, 0
0.644504, -0.098656, 0
0.861204, 0.057401, 1
0.408530, 0.462308, 0
-0.004409, -0.858348, 1
0.325713, -0.654925, 1
0.575039, -0.446724, 1
-0.845125, 0.099628, 0
-0.701052, -0.000978, 1
0.549014, 0.552204, 0
0.474319, 0.255211, 1
-0.790507, 0.363886, 0
0.841731, -0.124931, 1
-0.456364, 0.184943, 1
0.217299, 0.539226, 1
0.326595, -0.456988, 0
0.884301, -0.098366, 1
0.096288, -0.829437, 1
-0.198600, 0.211776, 0
-0.878282, -0.043725, 1
-0.688596, -0.579334, 1
0.115629, -0.817637, 1
-0.206497, -0.066101, 1
-0.715691, -0.364766, 1
0.933087, -0.334895, 1
-0.229675, 0.150386, 0
-0.001447, -0.210314, 1
-0.243771, -0.687134, 1
-0.198421, -0.288475, 0
-0.826715, -0.225552, 1
-0.858858, 0.288914, 0
-0.043189, -0.065356, 0
-0.777187, 0.241120, 0
0.419216, 0.691346, 0
0.617163, 0.352303, 0
-0.643549, -0.612512, 1
-0.497311, -0.439218, 1
-0.515593, -0.803914, 1
-0.350586, 0.482961, 1
-0.014228, -0.091391, 0
0.282914, -0.012766, 1
0.300100, -0.908899, 1
-0.249332, 0.473385, 1
-0.134451, -0.108190, 1
-0.237701, 0.822360, 0
0.826454, -0.014888, 1
0.063480, 0.396332, 1
0.016893, -0.517304, 0
0.087678, -0.365944, 1
0.834998, 0.444129, 1
0.021544, -0.662313, 1
-0.466227, -0.345675, 1
-0.011088, 0.519545, 1
0.562935, -0.728175, 1
-0.493221, -0.147543, 0
-0.056442, 0.061636, 1
0.280264, 0.809107, 1
0.027676, -0.305052, 1
0.176231, -0.955431, 1
0.177643, -0.736091, 1
-0.321375, 0.012641, 0
0.708038, 0.700168, 1
0.350328, 0.712949, 0
0.206119, 0.884101, 1
-0.217334, -0.222176, 1
0.839460, -0.002431, 1
0.535331, 0.792906, 1
0.040133, 0.166799, 0
0.861747, -0.250964, 1
-0.887623, 0.039390, 0
0.012945, -0.208998, 1
-0.947968, -0.279017, 1
-0.508830, 0.402360, 1
-0.566068, 0.697290, 0
0.286461, -0.198793, 1
0.892321, -0.309893, 1
-0.268584, -0.640823, 1
-0.399468, 0.514082, 1
0.137002, -0.682163, 1
0.240306, -0.023538, 0
0.315406, -0.224363, 1
-0.230632, -0.644461, 1
-0.576653, 0.804183, 1
0.091210, -0.464276, 0
-0.156427, -0.895845, 1
0.326726, -0.104395, 1
-0.174861, 0.817896, 0
-0.702035, 0.259071, 0
0.515186, 0.584425, 0
-0.725468, -0.208306, 1
0.766684, -0.124935, 1
-0.694225, -0.096314, 1
0.192902, 0.546081, 1
-0.678282, -0.350484, 1
-0.136153, -0.735846, 1
-0.008311, 0.287194, 0
0.822918, -0.088090, 1
-0.812945, 0.149644, 0
0.807514, 0.012193, 1
-0.032460, -0.894521, 1
-0.728736, -0.517273, 1
0.689904, -0.668458, 1
0.123236, 0.656918, 0
-0.160498, 0.429012, 1
-0.024907, -0.559249, 0
-0.459288, 0.296810, 1
0.090267, 0.404559, 1
-0.308247, 0.629300, 0
-0.835144, -0.485328, 1
-0.458790, -0.648090, 1
0.664316, -0.651276, 1
0.364104, -0.368144, 0
-0.545797, 0.635368, 0
0.114583, -0.855892, 1
0.966911, 0.004816, 1
-0.891455, 0.090147, 0
-0.338266, -0.051954, 0
-0.480842, 0.222338, 1
-0.019550, 0.494251, 1
0.663089, 0.521162, 1
-0.208939, -0.246644, 0
-0.074279, -0.647975, 1
-0.164687, 0.617475, 1
0.981326, 0.000169, 1
-0.867853, -0.477464, 1
0.352079, 0.796462, 1
-0.128740, -0.283817, 1
-0.571681, 0.325463, 1
-0.648449, 0.542901, 0
0.469571, -0.681538, 1
-0.452282, 0.578116, 0
0.408608, 0.209452, 1
-0.568210, 0.506612, 0
0.422018, -0.905121, 1
0.027774, -0.786921, 1
-0.151765, 0.953495, 1
-0.434896, 0.683548, 0
0.570970, -0.453571, 1
-0.316283, 0.703117, 0
0.068965, -0.964204, 1
-0.248021, 0.927898, 1
0.265688, 0.103530, 1
0.470799, -0.264741, 0
-0.686625, -0.169400, 1
0.227969, -0.160463, 1
-0.241633, 0.659759, 0
0.754638, 0.373923, 1
-0.606537, -0.397127, 1
0.327418, -0.041433, 1
-0.713579, -0.101612, 1
0.504997, -0.029862, 0
-0.398495, -0.426038, 1
0.005934, -0.898916, 1
-0.485813, 0.757912, 0
-0.138558, 0.499781, 1
-0.484865, -0.716567, 1
0.518298, -0.171491, 0
0.114033, -0.253733, 1
0.388118, -0.553752, 1
-0.236463, -0.284464, 0
0.404815, 0.049958, 1
0.613924, -0.090188, 0
0.483774, 0.026030, 1
-0.216058, -0.654505, 1
0.928818, 0.363573, 1
0.121480, 0.042851, 0
-0.890160, -0.210474, 1
-0.084749, -0.484134, 0
-0.196279, -0.031964, 1
-0.323470, -0.808162, 1
0.414284, 0.440067, 0
-0.092626, -0.180901, 1
-0.509975, -0.478702, 1
0.728911, -0.489879, 1
-0.263273, 0.212685, 0
0.536151, 0.053239, 0
0.210646, -0.679907, 1
0.398734, -0.011519, 1
0.965478, 0.244009, 1
0.281451, 0.894295, 1
-0.392418, -0.597069, 1
-0.062853, -0.282578, 1
0.192457, 0.852398, 1
-0.179566, 0.909818, 1
0.349885, 0.095390, 1
0.053816, 0.839909, 0
0.616688, -0.217273, 0
-0.649969, -0.646586, 1
0.406654, 0.206058, 1
-0.793725, -0.194613, 1
-0.933951, -0.343021, 1
0.878921, 0.003195, 1
0.374401, 0.071378, 1
-0.144407, -0.392311, 0
0.067556, 0.676026, 0
-0.482493, 0.255572, 1
-0.649038, -0.035440, 1
-0.051242, -0.850211, 1
-0.466895, 0.143297, 1
-0.678458, -0.417499, 1
-0.380713, -0.612410, 1
0.239480, -0.501792, 0
0.390785, -0.386118, 0
0.569586, -0.753622, 1
0.221571, -0.362858, 0
0.606470, -0.756325, 1
-0.202292, 0.313771, 0
-0.788675, -0.455004, 1
0.371103, -0.467611, 0
-0.712304, 0.314616, 0
-0.739894, 0.236453, 0
0.464405, -0.206789, 0
0.375713, -0.000963, 1
-0.826463, -0.384807, 1
0.497245, 0.564323, 0
0.229075, 0.066831, 0
0.810701, -0.549354, 1
0.566254, 0.796194, 1
0.109965, -0.948313, 1
-0.091042, -0.518932, 0
-0.415924, 0.196654, 0
0.795684, -0.155817, 1
-0.566893, 0.260089, 1
0.637394, -0.187143, 0
0.046036, 0.013107, 0
0.811894, 0.219573, 1
0.628300, 0.309139, 0
-0.216104, -0.142625, 1
-0.624030, -0.405403, 1
0.308020, -0.920057, 1
-0.672297, 0.497744, 0
0.293938, 0.516993, 0
-0.742080, -0.596097, 1
0.568680, 0.166878, 0
-0.115029, -0.847243, 1
-0.636468, -0.319346, 1
-0.003060, -0.203361, 1
0.609496, -0.013220, 0
0.647440, 0.421389, 0
-0.793647, 0.275740, 0
-0.269472, -0.009751, 0
-0.866885, 0.106498, 0
0.584847, 0.441135, 0
0.186441, 0.912549, 1
-0.061120, -0.136928, 1
0.231304, 0.521692, 1
-0.797654, 0.098441, 0
0.129869, 0.380215, 1
0.422359, 0.336223, 1
-0.344044, -0.847113, 1
-0.673528, -0.210929, 1
0.259385, 0.911318, 1
-0.769794, -0.554173, 1
0.823868, 0.169086, 1
0.308899, 0.630374, 0
0.401904, 0.688964, 0
0.637709, -0.073895, 0
0.560317, 0.739210, 1
-0.479060, 0.762663, 0
-0.162348, -0.087585, 1
-0.086615, 0.035622, 1
-0.628156, -0.393403, 1
-0.511368, -0.301684, 1
0.395668, 0.748017, 1
-0.390366, 0.625874, 0
-0.806156, -0.566498, 1
-0.205040, 0.502743, 1
0.191706, 0.758677, 0
-0.764511, -0.170585, 1
-0.315218, 0.795806, 0
-0.431375, 0.205722, 1
0.558469, 0.406277, 0
-0.881863, 0.464221, 1
0.976703, 0.031522, 1
0.367266, -0.128313, 1
-0.466057, 0.855898, 1
0.555485, 0.797759, 1
-0.386860, -0.649555, 1
0.300502, -0.322983, 0
-0.452690, -0.507792, 1
-0.564306, -0.217201, 1
0.321623, 0.120476, 1
-0.421395, 0.890248, 1
0.296525, -0.555664, 0
0.601296, 0.273228, 0
0.200573, -0.156876, 1
-0.027174, 0.734516, 0
-0.300978, -0.457170, 0
0.664127, -0.697063, 1
-0.277532, 0.219612, 0
-0.899304, 0.335608, 0
0.570057, 0.401198, 0
-0.099833, 0.215030, 0
0.568795, 0.478772, 0
0.105278, 0.894994, 1
0.615846, -0.598197, 1
-0.660671, 0.217142, 1
0.318281, -0.124395, 1
-0.341689, -0.708893, 1
-0.389879, 0.357333, 1
-0.166063, -0.725752, 1
0.660270, 0.556405, 1
0.493860, 0.760966, 1
-0.107987, 0.063917, 1
0.162164, -0.095362, 0
0.181285, 0.055570, 0
0.352957, -0.918549, 1
-0.729400, -0.078247, 1
0.560223, 0.375878, 0
-0.183253, 0.176069, 0
0.777681, 0.156076, 1
-0.606789, 0.452712, 0
-0.028737, 0.711492, 0
-0.671683, 0.629574, 0
-0.997400, -0.061562, 1
-0.013094, -0.163463, 1
0.212686, -0.352824, 1
-0.607058, -0.293454, 1
-0.591858, 0.284955, 1
0.770463, 0.570305, 1
-0.810407, -0.048252, 1
-0.374124, 0.542550, 1
0.033199, -0.103525, 0
-0.535697, -0.406578, 1
-0.727647, 0.281049, 0
0.502746, 0.408388, 0
0.037962, 0.876795, 1
-0.327956, 0.106274, 0
-0.311267, 0.080186, 0
-0.608771, -0.540804, 1
-0.349509, -0.419178, 0
0.410944, 0.276367, 1
-0.827157, -0.412324, 1
0.037564, -0.554804, 0
0.868725, -0.192945, 1
-0.504770, -0.694150, 1
-0.030243, 0.997976, 1
0.714239, -0.156048, 0
0.829039, -0.247799, 1
-0.279254, -0.401459, 0
-0.222931, 0.434078, 1
-0.419272, 0.449114, 1
-0.459648, 0.269461, 1
-0.470700, -0.068419, 0
0.728657, 0.179791, 0
0.512403, 0.139601, 0
-0.543842, 0.635776, 0
0.583743, -0.370999, 0
-0.776549, -0.378693, 1
0.074197, -0.907824, 1
0.428362, 0.569426, 0
-0.601973, -0.601881, 1
0.242070, 0.396442, 1
-0.135534, 0.962816, 1
0.396894, -0.424289, 0
0.090649, 0.937246, 1
-0.131173, 0.573829, 1
-0.200260, -0.618770, 1
-0.286570, 0.255898, 0
-0.081520, -0.040905, 1
-0.667367, -0.653158, 1
-0.471479, -0.269340, 1
-0.255039, -0.904076, 1
-0.157075, 0.987031, 1
0.492366, 0.707391, 1
0.348926, 0.346741, 1
0.283987, 0.908232, 1
0.482061, -0.140737, 0
-0.465956, -0.804508, 1
-0.884839, -0.448950, 1
-0.208493, 0.411145, 1
-0.040845, 0.124140, 1
0.757987, 0.487676, 1
0.854799, -0.497052, 1
0.583600, -0.302276, 0
-0.510022, 0.075966, 1
-0.594885, -0.560174, 1
-0.436685, 0.754042, 0
0.786567, -0.373625, 1
-0.806383, 0.070554, 0
-0.465393, -0.746859, 1
0.112405, 0.757413, 0
-0.787840, 0.227566, 0
-0.691537, -0.295176, 1
0.227625, 0.099969, 0
-0.623096, 0.258056, 1
-0.223367, -0.133117, 1
-0.665978, 0.181748, 1
0.306708, -0.102663, 1
-0.064210, 0.093275, 1
0.523711, 0.129407, 0
0.382548, 0.387198, 1
0.144610, -0.712854, 1
0.722518, 0.453073, 1
-0.008030, -0.049856, 0
-0.446958, 0.107939, 0
0.136924, -0.222849, 1
-0.018104, -0.188620, 1
-0.143940, 0.358800, 0
-0.774317, -0.596542, 1
-0.185560, 0.532391, 1
0.300795, 0.750230, 0
-0.374334, -0.175494, 0
-0.120363, -0.210505, 1
-0.117176, -0.737815, 1
-0.823307, -0.042190, 1
-0.242863, 0.321303, 0
0.244956, -0.520345, 0
-0.225624, -0.763074, 1
0.429799, 0.327419, 1
0.344865, -0.433278, 0
0.378102, -0.039370, 1
0.685561, 0.447538, 1
-0.406678, 0.911243, 1
0.850996, 0.407762, 1
0.443634, 0.151790, 1
0.157992, -0.930700, 1
-0.141205, -0.140880, 1
-0.700187, 0.035488, 1
0.816931, 0.056950, 1
-0.643208, 0.061886, 1
0.536606, 0.131168, 0
0.298812, -0.033596, 1
-0.541413, -0.356323, 1
0.533127, -0.436843, 0
-0.029563, -0.088771, 0
0.523787, -0.344002, 0
-0.432758, -0.790237, 1
0.361553, -0.317137, 0
-0.919824, 0.337849, 1
-0.279508, -0.061029, 0
-0.803030, 0.020305, 0
0.075787, 0.613861, 0
0.462420, -0.625401, 1
0.018275, -0.886608, 1
0.024621, -0.992049, 1
-0.355289, 0.383388, 1
-0.874941, 0.211952, 0
0.593151, 0.649930, 1
0.222828, -0.045296, 0
-0.667207, 0.303004, 0
-0.707447, 0.053285, 1
-0.758025, -0.510477, 1
-0.496576, -0.849155, 1
-0.452314, 0.579211, 0
0.931112, -0.027916, 1
-0.541637, -0.584724, 1
-0.039203, 0.482985, 1
-0.576773, 0.605508, 0
-0.133627, -0.451713, 0
-0.182540, -0.540477, 0
0.414227, -0.468990, 0
0.343292, 0.706781, 0
0.584294, 0.585267, 1
0.801702, -0.300272, 1
-0.721062, 0.573435, 0
-0.640507, -0.767253, 1
0.204832, -0.623231, 1
-0.294118, -0.834371, 1
0.859754, 0.129109, 1
0.771136, -0.273874, 1
0.677396, -0.411403, 1
0.185650, 0.875612, 1
-0.371115, -0.400123, 0
0.557444, -0.497039, 1
0.648800, 0.359146, 0
0.202689, 0.457528, 1
0.708533, 0.481627, 1
0.030963, -0.931974, 1
0.714375, -0.050631, 0
-0.641368, -0.080794, 1
0.326138, 0.064514, 1
0.084835, 0.185892, 0
-0.806377, -0.144029, 1
0.444568, 0.097668, 1
-0.492837, 0.792969, 1
-0.037780, 0.709852, 0
0.250497, -0.329246, 1
0.191479, -0.718540, 1
-0.261220, -0.094146, 0
0.230829, 0.097412, 0
0.825060, -0.443033, 1
-0.838074, -0.090105, 1
0.742859, -0.644451, 1
-0.773432, 0.210434, 0
0.283887, -0.549911, 0
-0.873549, 0.329517, 0
-0.545709, -0.729379, 1
-0.067409, -0.038547, 1
-0.328695, 0.314087, 1
-0.434435, 0.862785, 1
0.595547, 0.304345, 0
-0.231362, -0.173625, 1
-0.598243, -0.406301, 1
0.383342, -0.436317, 0
0.503594, 0.126201, 1
-0.080768, 0.269460, 0
-0.218922, 0.145800, 0
-0.520106, 0.533622, 0
0.118998, 0.763781, 0
0.093298, -0.561999, 0
0.399455, 0.579660, 0
-0.106254, -0.513735, 0
0.790610, -0.297817, 1
0.315668, -0.807632, 1
0.295882, -0.300989, 1
-0.243949, -0.200525, 0
-0.178918, -0.451171, 0
0.185531, 0.405908, 1
-0.438376, -0.298399, 0
-0.718739, 0.352498, 0
-0.968161, 0.175007, 0
0.664300, 0.629374, 1
-0.332433, -0.020032, 0
0.678979, -0.422208, 1
-0.237076, 0.504190, 1
-0.746926, -0.168141, 1
-0.889520, 0.074157, 0
0.380688, -0.749609, 1
0.014237, 0.693298, 0
0.099207, -0.064362, 0
-0.098631, -0.468996, 0
-0.103284, 0.182629, 0
0.883502, -0.071445, 1
-0.642364, 0.722265, 1
-0.106062, -0.978064, 1
0.351638, 0.561505, 0
0.001904, 0.173379, 0
0.524953, -0.319118, 0
0.119736, -0.704448, 1
0.078402, -0.499576, 0
-0.806277, -0.080043, 1
-0.707592, 0.292929, 0
0.855595, 0.193777, 1
0.823933, -0.247689, 1
-0.623594, 0.707434, 1
0.680866, -0.265958, 1
0.429699, -0.425196, 0
-0.244022, -0.218663, 0
-0.561236, 0.705888, 0
0.710134, 0.068875, 0
-0.080611, -0.211464, 1
0.569299, 0.465332, 0
-0.118824, 0.763022, 0
-0.614711, 0.173584, 1
0.055951, -0.759117, 1
-0.632640, -0.120116, 1
-0.006806, -0.256234, 1
-0.412682, -0.325940, 0
0.248864, -0.766214, 1
-0.201645, 0.385173, 1
0.046435, -0.569568, 0
-0.541040, -0.004426, 1
0.054269, -0.830907, 1
-0.042371, 0.633749, 0
0.438989, 0.838805, 1
0.396771, 0.824278, 1
0.012389, -0.547278, 0
0.332606, 0.058355, 1
0.732415, 0.601323, 1
0.936942, -0.018722, 1
0.835110, -0.264703, 1
0.488369, 0.412886, 0
-0.591540, 0.311478, 1
0.285136, 0.074051, 1
-0.893342, -0.275875, 1
-0.087144, 0.503429, 1
0.304993, 0.288757, 1
0.671918, 0.428508, 1
0.208681, 0.404333, 1
0.029831, 0.145623, 0
-0.614389, -0.135059, 1
0.880920, -0.247938, 1
-0.308282, 0.369289, 1
-0.835053, -0.051072, 1
0.316617, -0.426593, 0
-0.739593, 0.433038, 0
0.046316, 0.545542, 1
-0.492911, 0.152974, 1
-0.730333, 0.419945, 0
-0.343597, -0.181931, 0
0.345189, -0.387446, 0
0.431632, -0.349818, 0
0.901311, 0.103551, 1
-0.921310, 0.109992, 0
-0.492117, 0.108521, 1
-0.744385, -0.106506, 1
0.645556, -0.334820, 1
0.505825, 0.810503, 1
0.614108, -0.177558, 0
-0.744520, 0.430226, 0
0.420057, -0.237431, 0
-0.416800, 0.689723, 0
-0.817486, 0.239603, 0
-0.492207, 0.527703, 0
0.042976, -0.743425, 1
-0.136541, 0.550859, 1
0.365095, 0.119075, 1
-0.555646, 0.338557, 1
0.255610, -0.910090, 1
0.583876, -0.715677, 1
0.492359, 0.839357, 1
0.714549, -0.087585, 0
-0.398074, -0.702251, 1
-0.397861, -0.215560, 0
0.537352, 0.109931, 0
-0.687857, 0.389509, 0
0.049356, -0.509972, 0
0.142976, -0.907668, 1
0.125510, -0.912455, 1
0.450255, -0.618880, 1
-0.822546, 0.453991, 0
0.142555, -0.922133, 1
0.071835, -0.273569, 1
-0.637810, -0.435806, 1
0.476609, 0.167713, 1
0.188679, -0.735704, 1
0.301349, -0.761964, 1
-0.245676, -0.555676, 1
-0.669633, 0.500926, 0
0.612624, 0.576269, 1
-0.938897, 0.062879, 0
-0.483130, 0.099943, 1
-0.683575, 0.588705, 0
0.826375, -0.321385, 1
-0.244646, 0.629507, 0
0.559876, 0.129842, 0
0.708255, 0.512029, 1
0.041682, -0.103066, 0
0.134970, -0.469352, 0
-0.212646, 0.465337, 1
-0.968426, 0.238114, 1
0.438896, 0.644198, 0
-0.185617, 0.499999, 1
-0.292923, -0.228228, 0
0.738556, 0.223946, 0
-0.187349, 0.698090, 0
-0.266404, -0.034451, 0
-0.404943, 0.650127, 0
-0.381209, -0.696688, 1
0.162156, 0.660472, 0
0.200246, -0.061519, 0
0.469129, -0.209143, 0
0.800553, 0.500703, 1
0.144901, -0.156647, 1
-0.260552, 0.851977, 0
0.615125, -0.521996, 1
0.075924, 0.486840, 1
0.184930, 0.266581, 0
-0.145876, 0.275182, 0
-0.244470, 0.449180, 1
-0.074691, 0.374321, 0
0.034793, -0.047262, 0
0.025946, 0.038295, 1
0.287954, -0.504926, 0
0.829152, 0.088507, 1
-0.672044, 0.140678, 1
-0.298524, 0.067404, 0
-0.007344, -0.683399, 1
0.957154, -0.011629, 1
0.344974, -0.188722, 1
-0.739542, 0.188862, 0
0.276327, -0.490382, 0
-0.034311, -0.697728, 1
0.547913, -0.746357, 1
-0.202653, 0.377065, 1
0.342150, -0.206876, 1
0.235188, 0.670106, 0
-0.262490, -0.073542, 0
-0.004963, -0.943295, 1
-0.638689, -0.047808, 1
0.045076, 0.706286, 0
0.763469, 0.308629, 1
-0.502510, 0.281615, 1
0.791233, 0.002567, 1
-0.923910, 0.339147, 1
0.256209, -0.126564, 1
-0.283788, -0.401641, 0
-0.731535, 0.600363, 1
0.888063, 0.005975, 1
-0.473179, -0.858673, 1
0.288892, 0.521859, 0
-0.525950, 0.243109, 1
0.356489, -0.762480, 1
-0.448262, 0.163280, 1
-0.738553, 0.049228, 1
-0.555105, -0.701674, 1
-0.176955, -0.763872, 1
0.300892, -0.100866, 1
0.575275, -0.442898, 1
0.155461, 0.439131, 1
-0.757114, 0.423926, 0
0.039494, -0.869051, 1
-0.570100, 0.566315, 0
0.088174, -0.529691, 0
0.368996, 0.562224, 0
0.713418, -0.274514, 1
0.314384, -0.666340, 1
-0.430212, 0.660409, 0
0.036563, -0.854937, 1
-0.782489, -0.190866, 1
-0.563450, 0.372972, 1
-0.751735, -0.320564, 1
-0.203102, 0.287760, 0
-0.189614, 0.226798, 0
-0.145925, 0.082662, 1
-0.054409, 0.942249, 1
0.552971, -0.685413, 1
0.504473, 0.266390, 0
0.040073, 0.304217, 0
0.531545, -0.071162, 0
0.365408, -0.154071, 1
0.262498, 0.724925, 0
-0.016643, 0.832287, 0
-0.170946, -0.586100, 1
-0.024183, 0.077320, 1
0.093336, 0.772715, 0
-0.000486, 0.219154, 0
-0.013616, 0.945105, 1
0.161403, -0.460644, 0
-0.740308, -0.334123, 1
0.805745, 0.299765, 1
-0.771396, 0.335501, 0
-0.816781, 0.491102, 0
0.060426, 0.166577, 0
0.323389, -0.554240, 0
0.186497, 0.300738, 1
0.714638, 0.024422, 0
0.092871, -0.192026, 1
-0.202863, 0.457950, 1
-0.288304, 0.796651, 0
-0.322895, 0.698080, 0
0.301212, -0.525522, 0
0.380472, 0.529816, 0
0.809979, 0.563691, 1
0.020918, -0.129595, 0
-0.269732, -0.655693, 1
0.316164, 0.916766, 1
0.645045, 0.364769, 0
0.932317, 0.359683, 1
-0.610810, 0.025188, 1
-0.832342, 0.186327, 0
-0.516862, -0.120646, 1
-0.017022, 0.160243, 0
-0.422566, -0.275267, 0
-0.001249, -0.185130, 1
-0.273820, 0.503136, 1
-0.141948, -0.972607, 1
0.557209, 0.787592, 1
0.802216, -0.421873, 1
-0.342003, -0.467516, 1
-0.077567, 0.974161, 1
-0.550750, -0.432522, 1
0.338930, -0.618433, 1
0.406755, -0.905181, 1
-0.085552, 0.889893, 1
-0.025827, 0.897426, 1
0.050136, 0.551607, 1
-0.633522, 0.348339, 0
0.552023, 0.224530, 0
0.375732, 0.529637, 0
0.463054, -0.067060, 1
0.317229, 0.265270, 1
0.797754, -0.566500, 1
0.000979, 0.288317, 0
-0.371430, -0.071860, 0
0.016437, -0.964676, 1
0.022959, 0.930885, 1
0.828311, -0.024646, 1
0.548740, -0.549530, 1
0.024241, 0.915218, 1
0.798809, -0.423736, 1
0.139748, 0.174541, 0
-0.894099, -0.397198, 1
-0.892518, 0.423130, 1
0.398356, 0.665825, 0
0.912828, 0.053028, 1
-0.363940, -0.458602, 1
-0.423278, 0.004127, 0
0.583382, -0.498061, 1
0.001260, 0.411694, 1
0.477293, -0.450000, 0
0.862164, -0.498466, 1
-0.534783, 0.660973, 0
0.077798, 0.604965, 1
-0.164486, 0.183699, 0
-0.792233, -0.057005, 1
0.741663, -0.386407, 1
0.352927, 0.654491, 0
0.641484, -0.227390, 0
-0.348085, 0.224866, 0
0.274549, 0.653175, 0
-0.363440, -0.248158, 0
-0.796826, -0.501277, 1
0.253375, -0.331608, 1
-0.726643, -0.004790, 1
0.514872, -0.518877, 1
-0.443039, -0.500250, 1
0.113343, 0.479810, 1
0.953115, -0.220037, 1
0.468797, -0.850997, 1
-0.572249, 0.110281, 1
-0.078387, 0.079667, 1
-0.267158, -0.028293, 0
-0.051997, -0.063984, 1
0.470430, -0.798621, 1
0.604408, 0.630127, 1
-0.467448, 0.877764, 1
-0.641113, -0.436458, 1
-0.830876, -0.084152, 1
0.063292, -0.703992, 1
0.214472, -0.823366, 1
0.775818, 0.167587, 1
-0.043402, 0.244615, 0
0.316590, 0.384349, 1
-0.645104, -0.761797, 1
-0.535985, -0.309957, 1
-0.565636, 0.196857, 1
0.661750, 0.382368, 0
-0.867127, 0.132180, 0
0.583747, 0.737281, 1
-0.237693, -0.883701, 1
0.615045, 0.387644, 0
-0.110219, 0.014478, 1
-0.371146, -0.895747, 1
0.191112, -0.595328, 0
0.271840, -0.852290, 1
0.649287, -0.411570, 1
-0.305774, 0.260997, 0
0.192931, -0.644024, 1
-0.356635, 0.325804, 1
0.488157, -0.772889, 1
0.063084, -0.749536, 1
-0.656590, -0.321871, 1
0.638107, -0.492867, 1
-0.347938, 0.589293, 0
-0.160021, 0.541842, 1
-0.396229, 0.468833, 1
0.873505, -0.082065, 1
0.506365, 0.474651, 0
0.526975, -0.667002, 1
0.470725, -0.778798, 1
0.593995, -0.336344, 0
-0.422822, -0.762641, 1
-0.535529, 0.052544, 1
-0.684202, -0.192119, 1
0.315014, -0.617265, 1
0.623825, 0.570673, 1
0.020123, 0.994974, 1
0.359097, -0.452902, 0
-0.672028, -0.170178, 1
-0.231700, 0.921966, 1
0.493478, 0.345478, 0
-0.840674, 0.482938, 1
0.410812, -0.376203, 0
-0.464518, 0.726610, 0
0.431678, -0.733844, 1
0.680515, -0.253309, 1
-0.351108, 0.223714, 0
-0.098316, -0.426531, 0
0.370684, -0.474491, 0
-0.855858, 0.312536, 0
0.196982, 0.042962, 0
-0.372275, -0.443922, 1
0.590060, -0.044304, 0
0.385900, -0.641640, 1
-0.122337, -0.120622, 1
0.703838, 0.036989, 0
-0.637684, 0.114650, 1
0.660785, -0.102202, 0
-0.158740, 0.092463, 1
0.163954, -0.478225, 0
0.745489, -0.259162, 1
-0.613685, 0.116173, 1
0.266348, -0.469542, 0
-0.571291, 0.289188, 1
0.163208, 0.625691, 0
-0.253371, 0.567669, 1
-0.719429, 0.624292, 1
-0.338719, -0.190638, 0
0.099059, -0.677934, 1
0.414529, -0.128885, 1
-0.537906, 0.253683, 1
-0.316039, -0.792417, 1
0.994522, 0.070276, 1
0.323756, 0.260870, 1
0.600734, 0.752465, 1
-0.449942, -0.236058, 0
0.378155, -0.117792, 1
-0.445125, 0.559924, 0
-0.195581, 0.301505, 0
0.127593, 0.084990, 0
-0.074203, 0.574639, 1
0.069399, 0.587078, 1
-0.891224, 0.323673, 0
-0.037722, -0.429130, 0
-0.422644, 0.646239, 0
-0.221547, -0.428122, 0
-0.283485, -0.897792, 1
0.081192, 0.232829, 0
0.265014, 0.636067, 0
-0.207247, -0.930568, 1
-0.062428, 0.920346, 1
0.154422, 0.863369, 1
0.494985, -0.776179, 1
0.450447, 0.878987, 1
-0.607722, 0.359591, 1
-0.316736, -0.067573, 0
0.071924, 0.260620, 0
-0.421334, 0.850376, 1
0.832498, 0.295182, 1
0.040087, 0.313066, 0
0.382498, 0.267262, 1
0.753185, -0.463080, 1
0.130631, 0.248170, 0
-0.239259, -0.418922, 0
0.127157, 0.153020, 0
0.940669, 0.097306, 1
0.654074, -0.376067, 1
0.884553, -0.391600, 1
-0.423626, 0.717051, 0
0.382297, 0.516012, 0
-0.663783, 0.430349, 0
-0.790365, 0.376303, 0
-0.256585, -0.460675, 0
0.209143, -0.874087, 1
0.806587, -0.037672, 1
-0.337167, -0.062782, 0
-0.789502, 0.423574, 0
0.518297, 0.337655, 0
-0.423406, 0.458966, 1
-0.565039, -0.769332, 1
-0.043335, 0.967451, 1
0.073095, 0.533039, 1
0.684502, -0.023324, 0
-0.938002, 0.066799, 0
-0.507312, -0.601786, 1
-0.502852, -0.297677, 1
0.774518, 0.240563, 1
0.241648, -0.016339, 0
0.366475, 0.048234, 1
0.452883, 0.503749, 0
-0.037285, 0.929103, 1
-0.739855, 0.045614, 1
-0.606203, 0.216810, 1
0.013066, 0.466892, 1
-0.250151, -0.302432, 0
-0.556432, -0.188153, 1
0.764367, -0.063744, 1
0.210061, -0.738485, 1
0.638579, -0.015421, 0
0.502078, -0.119774, 0
0.968240, -0.131446, 1
-0.102138, 0.913914, 1
0.417663, 0.564856, 0
-0.619778, -0.619622, 1
0.493958, -0.359633, 0
0.425992, 0.887756, 1
0.354648, -0.392974, 0
0.136626, 0.798216, 0
0.418873, -0.099007, 1
-0.265528, -0.371066, 0
0.162509, -0.626950, 1
0.613513, -0.335413, 0
0.253277, 0.581752, 0
0.533140, 0.181737, 0
0.495980, -0.568998, 1
0.095651, 0.566695, 1
-0.218252, -0.486686, 0
0.131551, 0.161970, 0
-0.106308, -0.374491, 0
-0.486735, 0.659514, 0
-0.241257, 0.867913, 1
0.666128, 0.685412, 1
-0.203638, -0.599400, 1
-0.226350, 0.927859, 1
0.509611, -0.843402, 1
0.208664, 0.005591, 0
-0.412399, -0.695685, 1
-0.427714, 0.369348, 1
-0.182370, 0.703837, 0
-0.468682, 0.711322, 0
-0.670654, -0.666345, 1
-0.968993, -0.157389, 1
-0.289477, -0.740291, 1
-0.314880, -0.623349, 1
-0.222749, -0.740533, 1
0.440353, 0.550902, 0
0.577829, 0.696937, 1
-0.779591, -0.213507, 1
-0.297472, -0.191991, 0
0.090809, 0.274814, 0
-0.021349, -0.291324, 1
0.619760, 0.307997, 0
0.042331, 0.650767, 0
-0.849392, 0.035500, 0
-0.559483, -0.138869, 1
0.295209, 0.125637, 1
0.237783, 0.240330, 1
0.565935, 0.687123, 1
-0.888718, 0.143764, 0
0.384060, -0.668309, 1
0.139700, 0.021066, 0
0.361402, 0.317058, 1
-0.070496, -0.659947, 1
0.648051, 0.068064, 0
-0.896436, -0.359452, 1
-0.340210, 0.398772, 1
-0.360897, -0.626696, 1
-0.579224, 0.478542, 0
0.826023, -0.467942, 1
-0.377694, 0.210083, 0
-0.136251, -0.447437, 0
0.573628, -0.341927, 0
0.320507, -0.496868, 0
-0.001873, 0.346241, 0
0.052396, -0.353823, 1
-0.585696, 0.252427, 1
-0.555164, -0.482132, 1
0.892975, 0.104625, 1
0.002198, -0.444257, 0
-0.967536, -0.085196, 1
-0.305357, -0.546760, 1
-0.606655, -0.479334, 1
-0.014702, 0.015651, 1
0.568214, 0.027421, 0
0.852497, 0.141842, 1
0.685494, 0.173004, 0
0.644974, -0.316380, 1
-0.480755, -0.302630, 1
0.329797, -0.066451, 1
0.451417, 0.842771, 1
-0.120742, 0.368058, 0
-0.203740, -0.381556, 0
0.139110, -0.027067, 0
-0.794744, -0.130140, 1
-0.178020, 0.773470, 0
0.897280, -0.325523, 1
-0.084687, 0.582774, 1
0.847481, -0.439713, 1
-0.733606, -0.633274, 1
0.257657, 0.596192, 0
0.300275, 0.207453, 1
0.370825, -0.248307, 1
0.050225, -0.749917, 1
-0.880249, -0.447844, 1
-0.913449, -0.072201, 1
-0.338004, -0.925814, 1
0.047119, -0.677340, 1
-0.329033, 0.869099, 1
-0.456424, 0.011443, 0
0.571731, -0.582585, 1
-0.242216, -0.170612, 1
-0.190248, 0.087066, 1
0.634515, -0.070498, 0
0.639222, 0.766054, 1
-0.026945, 0.725773, 0
-0.306148, 0.635051, 0
0.799958, -0.188744, 1
0.436158, -0.152923, 1
0.133916, -0.892876, 1
-0.283824, 0.230047, 0
-0.324629, 0.259752, 0
-0.758510, -0.173608, 1
0.243807, -0.591407, 0
-0.357392, 0.257414, 0
-0.533348, -0.320550, 1
-0.358154, 0.276404, 1
-0.794093, 0.405737, 0
-0.957586, 0.178961, 0
0.131510, -0.263734, 1
-0.185988, -0.068532, 1
0.547523, -0.749831, 1
0.778545, -0.318561, 1
-0.642706, -0.505279, 1
0.911486, 0.032665, 1
0.859056, 0.405283, 1
0.966196, 0.102863, 1
0.813876, -0.391195, 1
-0.639723, -0.719472, 1
0.288254, 0.002123, 1
0.556933, 0.054770, 0
0.278483, 0.762839, 0
-0.539493, 0.320897, 1
-0.058200, 0.592017, 1
-0.476515, 0.604686, 0
-0.713875, -0.636725, 1
-0.203248, -0.802390, 1
0.395940, -0.448775, 0
-0.649414, 0.254996, 1
-0.074413, -0.281863, 1
0.720260, 0.607845, 1
0.268612, -0.001257, 1
0.370684, 0.729119, 0
-0.680360, -0.687516, 1
0.321136, -0.623196, 1
-0.562447, -0.056596, 1
-0.534775, 0.833493, 1
0.494629, -0.184188, 0
0.088489, 0.451137, 1
0.132594, 0.446349, 1
0.221521, -0.941819, 1
-0.835515, 0.272434, 0
-0.119721, 0.540635, 1
-0.116512, -0.749037, 1
0.269754, 0.203128, 1
-0.436553, -0.409109, 1
0.579931, -0.368256, 0
-0.564487, 0.561421, 0
-0.293978, -0.417835, 0
0.829036, 0.143575, 1
0.525569, -0.705739, 1
-0.022932, 0.020198, 1
0.110072, -0.934442, 1
-0.528665, -0.757333, 1
0.511907, 0.692856, 1
-0.699152, 0.676392, 1
-0.034710, -0.427129, 0
-0.903469, 0.383261, 1
0.647752, -0.340021, 1
0.291723, -0.590335, 0
-0.008170, -0.381860, 0
0.141320, -0.482601, 0
-0.087599, -0.881612, 1
0.701788, -0.434012, 1
0.372244, -0.332922, 0
0.138859, -0.066619, 0
-0.487354, 0.252366, 1
0.378006, -0.390822, 0
-0.364373, 0.025758, 0
0.269156, -0.390221, 0
-0.746559, -0.439121, 1
0.019443, 0.042545, 1
0.660685, 0.699943, 1
-0.471329, -0.426914, 1
-0.924800, -0.139301, 1
0.426686, 0.070375, 1
-0.555934, -0.434455, 1
-0.996244, -0.043287, 1
0.817911, 0.381762, 1
0.565891, -0.546462, 1
-0.592480, -0.164953, 1
0.063316, -0.339039, 1
0.395926, -0.917241, 1
-0.905968, 0.364192, 1
0.654493, -0.377297, 1
-0.311029, -0.467164, 0
0.475102, -0.235829, 0
0.393535, 0.173233, 1
-0.458841, -0.179779, 0
-0.756393, -0.014775, 1
0.385766, -0.752636, 1
0.941938, 0.203677, 1
0.629126, 0.507829, 1
-0.657124, -0.279469, 1
-0.302393, 0.738802, 0
-0.196709, -0.598886, 1
0.693351, -0.102677, 0
0.765306, 0.347844, 1
0.520026, 0.702583, 1
-0.179332, -0.791003, 1
-0.026832, 0.628953, 0
0.469003, 0.514327, 0
-0.550826, 0.712611, 0
-0.500448, 0.834941, 1
0.038618, 0.589100, 1
0.949319, -0.304167, 1
0.625746, -0.707806, 1
0.416365, -0.676647, 1
-0.275533, 0.724347, 0
0.116978, -0.510227, 0
0.072191, -0.362996, 1
-0.154000, -0.572226, 0
0.333495, -0.494098, 0
0.370244, 0.833047, 1
-0.659158, 0.330218, 0
-0.725463, 0.379461, 0
-0.080682, -0.776144, 1
-0.483950, 0.491659, 0
-0.131583, -0.452954, 0
0.711315, 0.592884, 1
-0.728607, -0.171707, 1
-0.917343, 0.343584, 1
0.465297, -0.724988, 1
0.236443, -0.688703, 1
-0.297214, 0.425074, 1
-0.869535, -0.240486, 1
0.082707, 0.463960, 1
0.265415, -0.547049, 0
0.297007, 0.606258, 0
0.783170, 0.571543, 1
-0.014281, -0.297512, 1
0.795399, 0.061013, 1
0.247552, -0.688551, 1
-0.447328, -0.884030, 1
-0.141505, -0.736014, 1
0.708854, 0.129888, 0
0.092279, 0.791511, 0
-0.526528, -0.442424, 1
-0.131126, -0.230691, 1
0.134989, -0.000661, 0
0.528823, -0.782304, 1
-0.536701, -0.205762, 1
-0.329353, 0.760306, 0
-0.599504, -0.546183, 1
0.331849, 0.386215, 1
0.156305, 0.127248, 0
-0.552772, -0.596143, 1
0.438697, -0.000100, 1
-0.480173, -0.702807, 1
0.263886, -0.771319, 1
0.427081, -0.643834, 1
-0.086258, -0.913285, 1
0.610469, 0.782616, 1
-0.143976, -0.254541, 1
-0.218046, -0.615153, 1
-0.036845, 0.245253, 0
0.179085, 0.633802, 0
0.005559, 0.579581, 1
-0.034204, 0.243924, 0
0.464656, 0.413024, 0
0.647781, -0.096646, 0
0.200547, 0.676809, 0
-0.603711, -0.372372, 1
-0.471819, -0.053283, 0
-0.496805, -0.861349, 1
-0.270668, 0.359219, 1
-0.115891, 0.511287, 1
-0.243460, -0.076849, 1
0.481066, 0.762099, 1
-0.497268, 0.568685, 0
-0.187391, 0.564163, 1
-0.118448, -0.539610, 0
-0.532483, 0.294475, 1
-0.372002, 0.668064, 0
-0.028716, 0.024287, 1
-0.704309, 0.004259, 1
0.440767, -0.176127, 0
-0.037477, -0.319692, 1
0.303182, 0.846632, 1
-0.808405, 0.047248, 0
0.693896, -0.051865, 0
0.970399, 0.174962, 1
-0.289766, -0.526869, 1
-0.256353, -0.190259, 0
-0.626095, -0.176790, 1
-0.983355, -0.158578, 1
-0.882315, -0.355357, 1
-0.490514, 0.088970, 1
0.668929, -0.194823, 0
-0.906771, 0.109697, 0
0.053659, -0.408427, 0
-0.275487, -0.643159, 1
-0.561794, -0.083892, 1
0.404089, -0.867898, 1
0.864243, 0.374487, 1
0.307065, -0.425522, 0
0.384219, 0.789276, 1
0.606967, 0.758124, 1
-0.387513, 0.623612, 0
-0.400454, -0.269828, 0
-0.731746, 0.109032, 0
0.046880, 0.543260, 1
-0.865167, -0.318911, 1
-0.542620, -0.426961, 1
-0.294859, 0.461441, 1
-0.964081, 0.083574, 0
-0.127149, 0.669884, 0
0.178262, 0.485337, 1
0.293495, 0.777807, 0
-0.784490, 0.561750, 1
-0.113161, -0.965348, 1
0.498933, -0.198951, 0
-0.353647, -0.520859, 1
-0.415312, 0.103733, 0
0.052180, -0.818114, 1
-0.034798, 0.757321, 0
0.284732, 0.832444, 1
0.099383, -0.842417, 1
0.502328, -0.722355, 1
0.642921, -0.204177, 0
-0.642427, -0.057708, 1
0.743703, 0.048672, 0
-0.433210, -0.671608, 1
-0.489722, 0.117607, 1
0.376292, -0.846395, 1
0.318765, 0.145819, 1
0.832851, -0.396503, 1
-0.021736, -0.067765, 0
-0.238919, -0.519408, 0
0.209880, -0.595999, 0
0.276415, 0.265332, 1
-0.737569, 0.633988, 1
-0.058514, -0.394596, 0
-0.932287, 0.093890, 0
-0.775626, -0.422009, 1
-0.788503, 0.600666, 1
-0.268404, 0.530262, 1
-0.253515, -0.435553, 0
0.496682, -0.105160, 0
-0.794659, -0.293439, 1
0.298841, 0.481756, 1
0.115744, -0.820483, 1
0.716786, -0.393762, 1
-0.500948, -0.830904, 1
0.451725, 0.440537, 0
-0.225500, 0.519438, 1
-0.465572, -0.001126, 0
-0.902570, -0.254075, 1
-0.400460, -0.170974, 0
-0.723813, 0.346026, 0
0.393473, -0.590053, 1
0.070775, -0.109845, 0
0.304787, 0.276115, 1
0.596717, -0.396372, 1
-0.242129, 0.568610, 1
0.594091, -0.021095, 0
-0.952295, 0.045816, 0
-0.580558, -0.177795, 1
-0.434746, -0.046130, 0
0.821079, -0.337316, 1
0.699795, -0.579381, 1
0.766644, -0.114817, 1
-0.614071, -0.162581, 1
-0.886466, 0.372055, 0
-0.705656, -0.128595, 1
-0.059335, -0.540755, 0
-0.254980, -0.311208, 0
-0.659068, 0.224873, 1
-0.796222, -0.384894, 1
-0.019161, -0.376780, 0
0.437311, 0.546093, 0
0.577090, 0.258390, 0
-0.791223, 0.276885, 0
0.679008, 0.700487, 1
0.252867, 0.445653, 1
-0.414330, 0.638796, 0
-0.716928, -0.638992, 1
0.329512, -0.603394, 1
0.733063, 0.623855, 1
0.268012, -0.326272, 1
0.362520, -0.575968, 1
0.237905, 0.929922, 1
-0.640945, 0.441683, 0
-0.454972, 0.339893, 1
-0.114013, 0.641992, 0
0.240728, 0.094764, 0
-0.081123, -0.080263, 1
-0.204749, -0.828256, 1
-0.634610, 0.380921, 0
0.810540, -0.351539, 1
0.741929, 0.140051, 0
0.045068, 0.474993, 1
-0.236094, -0.686920, 1
-0.851279, -0.152993, 1
-0.673889, 0.511241, 0
0.271039, 0.564016, 0
0.441162, 0.630093, 0
0.005699, 0.986190, 1
-0.030014, 0.070601, 1
-0.287407, 0.209257, 0
-0.049263, 0.631470, 0
0.803214, -0.505617, 1
0.126909, 0.613754, 0
0.142845, -0.131162, 1
-0.246195, -0.812087, 1
-0.656169, 0.517712, 0
-0.499008, -0.507448, 1
-0.635282, -0.172896, 1
-0.608880, 0.444954, 0
0.265850, 0.396819, 1
0.431144, -0.764164, 1
-0.532579, 0.399673, 1
-0.908191, 0.180014, 0
-0.391070, 0.042546, 0
-0.188515, -0.262076, 1
-0.211466, -0.385301, 0
0.232308, 0.915443, 1
-0.771547, -0.624847, 1
-0.215719, -0.017742, 1
-0.436935, 0.128112, 0
-0.500031, 0.064057, 1
0.620664, -0.135313, 0
-0.499556, -0.717719, 1
0.069410, 0.766294, 0
0.679101, -0.499445, 1
0.326536, -0.490842, 0
0.136485, -0.861980, 1
0.247083, 0.925019, 1
-0.247281, -0.520610, 0
0.840462, -0.018828, 1
-0.145457, -0.375257, 0
0.752855, -0.536601, 1
-0.518335, 0.373518, 1
0.328086, -0.627173, 1
-0.002026, 0.828530, 0
-0.344892, -0.932616, 1
0.594824, -0.665791, 1
-0.432061, 0.596954, 0
-0.519270, -0.531833, 1
-0.022675, -0.172622, 1
-0.247603, -0.301995, 0
-0.296202, -0.407141, 0
0.679177, 0.558341, 1
0.217601, 0.642607, 0
-0.024051, -0.029544, 0
-0.656026, 0.434092, 0
0.830441, 0.341948, 1
0.262622, -0.514450, 0
0.409333, -0.142554, 1
-0.180242, 0.977272, 1
-0.545600, 0.300489, 1
0.107755, 0.422764, 1
-0.027328, 0.053041, 1
0.647172, 0.725069, 1
0.751047, -0.649029, 1
-0.682073, 0.430224, 0
0.072831, -0.114739, 0
-0.494016, 0.178836, 1
-0.657124, -0.150041, 1
-0.387072, -0.826683, 1
-0.341133, 0.601239, 0
-0.267003, 0.478625, 1
0.578511, 0.187397, 0
0.332690, 0.886869, 1
0.446714, -0.694638, 1
-0.060090, 0.093887, 1
0.444857, -0.651642, 1
-0.878819, 0.354169, 0
0.883886, 0.194011, 1
-0.760570, -0.610129, 1
-0.627152, -0.417694, 1
0.239829, -0.014224, 0
-0.244377, 0.431736, 1
-0.138674, 0.414490, 1
0.032976, 0.594323, 1
-0.106885, -0.388513, 0
-0.218281, 0.672229, 0
-0.364563, -0.885590, 1
-0.580229, -0.500992, 1
0.176038, -0.549798, 0
0.189965, -0.379104, 0
-0.201441, 0.311146, 0
-0.494843, -0.785505, 1
0.072316, -0.121995, 0
-0.203199, -0.687855, 1
0.743881, -0.274894, 1
-0.033086, -0.223143, 1
0.388344, 0.101148, 1
0.215558, 0.091357, 0
0.590365, 0.281970, 0
-0.914469, -0.219670, 1
0.902865, -0.115910, 1
0.566535, -0.403367, 0
-0.907574, -0.361149, 1
0.474638, -0.110773, 0
-0.049004, 0.338418, 0
-0.558349, -0.305122, 1
0.471734, -0.617047, 1
0.268595, -0.139922, 1
0.484102, -0.199146, 0
-0.116141, -0.300340, 1
0.892211, -0.010210, 1
-0.665011, 0.482576, 0
-0.728240, -0.579480, 1
0.304610, -0.645617, 1
-0.947444, -0.128855, 1
-0.048984, -0.855018, 1
0.509996, -0.574346, 1
0.034208, -0.539007, 0
0.764073, 0.475860, 1
0.155870, 0.827597, 0
-0.115575, -0.372395, 0
0.487682, 0.694652, 1
-0.046126, -0.628459, 1
-0.605688, -0.153915, 1
0.361331, -0.270699, 0
-0.671338, 0.633092, 0
0.149820, -0.408431, 0
0.807717, -0.545570, 1
-0.054048, 0.860273, 0
0.325575, 0.896968, 1
-0.677377, 0.039463, 1
0.296564, -0.913305, 1
-0.484677, -0.547566, 1
0.914292, 0.399748, 1
0.080039, -0.875157, 1
0.552768, -0.432279, 1
0.819495, -0.493358, 1
-0.060738, -0.786193, 1
0.352728, -0.699406, 1
-0.056892, 0.681389, 0
-0.452642, 0.218910, 1
0.115878, 0.606930, 0
-0.291496, 0.438500, 1
0.525196, 0.161716, 0
-0.542497, 0.439488, 0
-0.438536, 0.537542, 0
-0.894737, 0.383826, 1
-0.379126, 0.044525, 0
0.345119, -0.459259, 0
0.654992, 0.278804, 0
-0.366331, 0.927950, 1
0.020206, 0.181027, 0
0.146859, -0.378118, 0
0.053959, -0.737263, 1
0.701237, -0.124794, 0
0.767532, 0.226433, 1
-0.334079, -0.401614, 0
-0.287382, 0.867840, 1
0.614078, 0.333492, 0
-0.087635, 0.211711, 0
0.307095, -0.742516, 1
0.752452, -0.037914, 1
0.536288, -0.613879, 1
-0.109964, -0.443506, 0
0.178376, -0.378893, 0
-0.700368, 0.407188, 0
0.227302, -0.680684, 1
-0.082298, -0.861284, 1
-0.036188, -0.081080, 0
-0.050735, -0.729093, 1
0.176404, -0.298283, 1
0.232993, -0.287308, 1
0.087838, -0.876972, 1
0.269185, -0.345014, 0
0.276093, -0.540445, 0
-0.543542, -0.813094, 1
0.580950, 0.374160, 0
-0.674378, 0.704425, 1
0.004480, -0.667823, 1
0.251098, -0.608757, 1
-0.760801, -0.572498, 1
0.092960, 0.472192, 1
0.140193, -0.819202, 1
0.595220, -0.590621, 1
-0.164216, 0.755144, 0
-0.143060, -0.888123, 1
-0.785301, -0.288312, 1
0.771541, -0.324877, 1
-0.151169, 0.582309, 1
-0.637151, 0.305289, 1
-0.320551, -0.905163, 1
0.648224, 0.683929, 1
-0.572986, 0.090203, 1
0.652222, 0.678112, 1
-0.894387, -0.425594, 1
0.363613, 0.245807, 1
-0.244795, -0.041167, 1
0.655185, 0.590989, 1
-0.286023, -0.487875, 0
0.702866, -0.071325, 0
0.223813, 0.474407, 1
0.056716, 0.966648, 1
0.377934, -0.174069, 1
-0.079232, 0.558671, 1
0.741312, 0.347782, 1
-0.351126, 0.393534, 1
0.025893, -0.869681, 1
0.284955, 0.131507, 1
-0.295275, -0.351433, 0
-0.622686, 0.459930, 0
0.050919, -0.678622, 1
-0.455376, -0.246215, 0
0.250053, 0.768438, 0
-0.771808, -0.146149, 1
0.841082, 0.284908, 1
-0.179501, 0.219015, 0
-0.889161, -0.269054, 1
0.276398, 0.031606, 1
-0.710384, 0.017710, 1
-0.620612, -0.061510, 1
-0.588756, 0.405281, 0
0.068809, 0.696198, 0
-0.463212, 0.773535, 0
-0.655234, -0.085898, 1
0.233465, 0.952166, 1
-0.053399, -0.715617, 1
-0.726456, 0.491225, 0
0.038168, 0.523597, 1
0.259662, 0.266360, 1
-0.622552, 0.100744, 1
-0.448732, 0.197947, 1
-0.680240, -0.337893, 1
0.156999, 0.025112, 0
0.478382, -0.774192, 1
-0.070729, 0.232807, 0
0.018242, 0.875872, 1
0.517191, 0.291786, 0
0.367097, -0.444641, 0
-0.184617, -0.373241, 0
0.821719, 0.192832, 1
0.727504, -0.627013, 1
0.035094, -0.680329, 1
0.643421, -0.271193, 0
-0.461820, -0.742711, 1
-0.198092, 0.695179, 0
0.282401, -0.719710, 1
0.069787, 0.224731, 0
0.153137, -0.911971, 1
0.100603, -0.329672, 1
0.379816, -0.532300, 0
0.225687, -0.804801, 1
0.094459, 0.047406, 0
0.388031, -0.178037, 1
0.420394, 0.778809, 1
-0.130774, -0.544512, 0
0.184295, -0.363340, 1
-0.826845, 0.125834, 0
0.786682, 0.326292, 1
0.213864, -0.112715, 1
0.354985, 0.222306, 1
-0.211121, -0.550556, 0
0.271407, 0.690106, 0
-0.346720, 0.329888, 1
-0.309141, 0.423215, 1
0.316090, 0.022697, 1
0.475552, 0.582582, 0
0.275523, 0.531599, 0
-0.855466, 0.448678, 1
-0.342566, 0.931216, 1
-0.225030, 0.871297, 1
-0.181499, -0.228411, 1
-0.535023, -0.826514, 1
-0.377070, -0.736392, 1
0.430764, 0.894337, 1
0.440681, -0.311751, 0
0.429195, -0.868460, 1
-0.888536, -0.254714, 1
0.154237, 0.587016, 0
-0.672132, -0.570240, 1
0.118615, -0.527598, 0
-0.596383, -0.346593, 1
0.647346, 0.222118, 0
0.424997, -0.887678, 1
0.395603, 0.418892, 0
0.682500, -0.203058, 0
0.735521, 0.624106, 1
-0.363912, 0.164716, 0
0.755646, -0.252448, 1
0.910002, -0.090117, 1
0.339643, 0.453183, 1
-0.289728, 0.218081, 0
0.229232, 0.113889, 0
0.871488, -0.123422, 1
-0.663993, 0.296485, 0
-0.011100, 0.731611, 0
-0.284623, -0.644922, 1
0.750144, -0.602123, 1
0.152020, 0.663013, 0
0.610853, 0.769612, 1
-0.040449, -0.753060, 1
-0.065672, -0.284803, 1
-0.005507, -0.155670, 1
0.625080, 0.329061, 0
0.082201, -0.035277, 0
-0.217756, 0.792473, 0
-0.093638, -0.945709, 1
-0.111946, 0.242369, 0
0.350776, 0.876954, 1
-0.026020, -0.933847, 1
-0.767968, -0.275876, 1
-0.535970, 0.384051, 1
-0.612863, -0.501879, 1
-0.732268, 0.679047, 1
-0.755070, 0.202061, 0
-0.605757, 0.239423, 1
-0.431516, 0.128592, 0
-0.015955, 0.350728, 0
-0.078935, 0.166849, 0
0.362204, 0.827427, 1
0.221140, -0.749743, 1
0.069796, -0.428084, 0
-0.361931, -0.640757, 1
-0.232100, 0.102098, 0
0.743294, 0.155037, 0
0.600219, -0.537210, 1
0.153026, 0.867952, 1
-0.858163, 0.397956, 0
0.070012, -0.463920, 0
-0.362621, 0.116403, 0
-0.444597, 0.205863, 1
-0.755005, 0.539449, 0
-0.443410, 0.166060, 1
-0.293703, 0.918794, 1
-0.006513, 0.927437, 1
-0.500647, -0.703737, 1
-0.892940, 0.137421, 0
-0.344494, -0.125041, 0
-0.760480, -0.601200, 1
-0.138409, 0.183022, 0
0.707690, 0.003428, 0
-0.419022, -0.222297, 0
0.539509, 0.218358, 0
0.634361, -0.019190, 0
0.305161, -0.659342, 1
-0.100396, -0.701351, 1
-0.731905, 0.068656, 1
-0.638068, -0.232552, 1
0.364919, -0.531008, 0
0.343951, -0.855610, 1
-0.580775, 0.373947, 1
-0.443031, 0.691819, 0
-0.715756, 0.137948, 1
-0.530478, 0.823752, 1
-0.643695, -0.636372, 1
0.918664, -0.219474, 1
-0.497271, 0.553025, 0
0.893684, -0.339060, 1
0.729596, -0.531528, 1
-0.070773, 0.094515, 1
-0.062536, -0.165903, 1
0.114939, -0.718585, 1
-0.021513, 0.534164, 1
0.655363, -0.037384, 0
-0.185021, -0.787668, 1
-0.345565, 0.099223, 0
0.350280, 0.123957, 1
-0.077024, 0.706585, 0
0.487585, -0.158360, 0
-0.605335, -0.751553, 1
-0.090613, 0.904745, 1
-0.549872, -0.361017, 1
-0.626783, 0.379355, 0
0.733498, 0.310681, 1
-0.786548, -0.151563, 1
0.592096, 0.191940, 0
-0.617399, 0.247459, 1
-0.845444, 0.197580, 0
0.459791, -0.191009, 0
-0.703197, -0.189929, 1
0.932948, 0.219779, 1
-0.483343, 0.420534, 1
-0.938581, 0.003767, 0
0.410848, -0.543916, 1
0.252214, 0.209053, 1
-0.255568, -0.838399, 1
0.113798, 0.194560, 0
-0.199416, 0.487015, 1
-0.426085, -0.465918, 1
-0.202304, -0.212633, 1
0.382519, -0.610208, 1
-0.037301, 0.097042, 1
-0.057147, 0.259503, 0
0.907114, -0.124198, 1
-0.520718, -0.576230, 1
-0.703665, -0.459300, 1
0.427538, 0.707184, 0
-0.003216, -0.320248, 1
-0.083763, 0.741216, 0
-0.158647, -0.969965, 1
-0.064224, 0.641938, 0
0.517050, 0.509691, 0
-0.702942, 0.558538, 0
-0.295462, -0.723635, 1
0.323658, -0.658211, 1
-0.589772, -0.713643, 1
0.438831, 0.353081, 0
0.545860, 0.345945, 0
0.769715, -0.474782, 1
-0.434158, 0.197253, 1
-0.767598, 0.562626, 1
0.877005, 0.148639, 1
0.303843, -0.281642, 1
0.178674, -0.760381, 1
-0.639704, -0.304276, 1
0.749310, -0.463685, 1
0.010470, -0.953631, 1
-0.677266, 0.418512, 0
-0.943204, -0.267038, 1
0.704869, 0.495627, 1
-0.913957, 0.250729, 0
-0.158428, -0.685074, 1
0.275871, -0.388713, 0
-0.159856, 0.841713, 0
0.808539, 0.072546, 1
0.404339, 0.685544, 0
-0.778815, -0.291818, 1
-0.596098, 0.399859, 0
-0.052199, -0.235802, 1
-0.904416, -0.302889, 1
0.300513, 0.106053, 1
-0.256520, 0.395367, 1
-0.178939, 0.066214, 1
-0.186121, -0.122143, 1
0.799176, -0.481253, 1
0.769476, 0.215056, 1
-0.799856, 0.045347, 0
0.826343, 0.040289, 1
-0.112940, 0.634882, 0
0.320426, -0.665980, 1
-0.000419, 0.724329, 0
-0.511473, 0.829463, 1
-0.355507, 0.789040, 0
-0.064484, 0.387973, 1
0.184407, 0.756577, 0
-0.365566, -0.746637, 1
-0.482967, 0.007918, 0
0.379015, -0.781084, 1
0.684199, 0.491849, 1
-0.489685, 0.004625, 0
0.825869, 0.509895, 1
-0.271046, 0.559748, 1
0.457277, 0.217481, 1
0.389210, -0.898230, 1
0.006521, -0.675274, 1
0.489743, -0.809072, 1
-0.810786, -0.284263, 1
-0.802706, -0.293753, 1
0.723655, -0.664124, 1
-0.007243, 0.946630, 1
-0.325398, -0.675387, 1
-0.456470, 0.680146, 0
0.545466, 0.053844, 0
-0.315229, 0.371335, 1
-0.436260, 0.413725, 1
-0.068917, -0.978983, 1
-0.368794, -0.679706, 1
-0.354980, 0.612530, 0
0.828655, -0.273677, 1
0.442061, 0.753755, 1
-0.275883, 0.165716, 0
0.112346, -0.235768, 1
-0.958513, 0.108293, 0
-0.182151, -0.414983, 0
-0.211561, -0.636685, 1
0.638861, 0.473210, 0
-0.113064, -0.334266, 0
-0.776383, 0.518142, 0
-0.013972, -0.653596, 1
0.155869, 0.631048, 0
0.958934, -0.015476, 1
-0.642629, 0.515395, 0
0.002394, 0.799432, 0
0.269149, 0.726511, 0
-0.034852, 0.358780, 0
0.185787, -0.059138, 0
0.304177, 0.708748, 0
0.447435, 0.038828, 1
0.852513, -0.309410, 1
-0.518630, 0.008382, 1
-0.678363, -0.559696, 1
0.955698, -0.004700, 1
-0.521559, 0.224848, 1
-0.278189, 0.443589, 1
-0.416372, -0.834805, 1
0.521083, -0.293360, 0
0.650066, -0.293131, 0
0.647502, 0.719954, 1
-0.318906, -0.048321, 0
0.428702, -0.871471, 1
-0.537100, 0.695069, 0
0.475017, -0.684587, 1
0.323794, -0.292704, 1
-0.603310, 0.316700, 1
0.386304, -0.647612, 1
0.577236, 0.033811, 0
0.308334, -0.839136, 1
0.199006, -0.170584, 1
-0.132497, -0.150929, 1
0.536285, -0.484995, 1
-0.430975, -0.782621, 1
-0.654091, 0.457191, 0
0.337778, -0.191191, 1
0.152259, -0.187205, 1
0.124221, 0.537917, 1
-0.230819, -0.551984, 1
-0.754787, 0.165871, 0
0.764716, 0.631517, 1
0.496262, 0.095495, 1
0.110528, -0.195404, 1
0.256359, -0.690467, 1
0.158605, 0.170297, 0
-0.361133, 0.727630, 0
0.387676, -0.894449, 1
0.562742, 0.063135, 0
-0.457606, -0.284999, 0
-0.747082, -0.354889, 1
-0.870352, 0.329241, 0
-0.575264, 0.066592, 1
-0.569494, 0.681095, 0
0.804957, -0.465270, 1
0.234815, -0.556176, 0
-0.737640, -0.377509, 1
0.050851, -0.101530, 0
-0.172883, -0.073219, 1
-0.434914, 0.080035, 0
0.571892, -0.320283, 0
0.578166, 0.382873, 0
-0.440935, 0.707814, 0
-0.287886, -0.484871, 0
0.333724, 0.136850, 1
0.581721, 0.764230, 1
-0.182055, -0.042154, 1
0.828748, -0.377098, 1
0.492576, 0.063563, 1
0.066726, 0.754936, 0
0.686054, 0.616101, 1
0.728217, -0.206496, 1
-0.059400, -0.444665, 0
0.720285, 0.505687, 1
0.635370, 0.292177, 0
-0.814596, 0.213536, 0
-0.324950, -0.255531, 0
-0.078650, 0.387165, 1
0.259598, -0.744925, 1
-0.475985, -0.158682, 0
-0.088385, 0.031588, 1
0.046677, -0.402331, 0
-0.352312, -0.210671, 0
-0.360201, -0.624095, 1
0.582833, 0.580400, 1
-0.068760, 0.303118, 0
0.086086, -0.433390, 0
-0.404705, 0.271490, 1
0.780146, 0.270346, 1
-0.342490, 0.275556, 0
-0.043429, 0.181526, 0
-0.883126, -0.024124, 1
-0.176071, -0.511652, 0
0.207780, 0.735544, 0
0.519935, -0.745544, 1
0.043786, -0.026987, 0
-0.456471, -0.373381, 1
-0.446588, 0.474769, 1
-0.089012, 0.821524, 0
0.795378, -0.073054, 1
-0.476980, -0.547111, 1
-0.797498, 0.479591, 0
0.634414, -0.680623, 1
-0.764584, 0.279396, 0
-0.353752, 0.443195, 1
0.014941, -0.833817, 1
0.697651, 0.348154, 0
-0.666193, -0.258563, 1
-0.678833, -0.122664, 1
0.368056, -0.125421, 1
-0.647895, 0.297793, 1
-0.485923, -0.606517, 1
0.822826, 0.425065, 1
-0.784993, 0.618204, 1
-0.647989, -0.261972, 1
-0.126110, -0.326914, 0
0.863408, 0.109306, 1
-0.447499, -0.032577, 0
-0.324161, -0.749848, 1
-0.684423, 0.009646, 1
-0.008411, -0.363256, 1
0.511323, -0.760913, 1
-0.367430, 0.480265, 1
0.450466, -0.152423, 0
0.098469, 0.802477, 0
0.585605, 0.169562, 0
-0.124930, 0.230881, 0
-0.523690, -0.261523, 1
-0.659813, -0.571207, 1
0.248133, -0.107312, 1
0.142840, 0.711793, 0
-0.066382, -0.865570, 1
-0.651463, -0.179400, 1
-0.505925, 0.859860, 1
0.059687, -0.848486, 1
0.631778, 0.335726, 0
-0.460166, -0.269752, 0
0.138203, -0.874561, 1
0.928663, -0.225120, 1
-0.273925, -0.595027, 1
0.513357, 0.066262, 0
-0.166234, -0.238510, 1
-0.314538, 0.101790, 0
0.236220, -0.709689, 1
-0.560320, 0.730295, 0
-0.849829, 0.499366, 1
0.191623, 0.513587, 1
0.371158, 0.731457, 0
-0.756165, -0.490639, 1
-0.081476, -0.269371, 1
-0.809468, -0.568119, 1
0.796891, 0.024298, 1
0.193371, 0.755840, 0
0.254280, 0.878833, 1
-0.142370, 0.196054, 0
0.436959, 0.705953, 0
0.671968, -0.371418, 1
0.219541, 0.043126, 0
-0.639962, 0.463376, 0
0.552487, -0.783066, 1
0.607020, 0.557041, 1
-0.042574, -0.915439, 1
0.217323, -0.849203, 1
0.840401, -0.528397, 1
0.667657, 0.527544, 1
-0.208120, 0.154022, 0
0.465136, -0.383975, 0
-0.209442, -0.097905, 1
-0.678022, -0.537474, 1
0.530677, 0.541519, 0
0.004894, 0.058138, 1
-0.892350, -0.388085, 1
-0.384821, -0.889858, 1
0.137459, -0.097150, 0
-0.012590, 0.520491, 1
-0.754318, -0.172189, 1
0.525841, 0.659750, 1
-0.186228, 0.267993, 0
-0.066254, 0.604330, 1
-0.829912, 0.255724, 0
-0.202757, 0.572508, 1
0.591481, 0.802137, 1
-0.369353, 0.699130, 0
-0.585948, 0.245826, 1
0.809273, 0.551511, 1
0.646396, 0.136086, 0
-0.832609, 0.489738, 1
0.238241, -0.258794, 1
0.702877, 0.408329, 1
0.109094, -0.205827, 1
0.342242, -0.299425, 0
-0.600295, 0.010361, 1
0.218714, -0.791022, 1
-0.438128, 0.367390, 1
0.579373, -0.732262, 1
0.957111, -0.135853, 1
-0.037306, 0.476226, 1
-0.494223, -0.334429, 1
-0.115445, -0.497294, 0
0.296879, 0.777546, 0
-0.305776, 0.893189, 1
0.750434, 0.093929, 0
-0.096449, -0.030852, 1
0.302907, 0.465423, 1
-0.663462, 0.624325, 0
0.673691, -0.159986, 0
0.578674, 0.774037, 1
0.307387, 0.158046, 1
-0.958225, 0.264498, 1
0.029069, -0.015113, 0
0.755986, 0.534845, 1
0.650458, -0.359459, 1
-0.365810, 0.334431, 1
0.863308, 0.328414, 1
0.227620, 0.613742, 0
-0.417110, 0.725250, 0
0.596593, -0.080572, 0
0.349575, 0.270284, 1
0.759442, -0.071751, 1
0.044322, 0.066829, 0
-0.913705, 0.086096, 0
0.365856, 0.360396, 1
0.093377, 0.121842, 0
-0.104759, -0.256165, 1
0.762383, -0.067207, 1
-0.170403, -0.603428, 1
-0.732776, -0.307095, 1
0.724986, 0.494845, 1
0.626015, -0.110464, 0
0.872579, 0.222609, 1
0.808964, 0.222154, 1
-0.507107, 0.568406, 0
-0.364765, -0.763301, 1
-0.376689, -0.033438, 0
-0.673043, 0.438564, 0
0.111009, 0.222199, 0
-0.817601, -0.126608, 1
-0.845008, 0.011996, 0
0.269965, -0.577784, 0
0.704901, -0.005049, 0
0.142280, 0.543076, 1
-0.098915, 0.014859, 1
-0.234315, -0.289951, 0
-0.762987, 0.258578, 0
-0.721545, -0.612584, 1
-0.204208, -0.086311, 1
-0.375885, 0.419103, 1
0.880251, -0.030698, 1
0.408270, -0.792792, 1
-0.592133, -0.480720, 1
0.429407, -0.409734, 0
0.392672, 0.584399, 0
0.602262, -0.337363, 0
0.318712, -0.200133, 1
0.466752, -0.780203, 1
-0.070155, -0.948262, 1
0.491015, 0.208300, 0
-0.560846, -0.713193, 1
-0.878011, 0.063269, 0
-0.967429, 0.114180, 0
-0.790551, -0.559562, 1
0.633460, 0.638856, 1
0.030704, 0.026132, 1
0.223255, -0.367034, 0
0.688768, 0.229870, 0
0.153547, 0.258842, 0
-0.853777, -0.379701, 1
-0.147264, -0.591516, 1
0.616784, -0.548159, 1
-0.369442, 0.738773, 0
0.515110, -0.663532, 1
0.741013, 0.547682, 1
0.988120, 0.084108, 1
0.589318, 0.018824, 0
-0.889760, -0.187427, 1
0.145364, 0.195990, 0
-0.149238, 0.291587, 0
0.252535, -0.330975, 1
-0.262116, 0.265222, 0
0.012777, -0.645333, 1
0.717063, 0.643335, 1
-0.906560, 0.232174, 0
-0.220144, 0.430452, 1
0.784915, -0.232025, 1
-0.485440, 0.374232, 1
0.786799, -0.375200, 1
-0.813195, 0.438589, 0
-0.576191, -0.770752, 1
0.030509, 0.569173, 1
0.425237, 0.881270, 1
-0.139241, 0.241526, 0
0.910552, -0.051446, 1
0.378516, -0.076672, 1
0.303221, 0.095580, 1
-0.433337, 0.396661, 1
-0.672247, -0.453534, 1
0.231114, 0.107609, 0
0.976918, 0.016029, 1
-0.609738, 0.662384, 0
0.116279, -0.422934, 0
0.100973, 0.540087, 1
-0.193686, -0.868519, 1
0.109260, -0.768448, 1
0.473078, -0.776578, 1
-0.916686, 0.383629, 1
0.171976, 0.461830, 1
-0.693042, -0.524803, 1
-0.442590, -0.126379, 0
0.871859, -0.114837, 1
0.420087, 0.102973, 1
0.530740, 0.004763, 0
0.086330, -0.368287, 1
-0.236805, 0.654110, 0
-0.875804, -0.224054, 1
0.624130, 0.597274, 1
-0.000632, 0.707443, 0
-0.019096, -0.828656, 1
0.169274, 0.287861, 1
-0.353458, 0.726684, 0
-0.838518, -0.481600, 1
-0.388153, 0.581569, 0
0.621374, -0.395380, 1
-0.021426, 0.740376, 0
-0.527024, -0.132942, 1
0.871821, 0.335970, 1
-0.364570, -0.583328, 1
0.228614, 0.398624, 1
-0.929218, 0.352811, 1
-0.049915, 0.173939, 0
0.345283, -0.428371, 0
-0.701688, 0.380332, 0
-0.489774, -0.089840, 0
-0.038099, -0.868401, 1
-0.192467, -0.878386, 1
0.457584, -0.373098, 0
0.096026, -0.313801, 1
-0.974473, 0.166808, 1
-0.138280, -0.010905, 1
0.374036, -0.735925, 1
-0.079917, -0.280680, 1
-0.164296, -0.861067, 1
-0.288855, 0.134017, 0
0.519265, 0.221371, 0
0.352970, 0.558955, 0
-0.578359, 0.224945, 1
0.546710, 0.229174, 0
0.346559, 0.538183, 0
0.908528, -0.195857, 1
-0.834915, 0.004554, 0
0.490342, -0.809388, 1
-0.828638, 0.529352, 1
-0.609291, 0.033082, 1
-0.481554, 0.764746, 0
0.297157, 0.438530, 1
0.577463, 0.195211, 0
0.266877, 0.096728, 1
-0.583418, 0.311053, 1
0.577893, 0.769551, 1
-0.005504, -0.583281, 0
0.228708, -0.658945, 1
0.954902, 0.137235, 1
0.145198, -0.880013, 1
-0.858211, -0.364460, 1
-0.689401, -0.686849, 1
-0.835108, -0.298692, 1
0.346233, -0.316662, 0
-0.533946, -0.356610, 1
-0.878132, -0.049880, 1
-0.223749, 0.699331, 0
-0.203941, -0.438088, 0
0.354182, -0.626048, 1
-0.626514, 0.325959, 1
-0.359091, 0.602193, 0
0.667014, -0.404189, 1
-0.260571, -0.187788, 0
-0.284202, -0.118782, 0
0.447753, 0.026397, 1
0.194369, 0.612645, 0
0.727705, -0.459398, 1
0.183992, -0.582149, 0
0.143880, 0.960243, 1
-0.882818, 0.289211, 0
0.851123, 0.357552, 1
0.287193, -0.817413, 1
0.581742, 0.660679, 1
0.508546, -0.777349, 1
0.262872, 0.175560, 1
-0.116481, 0.435525, 1
0.048170, -0.711637, 1
-0.381510, 0.344153, 1
-0.517877, 0.802482, 1
0.762005, 0.626003, 1
-0.084787, 0.766095, 0
-0.207572, -0.233663, 1
0.123648, -0.920379, 1
-0.051077, -0.294610, 1
0.740299, -0.542531, 1
-0.071959, 0.003171, 1
0.633030, 0.746504, 1
0.005472, 0.620803, 1
0.280764, 0.888991, 1
0.056328, 0.841421, 0
-0.870216, -0.414631, 1
0.448651, -0.388093, 0
-0.612149, 0.210656, 1
0.089843, 0.153123, 0
0.919460, 0.040319, 1
0.961892, -0.131617, 1
0.325852, -0.326250, 0
-0.294638, -0.041118, 0
-0.579746, 0.710834, 0
-0.420315, 0.701017, 0
0.599826, 0.636013, 1
0.542439, 0.566705, 0
-0.847926, 0.189162, 0
-0.715870, -0.460074, 1
-0.600181, -0.477960, 1
-0.309498, 0.489662, 1
0.675163, -0.392827, 1
0.371933, 0.594622, 0
0.647492, 0.333824, 0
-0.536995, 0.393201, 1
0.036015, 0.788858, 0
-0.252260, -0.512795, 0
0.452212, 0.327425, 0
-0.811778, 0.052037, 0
-0.036562, 0.730661, 0
-0.381258, -0.296052, 0
0.402884, -0.229184, 0
0.310742, -0.707071, 1
-0.391583, 0.154524, 0
0.478839, -0.744091, 1
0.649110, 0.524363, 1
0.265741, -0.521557, 0
-0.796735, -0.282047, 1
0.769990, -0.230695, 1
0.473253, 0.525032, 0
0.159548, 0.366364, 1
0.212047, -0.529710, 0
0.659293, 0.421101, 0
-0.528466, 0.441884, 1
0.305318, 0.079950, 1
-0.403593, -0.215843, 0
0.335859, 0.084755, 1
-0.273998, -0.015031, 0
-0.390881, -0.543296, 1
-0.298971, 0.874859, 1
-0.064853, -0.095706, 1
-0.407188, -0.258985, 0
0.295781, -0.637198, 1
0.510320, 0.417930, 0
-0.248466, -0.016427, 1
-0.057038, 0.911082, 1
0.576109, -0.147094, 0
0.451114, -0.118574, 1
0.665583, 0.268716, 0
0.132277, -0.608415, 0
-0.151710, -0.045287, 1
0.616254, 0.783437, 1
-0.475548, 0.154789, 1
-0.427282, 0.323402, 1
0.018345, 0.515680, 1
0.234484, 0.368282, 1
0.670688, 0.615857, 1
0.377512, 0.246797, 1
-0.531237, -0.171374, 1
-0.123852, 0.793807, 0
0.749819, 0.033682, 0
-0.121266, 0.366074, 0
-0.182881, -0.262259, 1
0.575140, 0.341570, 0
0.376342, -0.534751, 0
0.470410, -0.605313, 1
-0.679249, 0.140481, 1
-0.101585, -0.210485, 1
0.969107, 0.026639, 1
0.191135, -0.154745, 1
-0.179554, -0.138529, 1
-0.146321, 0.005838, 1
-0.214509, -0.396501, 0
0.969572, -0.143361, 1
-0.598034, 0.544713, 0
0.691721, 0.574552, 1
-0.240255, 0.162131, 0
-0.127312, 0.290707, 0
-0.022708, -0.158204, 1
0.687050, 0.137791, 0
0.029898, -0.459270, 0
0.144228, -0.816851, 1
0.479613, 0.113801, 1
0.039788, 0.881580, 1
-0.341487, 0.237998, 0
-0.187450, -0.064179, 1
0.512365, -0.218211, 0
0.676496, 0.379390, 0
0.567168, 0.386684, 0
0.359494, -0.455541, 0
-0.287114, 0.915530, 1
-0.185371, 0.742784, 0
-0.543740, -0.041742, 1
0.558172, 0.600488, 1
0.141407, 0.037786, 0
-0.285711, -0.818804, 1
-0.080635, 0.372802, 0
0.419194, 0.095441, 1
-0.968737, 0.235401, 1
0.013532, 0.707758, 0
-0.385209, 0.527528, 1
-0.085788, 0.136040, 1
-0.273582, 0.142692, 0
-0.187122, 0.439304, 1
0.058222, 0.627508, 0
0.182088, 0.514481, 1
-0.414234, -0.259740, 0
0.114969, 0.727173, 0
0.908369, -0.302589, 1
0.202060, 0.327563, 1
0.792852, -0.074905, 1
0.559307, 0.824115, 1
-0.839504, -0.427161, 1
0.531873, -0.224713, 0
-0.899633, 0.308419, 0
-0.042755, 0.014580, 1
-0.555541, 0.683663, 0
-0.842729, 0.257337, 0
0.122967, 0.215493, 0
-0.115155, -0.694945, 1
-0.270026, 0.470611, 1
0.045315, 0.844944, 0
0.197784, -0.176639, 1
0.674201, 0.106153, 0
0.520772, -0.123739, 0
-0.566284, 0.313625, 1
0.137740, 0.961852, 1
-0.434137, -0.330387, 0
-0.262861, -0.333770, 0
0.680809, -0.577509, 1
0.378047, 0.838081, 1
0.679828, -0.498985, 1
0.053574, -0.435327, 0
-0.193930, 0.783548, 0
0.628492, 0.233069, 0
-0.325254, 0.302693, 1
-0.821046, -0.227062, 1
-0.234038, -0.353117, 0
0.942162, 0.331824, 1
0.316496, -0.320699, 0
-0.626315, 0.678864, 0
0.516944, 0.396847, 0
-0.747253, -0.429482, 1
0.961521, 0.058817, 1
-0.089798, 0.982559, 1
0.229873, 0.584948, 0
0.285252, 0.569095, 0
0.780467, 0.464207, 1
-0.657966, 0.289610, 0
0.444517, 0.107995, 1
-0.560181, 0.252988, 1
-0.452484, -0.560334, 1
0.661383, -0.555855, 1
0.502962, -0.441734, 0
0.619708, -0.586836, 1
-0.459175, -0.150418, 0
-0.581323, 0.778579, 1
0.290283, -0.239290, 1
0.068189, -0.265200, 1
0.868706, 0.004681, 1
-0.253602, -0.194814, 0
-0.372874, -0.136865, 0
0.069721, -0.181476, 1
-0.503184, -0.268896, 1
0.262669, -0.298985, 1
-0.645992, -0.234369, 1
0.178795, 0.800105, 0
-0.176702, 0.176908, 0
0.626182, 0.241975, 0
-0.044513, -0.083535, 1
0.028358, 0.772745, 0
-0.820085, 0.286028, 0
0.960205, -0.073687, 1
-0.908787, -0.412669, 1
0.789448, 0.160935, 1
0.405854, -0.713737, 1
0.892039, -0.331477, 1
-0.012722, -0.753953, 1
0.434154, -0.753441, 1
-0.780237, -0.387051, 1
-0.953335, 0.043061, 0
-0.714964, -0.254656, 1
-0.410688, -0.712279, 1
-0.230980, -0.759422, 1
0.083405, 0.973528, 1
0.265340, 0.174619, 1
-0.439141, 0.054788, 0
0.341051, -0.772407, 1
-0.364764, -0.671671, 1
-0.425111, -0.306597, 0
-0.317662, -0.378447, 0
0.736465, -0.527805, 1
0.217538, -0.116288, 1
0.124290, -0.531667, 0
0.783936, 0.137612, 1
-0.192640, -0.132658, 1
0.111140, -0.927300, 1
0.127487, -0.622486, 0
0.638712, -0.531462, 1
-0.394893, -0.726052, 1
-0.203133, 0.078747, 1
-0.656663, 0.371756, 0
0.772150, 0.025676, 1
0.497870, -0.712290, 1
0.530115, -0.284591, 0
0.171422, 0.839336, 0
-0.298033, -0.704288, 1
-0.692331, -0.514096, 1
0.433324, 0.115029, 1
0.353245, -0.455536, 0
0.187728, 0.395205, 1
-0.216246, -0.622174, 1
0.456573, -0.527540, 1
-0.047623, 0.228723, 0
0.498135, -0.054314, 0
-0.262663, -0.003994, 0
0.233396, -0.732548, 1
0.711415, -0.595182, 1
-0.299470, -0.585542, 1
-0.100715, -0.866146, 1
0.529487, -0.747470, 1
-0.321682, -0.282785, 0
0.647735, -0.105219, 0
0.032431, 0.420455, 1
-0.250044, 0.816185, 0
0.798281, -0.120921, 1
0.396806, 0.254853, 1
0.351538, -0.650817, 1
-0.516424, -0.150326, 1
0.294869, 0.220914, 1
0.845679, -0.471735, 1
0.488366, 0.557094, 0
-0.066917, 0.595155, 1
-0.990387, -0.130239, 1
0.767467, 0.539100, 1
0.122291, -0.554215, 0
-0.743685, -0.229973, 1
0.340567, 0.288747, 1
0.104931, 0.988762, 1
-0.030398, -0.498263, 0
0.243615, -0.678860, 1
-0.149080, 0.727192, 0
0.170813, -0.854210, 1
-0.051895, 0.016493, 1
-0.325945, -0.563529, 1
-0.426413, 0.607138, 0
0.240751, -0.958761, 1
0.413823, 0.008218, 1
0.580339, -0.463886, 1
0.454004, 0.836655, 1
0.306141, -0.205430, 1
0.125401, 0.496622, 1
-0.114907, -0.769667, 1
0.485384, 0.854695, 1
-0.267930, -0.271000, 0
-0.543809, 0.346648, 1
0.728780, 0.404296, 1
-0.636859, -0.597165, 1
0.840768, -0.063273, 1
0.480789, 0.250725, 0
0.913633, -0.105388, 1
-0.741057, 0.493972, 0
0.430727, 0.712947, 1
0.330627, -0.263132, 1
-0.492483, -0.543972, 1
-0.766510, 0.392610, 0
-0.313639, 0.718874, 0
0.247305, 0.418431, 1
-0.552126, 0.423140, 1
0.001421, -0.095935, 0
-0.230212, -0.269799, 0
-0.691639, 0.132928, 1
0.133036, -0.850871, 1
-0.930345, 0.143009, 0
-0.554943, -0.347324, 1
0.429127, 0.875784, 1
-0.634377, -0.240246, 1
-0.387348, -0.126860, 0
0.215782, -0.153859, 1
-0.434985, 0.513055, 1
0.320573, 0.012889, 1
-0.063805, -0.678007, 1
0.052194, -0.774685, 1
-0.161089, -0.814770, 1
-0.625556, -0.091434, 1
0.328238, -0.604033, 1
-0.540989, 0.721972, 0
-0.668878, -0.095932, 1
-0.625352, 0.760249, 1
-0.220148, -0.259729, 0
-0.479997, 0.392504, 1
0.613411, 0.735784, 1
0.637926, -0.196340, 0
0.392216, -0.041501, 1
0.280492, 0.733503, 0
0.958819, -0.126696, 1
-0.482084, -0.666737, 1
-0.270770, -0.759119, 1
0.568127, 0.060352, 0
0.144950, 0.942775, 1
-0.179399, 0.924802, 1
-0.316954, 0.340603, 1
0.317305, -0.703543, 1
0.076388, 0.555951, 1
-0.824382, -0.285686, 1
-0.640389, 0.567835, 0
0.896246, -0.046694, 1
0.285992, 0.868483, 1
-0.196056, 0.803909, 0
-0.798254, -0.414186, 1
0.650064, -0.069024, 0
-0.173304, 0.218190, 0
0.160965, -0.188072, 1
-0.847468, 0.213753, 0
-0.859532, 0.228919, 0
-0.230297, -0.683913, 1
0.943234, 0.129314, 1
0.305474, 0.780167, 0
-0.430647, 0.215138, 1
0.083621, -0.485249, 0
0.659254, 0.285366, 0
0.100565, 0.309317, 0
-0.472492, -0.792331, 1
0.019597, 0.795354, 0
0.532484, 0.172129, 0
0.009106, 0.672953, 0
-0.598952, 0.778810, 1
-0.091876, 0.872960, 0
0.653127, -0.470319, 1
0.428736, 0.363934, 0
-0.614974, -0.487643, 1
0.797723, -0.020750, 1
-0.093489, 0.881105, 1
-0.778266, -0.194582, 1
0.569578, 0.241331, 0
-0.399229, 0.102063, 0
-0.586540, 0.609878, 0
-0.224985, -0.185492, 1
0.388687, -0.235946, 1
0.158790, -0.703189, 1
-0.362985, 0.119119, 0
-0.489591, -0.709858, 1
-0.548499, 0.532761, 0
-0.487989, 0.431705, 1
-0.736711, 0.418523, 0
0.312810, -0.514977, 0
-0.776060, -0.117611, 1
0.726355, -0.175288, 1
-0.565410, -0.240533, 1
-0.045677, 0.823277, 0
0.232233, -0.369503, 0
-0.549322, -0.118967, 1
-0.430359, -0.895246, 1
-0.085140, 0.021143, 1
0.637515, -0.007033, 0
0.270367, -0.850473, 1
-0.575328, 0.533656, 0
0.568049, 0.737483, 1
-0.380129, 0.745034, 0
-0.383299, -0.395678, 0
0.884849, 0.051291, 1
0.363789, -0.160828, 1
-0.125432, -0.112690, 1
-0.047714, -0.005344, 1
0.047846, -0.815482, 1
0.625153, 0.498524, 0
0.065552, -0.805206, 1
0.215937, 0.240793, 1
-0.026621, -0.513696, 0
0.390320, 0.398052, 1
-0.980040, -0.041631, 1
0.135534, -0.961361, 1
-0.249641, 0.755405, 0
0.783673, 0.367060, 1
-0.640272, 0.668522, 0
-0.581649, 0.723517, 0
-0.492306, 0.292919, 1
-0.389173, 0.459979, 1
-0.712425, 0.658673, 1
0.157197, -0.289950, 1
-0.892478, -0.239525, 1
-0.309539, 0.323459, 1
0.809763, 0.391588, 1
0.061892, 0.829723, 0
0.868362, 0.100315, 1
-0.532625, -0.687441, 1
0.320557, -0.114274, 1
-0.821355, -0.353097, 1
0.288230, -0.533779, 0
-0.694424, -0.067272, 1
-0.621051, 0.462772, 0
0.642777, -0.513528, 1
0.616103, 0.058971, 0
0.256397, 0.317779, 1
0.066375, 0.209228, 0
-0.030186, 0.533750, 1
0.521787, -0.709629, 1
-0.580524, 0.557862, 0
-0.881379, -0.401879, 1
-0.795235, 0.406850, 0
0.064342, -0.489659, 0
-0.660422, 0.443291, 0
-0.579125, -0.687328, 1
0.371643, -0.191194, 1
-0.873415, 0.069412, 0
0.837268, 0.096399, 1
-0.396838, 0.359055, 1
0.386770, 0.022638, 1
-0.083083, 0.505391, 1
0.620759, 0.121682, 0
-0.087759, -0.314898, 1
0.632023, 0.251819, 0
0.234174, -0.941844, 1
0.801496, 0.549768, 1
0.862440, 0.157238, 1
-0.740650, 0.234084, 0
0.331800, 0.699392, 0
0.189028, 0.934962, 1
0.058447, -0.424202, 0
-0.042400, 0.975365, 1
0.097047, -0.006571, 0
0.263461, -0.270930, 1
-0.754752, 0.391854, 0
-0.665795, 0.479422, 0
0.450010, -0.864299, 1
0.029190, 0.247860, 0
-0.641927, -0.108370, 1
-0.594902, -0.382578, 1
-0.120190, 0.987837, 1
-0.536229, -0.788390, 1
0.687230, 0.652799, 1
-0.853428, -0.254323, 1
-0.771403, 0.104171, 0
-0.278959, -0.690215, 1
0.303215, -0.054009, 1
-0.452842, 0.548463, 0
-0.662155, -0.118637, 1
0.027885, 0.787855, 0
0.017064, -0.942925, 1
0.035714, 0.375137, 1
-0.051295, 0.440813, 1
0.992559, 0.074419, 1
0.811955, -0.127631, 1
0.062256, -0.724274, 1
0.083979, -0.250514, 1
0.928525, 0.230551, 1
0.495163, -0.842878, 1
-0.036757, -0.418550, 0
0.318585, 0.301088, 1
0.462813, -0.653530, 1
0.088943, -0.520122, 0
0.855015, 0.352251, 1
-0.573330, 0.377424, 1
-0.280056, 0.488926, 1
-0.761588, 0.581676, 1
0.034473, 0.733575, 0
0.738798, 0.369195, 1
-0.434478, 0.294413, 1
0.640883, -0.260278, 0
-0.135621, -0.636772, 1
0.396680, -0.570152, 1
0.807273, -0.069254, 1
0.312276, 0.460423, 1
-0.265332, 0.550688, 1
0.042099, 0.769142, 0
0.284263, -0.219103, 1
0.138337, 0.234043, 0
-0.013398, -0.475216, 0
0.218114, -0.037570, 0
-0.125525, 0.783637, 0
-0.743157, -0.474746, 1
0.264975, -0.679815, 1
-0.316587, 0.338834, 1
-0.440797, -0.105785, 0
0.162183, -0.633524, 1
0.824961, -0.525541, 1
0.826899, -0.440371, 1
-0.974853, -0.131002, 1
-0.671229, 0.309410, 0
0.649895, 0.467108, 1
-0.456547, -0.363502, 1
0.598928, -0.133633, 0
0.391621, 0.357176, 1
0.753496, -0.343404, 1
0.677361, 0.695651, 1
-0.214049, -0.639226, 1
0.034485, 0.345153, 0
0.254989, -0.803332, 1
0.711629, 0.079950, 0
-0.328873, 0.538528, 1
0.639580, -0.303725, 0
0.435459, -0.450862, 0
-0.306081, 0.427351, 1
-0.689295, -0.707153, 1
0.213085, 0.902114, 1
-0.658064, -0.109554, 1
0.597765, 0.127886, 0
0.251220, -0.367750, 0
-0.526960, -0.493791, 1
-0.171082, -0.815331, 1
0.586160, 0.500045, 0
0.723197, 0.225740, 0
0.194091, -0.797996, 1
-0.811856, -0.370450, 1
-0.248858, -0.117936, 1
-0.943099, 0.061847, 0
0.174911, -0.649380, 1
-0.082244, 0.323528, 0
0.225642, -0.622105, 1
0.021288, -0.176593, 1
0.505781, -0.727492, 1
-0.221283, -0.715426, 1
0.414257, -0.065914, 1
0.087617, 0.471159, 1
0.821779, -0.086311, 1
0.044531, -0.188303, 1
0.635104, 0.741413, 1
-0.661674, 0.090760, 1
0.720233, 0.117043, 0
0.375334, 0.883722, 1
0.481920, 0.159953, 1
0.770408, 0.072537, 1
0.140892, 0.787817, 0
0.857244, 0.323835, 1
-0.742079, 0.080986, 0
-0.257339, -0.746147, 1
0.343513, -0.435561, 0
0.167543, -0.070432, 0
-0.577823, -0.787926, 1
0.741265, -0.342191, 1
-0.722108, 0.376369, 0
-0.600778, -0.383782, 1
0.002416, 0.773586, 0
0.467142, 0.554772, 0
0.416464, 0.725063, 1
-0.364241, -0.840875, 1
-0.276436, 0.146459, 0
-0.091160, 0.145741, 0
0.358532, -0.349895, 0
-0.747358, -0.506397, 1
-0.663934, -0.674595, 1
0.201085, 0.338481, 1
0.481788, 0.660393, 0
0.633766, -0.051070, 0
0.215165, 0.050230, 0
-0.326007, 0.850924, 1
0.209355, -0.347091, 1
0.799368, -0.260964, 1
0.078660, 0.157900, 0
0.389141, -0.117791, 1
-0.205675, 0.415615, 1
0.084980, 0.046967, 0
0.909218, 0.407207, 1
0.032871, -0.754716, 1
0.722759, 0.065553, 0
0.491995, 0.356524, 0
-0.593245, -0.311524, 1
-0.441916, 0.616110, 0
0.341386, -0.611720, 1
0.549029, 0.140754, 0
0.127316, -0.372311, 1
-0.701346, -0.483543, 1
0.509898, 0.092979, 0
0.406772, 0.670340, 0
0.566299, 0.129531, 0
-0.264107, 0.058294, 0
-0.513945, -0.249624, 1
0.765454, -0.107190, 1
0.438852, -0.676461, 1
-0.491081, -0.219762, 1
-0.288181, -0.942052, 1
-0.314363, -0.780354, 1
0.312624, -0.712335, 1
-0.209587, 0.452570, 1
-0.871044, -0.207502, 1
-0.374613, -0.784470, 1
0.161690, -0.378238, 0
0.151788, 0.647745, 0
0.372138, -0.082758, 1
-0.459446, -0.189009, 0
0.240781, 0.049474, 0
0.107422, 0.512220, 1
0.988594, 0.044490, 1
