0.780187, 3.073813, 1.282370, -5.573092, 2.034936, 0.137537, 5.304782, 0.536830, 0.582261, 5.416020, -1.858832, 2.894711, -0.204025, 3.227798, -0.369834, 2.866683, 1
0.171632, 3.483129, 4.216060, -2.756556, -1.870692, -1.887651, 3.987733, 7.376815, 1.269813, -0.168276, 0.761028, -0.313118, -1.350324, 1.067206, -0.799034, 1.923003, 1
4.842484, -2.558278, 0.660563, 1.921714, -2.489350, 4.413692, -0.610874, 0.224195, 2.341596, 2.853736, -2.836934, 5.769412, -0.173406, -6.862677, 6.869840, 0.734002, 1
1.965087, -1.418597, -2.445873, 0.869778, -1.031521, 3.971408, 0.682492, 5.364615, 0.875755, 4.027709, -0.110896, 4.277143, -4.524757, 1.280543, 1.035168, -0.413629, 1
-3.848813, 8.292665, 1.596934, 0.621685, 5.086726, 3.715659, 5.972804, 2.233174, 0.646814, 2.553405, 3.523070, 2.052421, -2.281190, -0.505126, 2.475532, -1.097060, 1
-7.949053, -1.612962, 4.047069, 4.542888, 5.718545, 0.209534, -1.705896, 1.934503, 0.958041, 2.122718, 3.494609, 1.240570, 0.339704, -3.953181, -3.397923, 1.381915, 1
1.979405, 1.662700, -4.627868, -5.931144, 0.815914, 0.789761, -0.845552, -0.167644, 1.738795, 5.899106, 3.090932, 1.166979, -4.247931, 5.564435, 3.405026, 2.132298, 1
2.774789, -1.570695, -0.911984, -0.292436, -5.687795, -0.314835, 2.064311, 7.472934, -1.931422, -0.474779, -0.079333, -5.459942, 0.666617, 1.656415, -2.433063, -3.844186, 1
-6.495461, 0.530497, -3.688838, 3.438136, 5.103133, 0.912152, -4.240892, -0.499810, 0.255634, 2.396113, -5.318010, -0.264205, -3.252873, 4.558419, -4.980369, 4.616176, 1
1.311763, 1.118878, -1.447376, 3.750897, 0.995507, -1.040954, 5.003556, -2.962136, 1.231277, -0.113112, -1.403550, 1.090983, 0.404589, -2.353369, 0.787256, 1.486129, 1
4.093144, -3.344755, 4.637773, -6.644098, 3.311383, 0.166185, 0.158087, 2.922992, 2.877444, -2.476518, 0.766861, 4.120753, 1.570317, 4.309134, 0.930519, 0.751809, 1
-1.594856, 5.393905, 4.791226, -6.007550, 0.199087, 3.692779, -3.173581, -3.076797, -1.176806, 0.911620, -0.266894, 2.453261, 4.560420, -1.490000, -3.431973, -2.169277, 1
3.381680, 1.826524, 4.265445, -3.466325, 0.374152, -1.821974, 1.454680, -2.333810, 2.124612, 2.769294, 5.081218, 0.530787, 2.039096, 3.832179, 0.896399, 4.663239, 1
6.741057, 1.449740, 2.546615, -2.383690, -1.805898, 7.590264, 3.303218, 1.383409, 0.783590, -6.260545, 5.261399, 5.309587, 3.525880, -1.701895, -2.051149, 4.474563, 1
-3.431841, -0.339411, 5.657750, -3.849774, 4.024442, 1.057730, 0.045005, 4.832768, 2.723462, -0.914837, 4.124434, -4.422757, -0.146804, 2.758630, 4.251864, 0.787277, 1
0.830803, 0.368091, 5.593425, 2.786029, -1.790948, 1.511018, 6.131894, 0.690099, 3.170436, 4.202931, -1.189514, -4.875607, -0.594112, -0.029122, -5.221819, 8.691323, 1
3.459002, -5.360554, 0.101514, 5.498857, -4.031481, 1.957067, 0.020449, -3.097980, -3.962746, 0.067999, 3.333072, 0.126246, 7.729405, 3.607213, 0.862954, -0.851576, 1
0.692173, -5.396605, 6.813325, 0.447814, 3.007335, 2.805167, 1.594188, 5.014510, -3.155505, 0.064415, -0.852890, -4.164539, -0.153660, 7.564385, -2.841939, 1.257346, 1
0.328143, -0.365148, -2.574875, 2.861617, -2.735096, 3.750159, -1.769184, -3.325941, 2.812785, 0.478229, 1.728683, -0.077884, 0.624555, -2.413987, -0.362350, 0.194105, 1
3.548102, 1.944806, 5.796338, 7.784101, -0.535229, 3.240193, 4.017999, -0.233768, 2.444425, -2.773032, 7.402568, -0.099559, -1.793324, 0.670329, 7.006188, 1.742078, 1
-4.197659, 3.760905, 3.066594, -1.764368, -2.245364, -1.312037, 0.569584, -0.579965, -0.480043, -4.501629, 3.526496, 0.116387, 0.844739, 2.477447, 2.756677, -1.964034, 1
2.998668, 5.947238, 1.185256, -1.143897, -2.153795, -2.784850, 1.823167, -2.005640, 0.213168, -4.460692, 3.261186, 0.562971, -5.103298, 4.018090, 2.286695, -3.769035, 1
4.813615, 1.896337, -2.160546, -2.454668, -2.340432, 0.721433, -1.005403, 8.159791, 2.171020, -1.809955, 5.082406, 4.871835, 2.753800, -1.061694, 0.939748, 0.494971, 1
1.683303, 3.829455, 1.810927, 0.006304, 3.490529, 2.496718, 2.251157, -1.333018, -3.064908, -0.565763, 2.206525, 4.551633, 3.552518, -2.328093, 0.535901, 5.197799, 1
1.993003, -2.351926, -2.979017, -0.387237, 0.763304, 2.172429, -4.788284, 1.092093, 2.839557, 2.074758, -3.535254, 1.102043, 0.324338, 2.829247, -3.584269, 0.050844, 1
-0.654070, 1.054649, -0.522481, -1.616479, 5.278562, 7.801988, 1.322224, 0.194336, 1.779620, 0.956155, 3.101375, 3.705249, 1.329611, -0.442630, 3.373181, 2.704663, 1
-0.995224, -4.536777, 4.732728, -4.834395, 0.797806, 1.817607, 2.872449, -5.856361, 1.824025, 6.639832, 6.123439, -3.724331, -0.766829, 3.123698, 6.438800, 1.939536, 1
1.327468, 2.666415, -0.387836, 1.799182, 3.914500, 2.416003, -0.471978, 1.220016, 4.639089, 1.137189, 0.044162, 0.850769, 2.624463, 7.722571, 0.800211, 0.620849, 1
4.032727, 1.812583, 1.886712, 1.521970, 2.915433, -5.285074, 3.653468, 3.118052, 1.301084, -3.070971, 4.077779, 3.310456, 0.627201, -3.873939, 4.613051, -3.718593, 1
-2.235593, 0.444020, 2.554877, 2.857631, -0.014525, -7.610962, 2.887750, 6.005599, -2.719520, 3.705579, -4.752382, -0.227014, 1.942483, 2.997746, -1.508953, 2.578410, 1
0.533967, 4.663058, 3.405795, 2.882409, 3.129323, 0.034018, 2.015801, 4.152717, -2.701498, 1.096247, -1.970443, -1.106899, 5.996261, 1.214584, -0.023715, -0.089150, 1
3.854804, 3.125998, 3.316560, 3.757586, 1.254232, 8.412154, 1.505347, -1.687393, 0.492970, -2.975155, -0.785492, 2.095761, 3.168462, -1.600397, -1.255097, 0.269943, 1
3.485990, 2.830499, 4.338866, 4.097747, 0.313700, 1.561816, 2.820233, 4.293172, 2.723910, -1.366089, -3.669823, -0.564144, -1.579535, 1.100242, 6.095464, -0.797461, 1
3.985988, -0.798731, 1.366078, -1.721981, 1.876548, -4.249369, 2.751241, 0.981458, 1.248109, 6.250695, -0.904228, -3.322323, -0.432243, 1.925981, 1.531812, 4.856479, 1
2.760468, 5.075479, -0.543989, 3.633933, -2.813495, -0.909482, 6.833146, 5.067470, 5.630177, 0.382698, 3.338841, 0.059090, -1.390168, 2.010419, 3.194562, 2.717669, 1
-1.174703, -2.870914, 1.307726, -7.273479, -2.894396, 6.567252, 1.173847, -0.504943, -0.043833, 3.338763, 0.011902, 0.693756, 6.215964, 3.496037, 4.497487, 4.700276, 1
-1.807462, -7.622100, -0.270254, 4.840859, 2.684302, -2.802664, -3.419402, -0.360362, 1.228590, 6.076304, 0.148838, 3.436936, 2.319596, 6.098828, 5.060616, 0.148821, 1
1.518725, -1.164581, -0.753247, 2.330144, 3.468024, 5.736686, 1.433026, 2.488847, 3.478982, -0.322244, 0.851784, 4.668944, -3.226657, 3.695458, 4.003346, 0.180124, 1
-1.168136, -4.803860, 0.454274, -0.132200, 4.927070, -6.432373, 2.142079, 0.255365, 4.548551, 2.307694, 2.329926, 0.011322, 3.721896, 1.004048, 3.522412, -1.384970, 1
2.675597, 1.305156, -1.547765, 0.853093, 5.156524, 3.108682, 4.450767, 6.784989, 2.103169, 0.488441, 2.368890, 1.043305, -0.557253, -3.808165, 2.273366, 3.474374, 1
1.345342, 8.533198, 1.162670, -6.429785, 2.664353, 4.093057, 0.269142, -2.211052, -2.096276, 2.004460, -2.987867, 3.886977, 3.599504, 1.613414, 1.004765, -2.515477, 1
5.445945, -1.988293, 1.083746, 1.251131, 1.824473, 4.007449, -1.362918, -4.989714, 3.369674, 4.502215, 2.230386, 0.721150, 2.320350, 6.618468, 0.650935, 2.737439, 1
0.968401, -2.241904, 0.826110, 2.194968, 0.371224, 9.053391, 5.428372, 2.486621, -4.607788, -2.648216, -2.548501, -0.291552, 6.132245, 1.289494, 5.417932, 1.577687, 1
1.125363, 5.698123, 4.417207, 5.205029, 6.480699, 3.969405, 0.445890, -7.209972, 2.545114, 0.622969, -2.099116, -2.412465, 4.795909, 0.554359, -3.532012, 0.877400, 1
5.998382, 2.805388, 3.221824, -2.606395, 2.461061, -1.184581, -4.288241, -0.212244, -2.943253, 1.231652, -4.746120, 2.186728, 5.087510, 0.719660, 2.171329, -3.453998, 1
-0.101693, -0.009085, -0.817105, 1.036931, 2.443713, -4.990506, -1.779796, 1.701137, 1.931014, 1.902137, 3.114501, 4.938300, 5.553405, 2.568538, -2.686498, -5.025529, 1
0.857685, 0.909121, -0.561202, 1.161460, 0.966611, -1.751101, -0.846871, 4.716935, -3.913734, -4.404972, 8.138747, 1.505233, -2.434985, -1.349134, -5.930356, 8.843631, 1
2.047866, -0.824115, -2.205144, 2.089137, -2.999907, 1.984084, 6.020246, -1.981505, 0.472682, 3.900760, 1.445628, -0.309947, 1.321956, 0.319303, -0.751468, 0.776850, 1
0.156062, 1.368699, 3.725150, 1.994788, 1.449307, -1.194793, 13.108249, 2.101684, -1.209476, 4.590009, -1.907146, -2.718423, 4.069461, 7.236730, -4.581740, -1.283193, 1
-4.758842, -1.082318, 7.132709, -0.852020, 1.314062, -4.451126, 3.834786, 0.306939, 3.709767, 3.573100, 1.851083, -0.375275, 4.259719, -5.851565, 0.329380, -6.454322, 1
3.121202, 1.177505, -1.411797, -0.126525, -4.200260, -4.895663, -0.997270, 5.205997, 2.993142, 0.725961, 2.514312, 5.302518, 2.812495, 3.093516, -3.056738, 3.094371, 1
-0.041154, -1.182523, 3.713166, 2.977878, 3.658551, 0.781682, -5.306222, -4.195513, 1.478904, -1.330261, 1.445796, 3.032636, 6.781236, 2.258899, -0.257247, 3.658513, 1
1.459474, -0.770472, 1.746381, -3.845758, -1.899387, 2.491744, 5.558242, -3.274404, 0.926271, 1.644929, 2.647128, 2.498689, -2.544590, 1.931573, -3.302632, -0.119128, 1
1.625411, 2.197761, 1.848100, 2.275702, 0.155859, 0.462727, 1.719882, 8.161361, -4.477480, 1.336619, -3.006862, -1.512535, 1.946738, -0.574899, 3.089467, 2.411841, 1
-0.791324, 2.656337, 4.368850, 5.395610, 1.183890, 3.031327, -1.144732, 3.425670, -3.597346, -1.334699, -2.417491, 2.122027, 4.111541, 3.268889, 0.947722, 1.101638, 1
-0.856483, 0.216524, 0.309040, -0.018061, 1.333529, 3.228827, -1.855521, 2.191327, 0.057554, -0.708153, 8.974385, 2.273816, -2.673867, -0.352524, 0.068184, 3.491988, 1
3.508761, -1.965296, -0.783992, 1.772464, 3.907725, -5.830331, -0.944788, -1.518926, 5.851382, -0.509634, -0.236527, -1.558756, -4.629003, 1.741334, -8.043482, -2.078267, 1
3.262958, 4.189239, 3.727767, 0.953854, 0.745199, -1.514377, -3.063056, 4.002479, 2.937562, 14.000596, -0.815593, -0.311826, -2.962186, -4.395752, 0.321466, 6.883674, 1
1.963166, -0.164344, 5.822446, 4.705422, 5.514958, 1.371007, 2.505507, -4.418048, 0.667324, -1.862022, 6.946052, -0.883916, -3.728165, -1.818645, 5.187476, 1.600057, 1
1.318017, -1.240833, -1.871377, -3.350844, 0.810578, 6.398591, -2.412182, 1.561521, -4.552521, 2.039842, -2.250838, 3.750373, 0.625384, 0.368244, -2.401431, 4.888442, 1
-3.528449, 3.042472, 1.629239, -1.370437, 1.035064, 3.672019, 1.615151, -3.602060, 0.502876, -0.344336, 2.814017, 7.215253, 1.518453, -3.331822, -2.859472, 4.986737, 1
-0.973307, 2.230910, 0.477042, -3.568690, 0.099282, 4.964448, 3.463153, 6.401309, 1.616025, -0.043001, -1.693675, -2.442402, 0.017213, 4.228314, -2.672505, 1.608899, 1
0.739635, 2.999492, 0.544516, 1.646863, 2.302148, -0.425263, 0.812924, 2.218743, -0.546916, 3.268405, -0.585072, 8.071071, -0.076644, 4.053418, 1.942014, -0.921098, 1
1.629426, 2.243596, 4.788899, -3.695482, 0.870279, 3.479526, 0.882425, 2.708388, 2.770755, 3.274713, 6.734635, 0.382374, 3.195136, 1.503900, -2.419073, 2.742372, 1
4.139766, -1.161221, 2.073676, -0.639388, 3.236672, 3.363763, -0.808549, 2.281392, 3.164298, -0.483122, 6.077640, 2.150220, 2.338975, -0.177027, 3.315818, 7.664618, 1
4.361648, -0.595976, 3.518149, 5.271651, 1.219451, 1.559630, -0.477924, 4.000232, 4.391246, 4.964272, 2.851144, 3.727784, -2.880211, 4.801555, 8.173993, 1.015471, 1
0.355011, 2.834926, -0.628522, 2.011580, -0.266805, 6.669383, 3.419757, 1.106780, 0.746331, -4.886004, 5.036771, 1.905929, -0.363459, 2.024264, -1.488160, -3.038655, 1
-0.132447, 1.671441, 1.004150, 7.893609, 5.377366, 1.705468, -1.523453, -0.814351, -0.730322, 0.657129, -0.412608, 1.285173, 2.331622, -1.859776, 0.981484, -1.668348, 1
4.147828, 1.036516, 3.209056, 2.882821, 6.121263, -0.627817, -0.914593, 9.148330, 5.004485, 8.408319, 1.648538, -0.363236, -1.267892, 3.334714, -3.806384, 5.094049, 1
3.926486, -0.741245, 2.530959, 6.937419, 0.893724, 1.092237, 2.310817, 3.643891, 1.855102, 1.069248, 2.335475, 1.195580, -3.706664, -0.291201, -2.872179, 7.468589, 1
-5.859372, 0.873690, 0.873701, -0.368860, -0.128165, -4.045228, 2.152352, -0.271062, -1.568314, 1.716777, 3.272613, 6.818070, -0.786808, 10.167895, -0.879498, 3.684596, 1
0.538294, -4.947711, 4.749244, 1.255669, 2.038638, 3.675704, 4.050025, 1.290234, 4.257771, -4.006544, -1.753605, 0.528429, -0.442536, -0.583088, -3.593067, 3.032481, 1
1.891360, 2.587247, 4.411870, 1.935700, -1.783581, -1.612102, 6.990024, 2.710389, 1.645684, 1.338087, -2.566832, 0.061236, 2.618876, 3.602052, -2.891099, 6.317813, 1
-4.278711, -2.662334, 0.344985, 5.068868, -5.363515, 1.656667, 1.884536, 2.020720, 1.837039, -0.222447, -1.640716, -0.028877, 5.786187, 4.308532, -0.251098, -3.598675, 1
-5.039873, 2.263293, -3.218121, -3.228071, 0.153292, 1.800885, -3.904757, -1.836158, -2.747570, -3.440084, -3.203526, 1.331842, 1.309427, -1.609769, -0.529148, 4.663466, 1
3.079358, -0.830894, 8.055839, -1.337516, -1.021725, 2.848714, -0.625424, 2.497743, 0.511136, 2.508504, 2.138783, -1.258264, 2.341065, 2.186519, -1.487160, 5.429456, 1
-0.307508, 2.566892, -0.491009, 4.077138, 1.129560, 0.852372, -0.673885, 2.977548, -3.608954, 0.186000, -0.470565, -0.621786, 1.970988, -0.650369, 5.932742, -1.004240, 1
-3.419469, 1.471869, -1.068192, -5.320178, -3.087418, -2.531200, 9.772906, 1.013328, 1.195717, -3.217046, 3.413232, -0.821656, -1.134951, 1.511542, -0.735648, 5.346377, 1
4.659919, -0.918550, 1.441096, 0.485137, -0.835889, -3.259771, -3.040416, -0.576400, -0.017474, 4.242070, -3.101513, 0.716593, -2.879727, 2.938901, -2.105558, -1.457799, 1
6.194007, -2.644744, 9.033664, -7.126150, 1.688586, 3.408988, 1.434867, 3.209504, -0.377745, 5.867997, 1.114268, 2.500550, 2.842057, 3.118356, 3.362058, -1.953061, 1
1.011195, 6.557672, 5.837295, 2.586822, 1.036278, 2.994323, -2.997914, 2.061673, -3.235448, -2.486406, 6.334918, -1.404256, 4.829072, 0.618535, 2.580504, 0.129673, 1
-3.171972, 1.031714, -2.160424, 4.584617, 6.935565, 0.396056, 2.791926, 4.948892, -5.386779, 0.421515, 2.190015, 3.608052, -1.036530, -3.233354, 1.489919, 8.620620, 1
0.568401, -1.780519, -0.495834, -0.125910, -5.724881, -0.134996, 3.945510, 1.907662, 3.615226, 6.496617, 1.439441, 1.461669, 1.699170, 6.584601, -3.872457, -1.197184, 1
-0.144784, -2.270885, -1.019938, 0.700420, -1.131954, 1.372726, 3.463408, 1.192243, 2.861470, -1.971616, 2.290963, 4.547774, 3.426589, 0.692797, 2.142529, -0.084834, 1
3.629708, 0.035006, -2.344069, 1.331982, 0.623610, -0.910699, 6.772727, -4.854639, 1.934733, 0.943838, -0.681091, 0.557317, -0.461607, -5.166360, 0.169409, 2.138448, 1
-0.577337, 1.874778, 2.572145, -2.701646, -0.230621, 3.406220, -4.457578, 1.561152, 2.961982, -2.072194, -2.235497, 10.557166, 2.439147, -0.871490, 2.221984, -1.672512, 1
-0.489043, -0.491563, -2.156287, 0.016410, 3.999064, 7.850438, 1.949710, 5.731168, -1.660285, -3.566796, 3.834346, 1.812041, -1.230805, 3.588523, -0.616180, 2.073405, 1
4.578185, 2.175826, 2.021071, 4.664027, 0.733345, -1.278654, 0.834332, 5.246129, 0.328737, -3.480391, 1.273843, 3.110171, 0.195361, 3.530377, -5.699405, 3.466775, 1
-0.320740, -1.171543, 0.900583, -0.621177, 0.443151, -1.327325, 1.676593, 0.622611, 4.257184, -3.010728, 1.235217, 5.846242, 1.142744, 2.625108, 3.886218, 0.204459, 1
0.569685, -0.355954, 0.035064, -0.652581, 1.019627, 1.900878, 4.541665, -0.469548, -2.503935, -0.383467, 5.949073, 2.064273, 7.167621, 0.162074, -1.778830, -3.236038, 1
1.495433, 1.150945, 3.606263, -2.309182, -1.095699, 1.309748, 1.954156, -0.178034, -3.342357, 4.260833, 0.017761, 3.953198, -0.202229, 2.199637, 4.653083, -1.106132, 1
4.877246, -5.701923, 3.151259, 1.253130, 0.448304, -0.533687, -4.189089, -2.219145, -1.225223, -0.469910, 2.384650, 5.834025, 0.043325, -1.183695, 3.014190, 1.641219, 1
-0.439031, 4.523921, 0.722114, -1.068161, 0.277082, 8.734818, 6.590516, 0.155900, 2.469268, 1.470908, 1.227072, -2.011331, -3.469777, -1.493292, -1.537002, -0.941576, 1
5.410874, 0.484230, -3.390749, -0.199385, 1.348486, 3.771686, -5.254314, -2.216751, 6.795493, 0.523642, -6.289576, 3.946664, -3.788260, -0.406687, 0.826555, 2.718247, 1
1.186231, 5.224977, 1.769717, 2.905971, -4.679812, 7.554255, -0.126477, 2.069715, 1.146356, 4.284947, -3.531374, 1.275535, 0.586981, 0.886699, 5.459207, 1.402812, 1
-2.025449, -1.021128, -5.537004, 2.490539, -1.831629, -0.423368, 2.764869, 3.242560, -3.871141, 4.849910, -2.604602, 2.986613, -3.414983, -0.185988, 7.277162, -1.556808, 1
7.910598, 7.474950, 1.822465, 2.522101, 0.815147, 2.507949, -1.892426, 4.666486, 5.062396, -2.527718, 0.031111, 2.655427, 1.467923, 4.414083, -2.490089, -2.563513, 1
-1.263217, -0.263960, -0.440627, 2.341680, 2.619079, 10.507142, -8.025137, 0.815379, -2.823545, 8.692885, -0.082240, 3.735951, 3.346095, -1.885284, -2.094117, 1.561324, 1
1.347067, -0.101282, -0.838640, -2.594368, 2.907084, 2.488460, 1.928084, 0.078757, -0.483890, 2.127425, 1.127329, 2.131236, 0.408265, -2.732968, 2.193004, -2.217946, 1
4.041781, 6.090007, 3.665172, 4.748353, -2.578396, 10.267097, 4.566512, 2.469850, 0.061950, 6.668399, -1.294048, 11.370954, 1.740064, 1.935870, -0.857481, -0.625355, 1
3.735330, 6.817630, 0.093333, 0.233426, 3.864461, 5.563891, 4.681535, -0.609243, -2.072742, -3.303951, 2.269006, -1.676151, -8.745852, 5.547915, 1.014938, -1.898273, 1
-0.362878, -4.720507, -2.483759, 5.506515, -0.334240, -4.508081, 3.060935, 4.699651, 1.272312, -0.098190, 2.923316, 2.664584, -3.472784, 1.015262, 6.489646, 0.830310, 1
-3.268579, 9.524018, 2.524016, -1.480803, 1.040721, 3.694402, 2.124179, 0.038391, 3.814696, -0.585545, -0.406199, 3.976516, -1.609595, 1.027331, 1.934842, -2.420770, 1
1.204935, 3.895316, 2.998141, 3.440492, -2.229738, 0.937455, 1.168893, -1.265389, -1.045239, 3.002564, 4.531569, 0.350001, -3.720358, 4.475636, -4.899320, 3.389876, 1
1.631591, -0.939578, 2.818437, 1.715144, 1.150461, -0.205489, 6.461139, -0.123199, -1.361794, -1.950720, 1.901383, 1.948253, 2.325820, 1.982968, -5.250283, -1.040114, 1
5.331492, -1.686611, 1.984982, 6.666341, 5.973916, -0.509228, 3.559966, 2.861426, 2.025453, 0.769201, -1.480479, -4.429277, -3.053821, 2.774756, -0.245815, 0.109797, 1
3.065782, 4.617972, -3.105547, 4.177745, -0.506371, 2.045165, 2.765622, -2.061476, -2.842683, 3.097243, 4.805245, 6.151696, 4.782481, -5.100430, -1.949802, 4.604072, 1
6.133348, -2.409831, -0.882687, 0.012507, -4.162768, 0.501140, -3.486391, 0.431549, -1.847573, -3.143544, -3.688281, -1.208756, -2.334477, 3.001964, 0.872533, 5.394042, 1
3.204101, 4.279647, -2.483932, 0.914590, -0.993873, 4.145719, 5.585490, 2.240066, -1.026860, -0.875708, 3.889859, -0.404138, -0.094329, -0.598079, 0.821004, 4.645135, 1
-0.455116, -1.292826, 1.968814, 1.502091, 2.512763, 1.297212, 0.687934, 1.041857, 6.320495, 5.322881, 1.236266, 0.699693, -7.375523, 3.084491, 2.211009, 0.551625, 1
-3.931984, -2.075829, -0.668910, 1.169813, 3.484715, -1.253725, 4.025168, -2.997886, 2.663131, -0.187943, 2.990453, -0.816237, -4.079395, 2.729512, 1.318579, 3.602616, 1
3.651067, 0.282632, -3.279670, 1.831328, 1.957267, 0.698878, 0.919521, 0.165092, -0.218684, -0.457047, -1.439219, 3.111850, 4.505248, 4.784587, 6.615430, 5.785605, 1
3.529206, 2.263135, 4.390769, 6.487781, -2.993141, 1.193903, -4.728660, 2.001227, 0.515324, 1.761477, 0.499929, 0.899824, 0.556038, 0.364305, 2.052588, -5.929980, 1
-1.416541, 0.340004, -2.044355, -0.570642, -0.503547, 4.123487, 1.663888, 1.639832, -4.452216, 3.256532, 0.333283, 1.042231, 1.835719, 5.552028, -0.418757, 2.609530, 1
-0.821198, 4.239928, 2.345513, -0.687620, 5.922605, 4.794278, 4.676944, 2.187928, -1.900060, -1.709993, 2.238988, -2.334738, -0.306441, 1.926770, -0.485970, 3.267568, 1
6.547355, -0.645794, -3.986633, 1.719762, 2.867732, -1.054102, 1.969632, 1.351884, 3.844865, 0.303885, 7.066920, 2.006131, 1.780694, 5.524501, -1.329365, 3.248370, 1
-2.037627, 2.591397, 5.980004, 0.882506, -2.845602, 0.284836, 2.184686, -0.340924, 5.754895, -1.395409, -0.136490, 4.093698, 3.039578, 5.669452, 2.032643, -0.209787, 1
0.345771, 5.747895, 0.220878, 1.157084, 3.749927, 3.955453, 1.148053, 6.927670, 4.481229, 1.337136, 0.463570, 0.491398, 4.568627, 3.506726, -1.842159, 2.101853, 1
3.331048, 0.324232, 0.509542, 2.569417, -3.059100, 0.027032, 7.370776, -1.308498, 3.261064, 1.374962, 2.854743, 1.779847, 0.786028, 6.727630, -3.262274, 6.634992, 1
4.161033, 1.718547, -2.679629, -0.128902, 0.770209, 6.496734, 0.696349, 2.928924, 2.678592, 6.046302, 2.055434, -0.103610, -1.832550, 3.338284, 4.606433, -1.045825, 1
6.618253, -2.137717, 0.591114, -0.623492, 8.542409, 1.750506, -0.555507, -1.237032, -4.752975, 1.207793, 0.375081, 0.184757, 2.111438, 6.152289, -6.731585, 0.640549, 1
-0.215161, 0.140563, 1.689563, 8.043075, 0.401341, 1.529990, 4.468604, 2.345727, 3.307788, -3.532224, 6.577630, 0.816422, 0.389463, -1.624335, 2.645160, -1.081770, 1
3.870326, -2.809621, -0.883997, 3.955247, -1.344150, 6.994987, -0.839620, 2.480403, -0.656180, -4.654465, 0.105359, 2.343308, -5.292844, 6.704194, 1.966868, -3.868623, 1
-2.510490, -1.529853, 2.132812, 1.437016, -1.687305, 4.866578, 4.296912, -4.388265, 2.689702, 0.642503, 2.153007, 1.588201, -0.273917, -1.395723, 4.078290, -0.346349, 1
-3.759742, -0.290697, -2.631416, 4.705770, 2.318694, 5.250001, -3.111520, 1.316261, 4.302585, 5.536155, 4.239667, 1.739684, 2.400609, 0.835936, -7.042553, -3.235986, 1
-2.541504, -0.771334, 0.318044, 2.391408, -7.761873, 4.962167, 3.808576, 2.157712, 4.062802, 3.032987, 2.296983, 4.439197, -1.453970, 1.775718, 3.512641, 0.992913, 0
-2.618514, -2.124246, 1.764985, -2.630494, -3.760559, -1.626497, -4.109380, -1.118130, -3.839186, 5.446214, -4.141339, -4.027285, 2.548701, 1.341372, -1.049202, -1.024296, 0
5.579694, 4.030601, 1.032758, -1.047117, 1.700877, -4.164057, 5.561154, -4.815633, 1.520150, -1.572650, -3.434930, -0.359591, -3.409675, -2.445429, 4.003903, -5.640051, 0
-4.244020, 1.867263, 1.200030, 5.343839, 0.109359, -3.532629, -5.387415, -2.783737, -0.946780, -1.398028, -5.292211, -3.308621, 0.670676, 1.486320, 1.401193, -1.107016, 0
-2.997167, -0.525111, -0.844714, 0.158839, -0.349984, 0.540502, -4.766498, -0.568366, -2.905375, -6.690182, -3.374480, 1.926482, -6.437044, -8.520056, 2.440780, -2.735131, 0
-4.448318, -2.899529, -0.937744, -4.274038, 0.249936, -3.634065, -4.232891, -3.575068, 2.658687, 3.232099, -0.492520, -1.463161, -0.208558, -5.989845, 3.644206, 1.906936, 0
-1.047132, -6.493872, 2.048415, -2.581183, 1.153182, -0.655914, -0.127545, -2.504429, -3.951811, -1.127225, 1.030240, 2.000558, -0.296226, 1.342673, -1.352244, -4.111144, 0
3.506057, -5.320362, -2.015331, -4.452142, -5.206491, -1.584579, -1.624541, 0.790610, 2.866858, -2.214822, -1.672528, 0.002810, 1.140920, 1.990720, 0.854859, 0.122592, 0
0.969665, -0.840170, 1.227752, -6.851079, 6.752671, -1.103154, 0.292115, 3.438308, 2.558810, -1.281104, 1.659827, -1.669668, -0.065228, 2.256869, -4.401754, 5.746623, 0
0.157058, -2.859380, -2.736229, 0.480540, 0.258574, -3.809269, -0.152234, -4.791178, -0.680652, -1.490221, -0.650495, 0.575315, -0.455411, -5.044996, -4.100733, 3.739242, 0
1.655044, -3.897145, -0.305558, 0.862815, -1.358007, 2.362983, 0.494298, -3.142752, -2.178107, -1.298729, 3.024934, -4.711405, -1.491477, -1.313089, -3.661223, -0.018628, 0
0.703334, -0.578759, 2.293838, -1.478675, 1.764638, -4.905065, 0.732728, -5.852115, 4.769561, 0.086608, -3.719934, 0.040311, -4.169412, 0.853320, 3.219378, -3.471357, 0
-1.344137, -0.197724, -6.393296, -1.522643, -2.584987, -1.597449, -4.109325, 1.313884, -1.612892, 0.863080, -1.207952, -1.040422, 0.423451, 2.506263, 1.318128, -2.094619, 0
1.483712, -2.958586, 1.819409, -0.396121, -3.769477, -4.749900, -1.838385, -1.648540, -6.765713, 0.419963, 1.361602, -7.055849, 0.713254, -2.630988, 0.801223, 3.298440, 0
2.868396, -5.035807, -4.949633, 0.440665, -1.644250, -4.276865, -6.856316, -1.902486, 0.670730, 0.052625, 0.144708, -6.374390, 4.196887, -1.850640, -8.185400, 0.916903, 0
-2.084564, 4.700801, -2.552479, 5.277406, -4.033992, 0.478648, 0.313260, 2.760192, -1.829063, -7.375433, -0.831706, 3.115897, -3.100590, 0.023190, -0.161668, -3.616639, 0
1.189546, -1.888116, -0.654288, -0.485196, -5.422991, -5.424492, -0.945613, -2.737637, -0.312133, -3.497497, -1.750476, -3.570802, 6.239102, 1.924932, 5.179168, 2.776616, 0
-1.427770, 1.844069, 0.178346, 4.291768, -7.717314, -6.839046, -4.214725, -4.671613, 0.142522, -6.772583, -1.403996, -4.319346, 1.092412, 5.017631, -0.059813, -6.623831, 0
-3.044012, 3.065951, 0.537202, 0.544612, -4.113004, -2.337582, 2.926883, -1.927341, 6.609799, -2.894466, -0.169505, 3.185899, 0.962169, -9.654665, 4.354211, -1.540852, 0
0.702529, 3.089873, -3.397050, -3.019920, -6.193781, 3.261489, -4.577153, 3.961909, 3.117860, -1.610893, -4.683360, -1.473643, -3.271218, -3.096557, 4.173415, 0.375754, 0
-3.562243, -7.233744, -1.195230, 3.297990, 1.835778, -0.426337, -1.405505, -4.299255, 0.056205, -1.100824, 0.321391, 0.082042, -2.053705, 0.110166, 2.225986, -4.318184, 0
3.267346, -5.538547, -0.703285, 3.657390, 1.173539, 4.242427, 0.602509, -6.977670, -1.732380, -3.962714, 0.568065, 2.753793, 0.527236, -2.399236, -2.223767, -3.254810, 0
-3.981565, -1.657955, 2.793002, 8.756974, -2.825276, -4.145942, 0.910792, 9.463437, 1.981418, -4.035617, 3.940358, -5.437224, 3.442504, 2.692086, -3.458581, 4.511661, 0
-4.918477, -0.353909, -1.535304, -2.424487, 3.017201, -1.742473, 3.589843, 4.689088, 0.527432, -1.350750, -3.264836, -5.189305, -0.245553, -5.199969, -0.738576, -4.991627, 0
-2.287287, 1.019288, 1.289989, -2.951157, 1.623553, -6.443064, 2.141299, -0.082677, -3.890524, -2.651723, 0.519765, -2.825938, -2.939974, -2.170168, 0.105605, 4.767243, 0
0.192592, -1.545353, 3.227431, -2.233787, -2.231023, 0.693885, -4.855855, 1.294236, -3.241216, -1.232488, 0.584834, -7.593150, -4.457078, -1.195282, 0.432080, -6.105580, 0
-8.009880, 0.115167, 0.758962, 2.824811, -6.430635, -1.393266, 0.251180, -1.424687, -1.698229, -0.962474, -2.734889, -1.334095, -3.662995, -1.746858, -2.970434, 0.872611, 0
-1.236643, -5.608352, 1.754966, -7.391704, -2.108157, 1.072576, 5.071567, 1.465941, -5.313558, -5.116020, -5.665606, -3.240016, -0.780906, 2.763364, 1.042403, -1.077643, 0
-3.389125, -1.328966, -1.693060, -0.357413, -5.184018, 2.270217, -5.328218, 0.608060, -0.815441, -1.580188, -1.179878, 0.901692, -2.622349, 0.984744, 1.923566, -3.859746, 0
1.084481, -0.106385, -1.424553, -1.174352, -4.267296, 2.022359, -1.343773, 2.251130, -4.317251, -0.195298, -2.951828, -3.788480, -4.246515, 0.155919, -2.211744, -0.401069, 0
2.729262, 3.165483, 5.197843, 2.158034, -1.079885, -3.897084, -1.971392, -1.333180, -0.775098, 0.306638, 1.438779, -4.631001, 1.656447, -6.136414, -1.627956, -4.490238, 0
0.841195, 0.338258, -1.149543, -0.651916, -5.944821, 2.409486, 3.183188, -0.567702, -0.675576, 2.541671, -7.569058, -0.229814, -1.618901, -2.194065, -2.864112, -1.904855, 0
-0.844027, -2.933972, -0.379430, 0.936639, -2.214868, -3.665501, -2.024953, 0.319043, -4.607205, -0.802530, -3.980399, 2.760060, 1.041352, 0.095307, -2.002442, 1.224040, 0
-5.733894, 0.125009, 7.451715, -1.657801, -2.880188, 2.846017, -6.611991, 0.624436, -4.891905, 0.382358, 2.231853, -1.870816, -1.168424, -2.005998, -0.584188, -2.409328, 0
-1.448978, -5.946842, -1.511398, -1.942399, -1.129006, -2.934056, -1.261989, 3.863473, 0.825395, -1.129720, 3.252952, 3.523843, -4.055201, -0.626096, -2.605119, -3.732076, 0
0.066247, -4.229202, -5.160628, -0.503686, -0.171067, -2.433613, -4.241760, -2.039233, -2.464410, -1.210071, -1.973076, 0.250497, -3.025972, -3.456689, 4.571054, 1.309644, 0
-4.260417, 1.526868, -1.667777, -0.922634, -0.148244, -5.123455, 1.692264, -3.636788, 2.889647, -3.807624, -1.118515, 3.575727, 0.803796, -0.731202, -2.950938, -0.887457, 0
-1.679473, 0.341344, 1.984958, 1.228923, 0.696431, -0.154889, -3.732164, -1.956293, -1.299839, 3.213401, -1.084362, -0.955506, -2.923051, -3.305053, -0.725292, -3.552987, 0
0.850858, -1.262897, -7.332035, -1.443533, 0.375453, -0.894702, -4.129837, 0.583827, 1.259683, -4.393468, 1.687503, -0.622298, -1.611429, -6.957614, -2.117891, -3.046598, 0
-1.166757, -2.137222, -4.557169, 1.166224, -2.830922, -4.678220, 0.509524, 1.252749, -0.811743, -3.489966, -2.052796, 0.683146, -2.091568, 3.103450, 6.540092, 3.426038, 0
-2.215581, -1.769782, 5.300679, -4.708610, 1.661050, 0.427733, 4.490190, -3.071703, -6.850103, 4.390122, -1.521198, -1.231663, -0.349885, -0.055068, -0.092607, 5.247439, 0
-8.983892, -2.516324, 5.631364, -1.558590, -3.819540, -1.228918, -3.853987, -2.595914, -2.446245, 5.731214, 3.748742, 1.344344, -1.585847, -2.149542, -0.352237, -5.710409, 0
-0.194150, 1.453691, 0.226993, -0.805615, -0.807982, -1.949648, 0.321448, -4.688958, 6.477393, -1.814276, -1.832103, -1.387634, -1.280875, 1.516709, -5.913644, -1.189798, 0
-3.425793, -2.213322, 0.993888, -4.998047, -3.749339, -2.409463, -0.653959, 0.054177, 3.136176, 0.999127, -1.775086, -0.101743, 4.388999, 0.980481, -4.353274, 3.762057, 0
-1.588165, 1.448560, -0.405210, -5.032771, 2.204457, -5.251915, 1.283204, -2.052818, -0.090699, -5.099516, -3.393321, -0.257138, -0.436358, -5.111339, -0.329215, -1.046213, 0
0.503781, 2.153840, 3.220840, 0.903762, 4.926194, -5.432737, 0.683555, -2.639934, 0.468873, -3.584116, -0.037602, -3.920864, -1.759572, -2.855068, -2.949959, -2.451468, 0
3.360316, -1.973682, -0.269898, 0.121741, -3.329310, -4.756767, 1.327342, 3.987180, -2.308364, 0.201684, -1.903771, -6.587946, -6.658264, -2.433833, -8.146977, 2.891910, 0
-5.994898, -2.132984, -4.823928, 1.469296, 5.303273, -4.832335, 0.405828, -6.291907, 1.634324, -2.518074, 2.560470, -4.054811, -5.887209, -0.465861, -1.806870, 3.643950, 0
0.905818, -0.611792, 1.064473, -5.005466, -1.146258, -3.864004, 0.038404, 3.625871, 1.276982, -0.725554, 1.686471, 1.127038, 1.413476, 2.822289, -3.105474, -2.424230, 0
-5.643827, 2.208472, -1.853145, -6.279572, 0.555245, -4.808234, -4.836175, -1.437749, -2.198824, 1.729506, -1.073274, 3.001035, -5.887884, 0.530242, -4.382529, -1.609504, 0
-2.097449, 1.715234, -5.059666, 1.900018, -5.244512, 0.279035, -0.190627, -1.389964, 3.381869, 3.791999, -0.688118, -1.782413, -0.693139, 2.905715, -3.176173, -6.026045, 0
-3.993950, 3.807172, 0.433869, 0.247426, 4.682017, -0.991755, -4.147554, -7.031585, 2.343358, -2.909456, 3.124410, 1.778037, 0.107783, -0.879004, 1.965909, 4.078181, 0
-3.742410, -3.404525, 0.622327, 1.765689, 1.083697, 4.373975, 1.457149, 3.363736, -6.537844, -6.757361, -4.700761, -2.388560, -4.616585, 0.487756, 0.517537, -5.150920, 0
-2.360810, 0.457780, -0.457103, -1.922441, -4.079861, -5.159140, -4.075057, 2.528171, -3.425575, -1.223301, -3.159234, -3.863319, -3.996429, -6.361737, -4.573268, -5.098890, 0
-1.928365, -4.107214, -4.520350, 0.833379, 0.481566, 7.868230, -6.321920, -2.428210, 0.935056, 2.765992, 2.050359, -1.730152, -4.949200, 0.997912, -0.817670, -2.489058, 0
-2.333115, -3.931026, 2.129870, -0.810247, -1.052697, -2.896530, -0.500913, -4.509740, 1.256158, 0.565381, -1.627913, 1.399528, 2.395885, -6.883125, -1.905187, 0.245236, 0
-4.121468, -1.052983, -1.829408, -2.510303, -3.685969, -0.165132, -6.818554, -2.189240, -1.387656, -0.146850, -3.233871, -1.215235, 2.934537, 1.062427, 1.009294, 4.840566, 0
-2.078075, -0.839150, -1.474135, 4.617640, 0.521234, 4.284619, -7.008892, 3.501884, -2.476635, -4.321299, 0.441401, -4.651462, 1.627975, -0.114261, 0.379498, 0.136668, 0
-3.136896, -1.861247, -8.395925, 0.566552, -1.898418, 0.833728, -8.924815, 0.805877, -1.463699, 3.878232, 0.359742, -6.239030, 2.684304, 2.784467, 0.983630, -1.020014, 0
-3.602449, 2.251241, -1.171586, -4.233272, -4.359485, -0.320867, -4.431956, -5.027488, 1.080459, 5.129321, -0.095111, -0.846204, 0.430310, -5.939546, -3.601398, -6.933305, 0
0.456464, -0.129319, -5.389290, -0.111918, -4.475978, 2.322494, -3.425704, 1.457603, -2.500814, -5.208588, 0.624824, -4.387505, 1.176723, -1.689434, -2.228303, -1.945230, 0
-1.366087, 0.926806, -3.787679, -6.054440, 6.376071, 3.344018, 2.857774, 3.647164, -3.808372, -1.702506, 1.034184, -9.986765, 2.420686, -0.331382, -1.999883, 0.033797, 0
-1.454755, 0.026883, -2.880489, -2.725086, -4.033291, 1.460044, 0.057544, -3.450916, -2.279195, -3.972326, 2.511153, -3.985458, -0.849334, 3.238206, 0.412818, 3.096265, 0
2.663110, -1.390011, 1.155854, 2.171609, 2.552749, -8.329456, 2.891301, 2.173995, -2.951331, -1.715516, 3.630927, 8.064010, -2.502641, 0.360969, -4.721018, -0.335195, 0
-6.975612, -3.730933, -3.058105, -2.071261, -2.590050, -3.139529, 0.241672, -1.055424, 0.901204, -3.607513, -2.465345, -3.141729, -2.020196, 0.900798, -4.762340, -1.709892, 0
0.551671, 3.931895, -4.681707, -5.030986, 0.422282, -3.468223, -9.054504, 0.674304, -4.389734, 1.099324, -1.784996, 1.710502, 2.642793, -1.969070, 4.476274, -5.684530, 0
1.029237, -4.887801, -2.283551, 4.444371, -6.128573, -2.969529, -1.026626, -2.524027, -0.652162, -7.932256, 2.073266, 4.154595, -2.282325, -4.713939, 2.607183, 1.493495, 0
-2.768944, 0.899716, -4.174843, -4.292564, -4.273892, 6.606000, 3.655252, -4.573750, 1.755136, -4.860247, 3.266856, 3.598233, -3.637341, -7.176766, -6.121065, -3.708527, 0
4.210351, 1.900731, -0.715961, -5.746150, 3.445886, -2.065207, -0.110181, -7.724303, 2.270946, 5.748715, -2.844727, -2.092901, 5.507091, -5.324576, -1.173306, -1.993575, 0
-3.378675, -0.790249, -2.873154, -1.260885, -3.473735, 0.418820, -3.519106, -0.752684, 1.001321, 2.967906, 1.670718, 3.013131, -2.961417, -2.539784, -3.097057, -6.781208, 0
2.062125, 1.288426, 2.402495, -1.818192, -0.183127, 0.198617, 1.260705, 3.847791, -1.465315, 4.654908, 1.562135, -6.482353, 1.483930, 1.298373, -2.029752, -4.330928, 0
0.671664, 3.078084, -4.306328, -1.412645, 2.087598, 0.239173, -3.158488, -1.808005, -1.620111, 2.442628, 0.753304, -0.460074, 1.846402, -3.534186, 2.289882, -6.163744, 0
-1.884854, -1.993181, 0.158685, -1.412066, -0.551969, -4.044657, -0.949235, 0.918307, -1.244890, -4.842628, -4.754478, 3.045545, 1.806703, 0.371922, -3.084088, 1.584647, 0
-4.743609, 0.201089, -0.920297, 1.550050, -3.017137, -2.587994, 4.018767, -0.617605, 1.544358, -3.643677, -3.672672, -2.903970, -2.618691, -6.712692, 3.210206, 1.768615, 0
-3.126405, -0.179580, -1.354029, -1.386380, -1.175069, -1.419321, -1.935022, -3.235319, 3.000844, -2.506961, -3.575197, 1.664500, 1.901277, -0.090608, 1.034486, 1.617505, 0
-2.564677, -4.577511, 0.745790, 2.038930, 2.136596, -2.360397, -9.246119, -1.468951, -0.512162, 5.235339, 5.398669, -4.990792, 3.885600, -5.079811, -1.302773, -0.413758, 0
-1.458995, -0.789979, 4.309119, -4.803497, -0.019168, -0.380586, -4.347447, 1.440339, 3.197316, 0.823216, 0.671201, 1.488446, 3.611165, -0.717076, -1.302629, 2.227920, 0
-1.184955, 1.948983, 4.183118, 1.194570, 2.335433, 0.992122, -3.048307, -0.989683, -3.719541, -3.552845, 5.828605, -1.052507, 5.900733, -1.175817, -1.076954, -2.166351, 0
0.078834, -4.272547, -5.212615, 0.105357, -1.479766, -2.522621, 3.247685, 1.891824, -0.000758, 4.964082, -6.495048, -0.276263, 4.174300, -2.783463, 0.303821, -1.809611, 0
-0.798598, -3.688051, -2.547217, -1.561335, 1.413434, -1.325510, -5.021049, -0.881562, -1.349818, -2.052744, 2.121171, -0.145368, -3.497329, 4.121291, 4.210135, -0.381635, 0
-1.522047, -1.575973, 5.018086, 2.700154, -1.773721, -8.549111, -5.970042, 4.705899, -2.801175, -6.221640, -2.684324, -1.077877, -7.389282, -3.050685, 2.638301, -3.319517, 0
-1.678760, -0.842377, -2.748320, -1.655694, -3.030957, 3.734885, 0.459359, -4.684312, -6.681977, -2.777319, -0.895647, -1.276650, -0.303344, 2.032952, -0.903289, 0.171390, 0
3.427493, -3.346674, -0.376693, -4.302155, 1.956588, -0.075372, 1.739722, -5.057099, -6.171515, -1.917245, 2.433787, -4.746644, 3.472617, 5.147092, 0.597585, 4.851722, 0
-3.070355, -1.180806, 1.121924, 2.200957, -4.125087, -5.245810, 1.695561, 4.444865, 3.440724, -4.309285, -1.785029, -0.009761, -4.273489, -2.859183, -3.342547, -1.974492, 0
-3.203452, -0.631363, 1.800939, -4.049022, 0.216020, -2.561728, 1.828515, -3.078682, -2.001008, -2.292505, -5.056804, 2.091578, 0.360967, -1.144946, -1.885116, -4.353795, 0
1.907210, -2.703217, 1.294236, 3.856683, -0.786414, -2.247141, -4.807260, 3.736472, 0.639247, -6.907850, 1.973575, 1.530244, -3.787801, -3.209303, -1.365767, 1.601478, 0
4.127450, 3.665673, 1.551301, -4.959520, -0.129382, -11.650327, -2.414786, -4.299780, -1.618933, -2.155191, -1.687279, -5.651548, -2.488033, -3.868671, 2.239778, -5.616044, 0
0.620225, 3.778724, 0.741185, -0.487378, 0.358115, -2.504839, -0.367284, 1.815427, -0.423617, 3.110963, -0.892435, -3.007514, -1.985495, -3.227405, 0.660111, 0.039948, 0
-1.374994, -4.107422, -0.540296, 2.633128, 0.992200, 2.236875, -2.155827, -2.794727, 2.556338, -2.031832, 0.420913, 3.521825, -2.920547, 1.656564, -1.260162, -2.177277, 0
-6.450094, 0.486337, 3.629170, 4.077062, -3.305547, 5.025836, 1.999497, 0.912997, 7.384006, -5.729478, 1.469790, -4.894830, -3.813988, -0.102870, -2.106565, -4.445521, 0
0.395738, -4.992358, -3.271495, -2.646663, -2.663699, -4.585778, -4.007824, -5.561196, -4.799988, -0.191083, -2.210093, -0.490623, 0.303327, 3.956170, -2.986366, -1.362472, 0
-3.848283, -0.983827, -2.270384, -3.588001, -1.745656, -2.555826, 1.633109, 2.764216, -2.912017, 1.937905, 1.127101, -1.799634, -0.895530, -0.048587, -2.949497, -1.394723, 0
1.563378, 1.165519, -0.614456, 0.181245, -3.224065, 2.895913, -2.914371, 3.931325, 3.361636, -0.124358, -0.781217, -0.449178, 4.600566, 2.820800, 1.336452, 1.822150, 0
4.037473, -2.629010, -3.845837, -4.302009, 4.040298, -0.370837, 1.536563, -2.867496, 0.522017, -2.951645, -2.681489, -2.583652, -2.645540, -1.814820, -5.837574, 2.884278, 0
-3.213344, 0.781440, 5.945317, -4.300438, -3.372569, -5.525435, -1.251625, -4.930531, 0.359506, -3.762833, 0.146045, 1.992703, 1.797896, -0.422172, -1.170609, 2.654502, 0
1.888736, -7.507155, -0.289588, -9.255196, 0.197114, -3.044425, 3.579516, -3.546391, -4.657599, 1.218287, 2.368440, -1.410154, -2.250253, -4.235834, 1.566024, 2.591809, 0
-5.003529, 0.547137, 0.611323, 0.500340, -3.228956, -5.966736, 3.360658, -1.069334, 2.569621, -1.497702, -3.303126, 4.937675, -10.120688, -3.143723, 3.351558, -6.661257, 0
2.471992, -3.414389, 1.409141, 0.164166, 6.036201, -1.019627, -0.143159, -1.200469, -3.365479, 0.185142, 6.475211, -1.968156, 1.592731, -0.787213, 0.505450, 0.998355, 0
-1.693872, 2.071002, 1.519469, 4.802848, -0.218883, -8.560480, -4.849689, -2.675811, 1.273522, -0.271794, -4.947034, 4.031600, -1.823059, -0.783292, 2.203280, -3.896133, 0
0.948955, -4.293118, 2.195434, -3.273564, 4.024898, -4.473913, -2.023551, -5.834638, -1.443170, 2.268622, 0.270579, -0.144284, -3.546052, -0.090367, -1.990527, -6.646414, 0
-2.098988, 0.190087, -2.125738, 1.794839, 2.389045, -3.032519, 1.509530, -2.746699, 0.419471, 0.702022, -1.452110, -0.380555, 1.719064, -2.314854, -8.007406, -2.733117, 0
1.579238, -1.629753, 0.793693, -1.532047, 3.699098, -7.768541, 6.076224, -0.939548, -1.304276, -1.347460, 3.549970, 2.023099, 0.343545, 7.165015, 1.497705, -2.169024, 0
1.919984, 0.405253, 0.929635, 0.168147, 2.053134, -3.214025, -5.895124, -3.015037, -5.846245, -2.537611, 1.340205, -1.333345, -0.051639, 6.731938, -7.086464, -3.718245, 0
1.629697, -1.572799, 1.157975, 5.413697, -3.039914, -3.233569, -3.360014, -8.236941, -3.593450, -0.008382, -0.504514, -0.208198, -5.308520, 0.027991, 2.545516, -4.303988, 0
-0.170697, 1.556228, -3.503129, -3.365621, -5.846450, -5.314989, -7.892591, 0.661502, -0.522147, -1.434430, 0.472505, 0.336833, 1.436982, 0.968236, -0.318856, -5.519501, 0
-6.761094, 0.031053, 0.861047, -2.193337, 0.627791, -6.515902, -1.286276, -5.776676, -2.737290, 5.049188, 3.218726, -1.466301, -5.451818, -0.563539, -2.124069, -3.000977, 0
-1.119660, -2.994766, -2.015795, 0.463496, 0.779058, -0.009070, -5.311306, 4.162564, -1.946472, -2.398660, -0.015475, -2.274883, 0.086724, -1.701994, -0.016099, 0.782052, 0
0.285949, -1.507183, 6.298295, -0.551208, -5.402127, -0.832177, -0.495761, -2.437483, -3.712561, -0.904311, -7.219995, 7.097348, -0.587390, -7.208615, -3.544365, 1.894145, 0
-4.818831, 2.792426, 0.680161, 0.729407, -2.307817, 4.455871, 0.484963, 1.006186, -3.738791, -3.768810, -6.076376, -5.732701, 0.764926, -0.688553, -3.545768, -0.267150, 0
-1.627310, -2.192639, 0.949491, -1.414498, 4.289006, -2.181520, 0.057042, -0.676952, 2.824050, -3.733338, -1.958691, -9.852187, 0.573497, 2.768378, 0.883759, -0.476436, 0
-3.014044, -1.139953, -2.735241, 4.095639, -1.651299, 3.154691, 4.283839, 5.848496, -3.912388, 3.573228, -0.853092, 2.381389, -3.756917, -5.871232, 2.587192, 1.037791, 0
2.292701, -0.516467, 8.398078, -1.340537, -1.746810, -4.242626, -3.702481, -1.522533, -1.474089, -2.598193, 0.238187, -0.286891, 1.942130, 1.054244, 1.020213, -1.080802, 0
2.136899, -2.091538, -0.869453, 0.164584, 0.052054, -4.841389, -4.356304, -5.697063, 0.901429, 1.491817, -9.136160, 3.560666, -2.154145, -6.042599, 5.891994, -0.618498, 0
-6.585278, -9.116470, -0.668781, -2.876683, 0.389262, 1.194804, -3.266873, -2.997813, -2.802306, -0.897460, -1.155587, -4.430369, -5.370134, -3.769773, -5.937083, 4.864659, 0
-0.740162, 0.302831, 4.156035, -2.453139, 0.667491, 1.560130, -0.812723, -1.007320, -2.646649, 1.664241, -6.633427, 0.544312, 5.670388, 2.450011, -3.522367, -5.283494, 0
-1.917358, -2.521845, -0.290515, 2.034135, 0.464177, -5.542982, -2.474303, -0.900355, -1.564540, 0.675191, -1.907286, 1.507691, -8.094955, -0.081532, 2.114936, -2.509358, 0
0.048675, -7.106507, 0.317832, 3.464864, -3.344787, -3.310991, -1.565327, -4.528092, 0.545045, 5.241864, -3.248779, -0.047343, -3.634620, -2.967387, 0.904191, -3.934433, 0
-4.153102, -1.547403, -1.707249, 1.078399, 2.174096, -1.280155, -1.215250, -3.905621, -4.253897, -2.304793, 6.830897, -3.063171, -1.755510, 4.366397, 0.802211, 1.140561, 0
-3.548540, 1.422959, 2.875075, -5.293994, 2.301742, -2.417842, -2.452953, -0.156890, -4.248852, -6.864798, -0.290912, 0.765380, -5.066068, -3.828920, -2.607573, 1.081672, 0
0.798478, 0.531564, 2.357507, -7.004729, -2.989910, -1.268849, -3.828664, -0.884469, -2.447822, -0.894922, -2.372529, 2.090587, -6.965889, -0.597348, -3.314788, 0.869994, 0
-1.225622, 4.004426, 2.711890, -3.715363, -1.485278, 5.806405, -2.065079, 4.573367, -0.600951, -4.049955, -2.582744, -1.757300, -3.015452, -1.214310, 1.122031, 2.263082, 0
-1.332408, -0.139695, 3.587274, 0.657010, -0.511342, -1.849316, 0.080163, 2.801032, -2.092011, -0.465451, -0.460582, -1.239863, -6.019161, 1.877116, 0.587646, -3.075088, 0
-0.377213, -0.157456, 3.128726, -1.174599, 1.319432, -6.907753, -0.477088, -2.044006, -2.970181, -1.260774, -4.729373, 0.041738, -3.189880, -3.887047, -9.217646, -2.458901, 0
0.633346, -5.296791, 6.402362, 2.502923, 0.483176, 1.442437, -1.676565, -1.659554, 5.266377, -5.733922, -1.055405, -3.535476, -0.406394, -2.122581, -1.440311, -1.990458, 0
-2.027979, -1.842908, -4.558315, -3.299916, -2.254170, 0.984635, -2.080837, -0.222756, -1.374195, 0.495301, -0.814532, -0.394143, -1.979553, -5.139733, -1.401547, -3.933761, 0
