3.885683, -5.346026, -2.605028, -2.088350, -3.197456, -2.960772, -1.381500, 5.692009, 2.647207, -3.270939, 5.869337, 0.095589, 0.063873, 4.354855, 2.664799, -7.010136, 0.290020, 0.467491, -1.927114, 5.545984, 3.136106, 5.151382, 3.450855, 10.343714, 3.574526, -0.961250, 3.410259, 3.577024, 2.929531, 6.069326, 8.734636, 1.367014, 1
7.847626, 4.316092, 1.119547, 3.810921, -1.815447, 9.431654, -2.359480, -5.360036, 7.327906, 0.881029, -0.210331, 0.536066, -4.327204, -8.483844, -0.871496, -3.174976, 13.355547, -3.831776, -3.338375, 4.253605, 7.760715, 5.677568, 2.612221, 0.038057, -8.934455, -1.512726, -1.391802, -1.296946, 1.185802, -0.275866, 0.958912, 4.722237, 1
8.302586, -3.810232, -7.135705, 0.449728, 0.223774, 6.576750, -3.922783, 0.543928, 5.821018, 10.534521, 3.909573, 3.484650, 1.856527, 4.933475, 0.279953, 1.414410, -4.833246, -4.995182, 3.358183, -1.536572, -5.210983, 8.779230, 4.308922, -2.137848, 0.151340, 2.219650, -1.300499, -5.423526, 1.960686, -3.401663, -1.565765, 6.680349, 1
-0.479233, 5.145081, 8.457876, 12.020350, -5.393143, -0.582487, 4.330383, 6.293140, 3.851740, 3.348688, 2.192041, -0.567213, 8.557432, 1.992117, 0.513069, -4.165373, 3.806677, 0.656935, -1.558626, 0.124235, -0.434679, -0.940704, 4.198044, 9.503868, 3.732559, 6.319019, 10.812420, -1.444754, 6.054148, 5.208830, 0.945280, -8.664429, 1
3.736109, 3.795073, 2.359472, 2.647591, 9.003599, 6.206367, 4.281147, 0.878096, 0.860151, -4.289612, 1.110811, 3.114798, 4.354984, -4.138987, 6.506781, -0.692875, 0.678509, 2.269922, -5.349009, 1.259972, 5.188740, 4.957077, 3.863506, 3.324509, 1.460823, -5.515592, -5.429784, 2.698080, -3.678253, -2.148407, 8.272175, 1.422695, 1
0.628336, 0.344440, 1.300093, 0.836927, 1.527666, -3.073223, 1.590256, 5.750469, -2.583490, 0.201220, -5.818848, 2.195677, -1.096846, -3.604769, 2.475740, 2.968536, 4.056967, 1.610815, 0.259619, -3.148361, 0.645126, -4.406343, -1.060873, -0.975080, 0.423492, 7.437374, -7.169999, 4.689859, -6.624641, 2.415791, -2.188526, -9.691349, 1
2.984013, 2.357800, 0.996016, -0.304501, -8.789035, -0.615896, 4.419050, 6.930462, -3.304123, 0.367197, 0.537338, 0.698866, 8.214516, 1.744413, -2.583950, -3.296801, 0.507320, 0.216562, -0.814766, 0.725111, -0.189335, -2.957005, -2.692249, 5.205217, -4.751133, 1.543398, -4.090960, 0.244207, -3.220615, 3.413809, 0.385693, -2.436850, 1
-4.142694, -0.966597, -2.449572, -1.055265, -0.466370, 4.629339, 1.638866, 2.779638, 0.986593, -1.926168, 2.671537, 3.382431, -2.527880, 7.168819, 1.372072, 1.804924, 1.482246, 9.074593, -8.582133, 3.316240, 8.447622, 4.579163, 6.987885, 1.620659, -1.227978, 8.017786, 4.024338, 7.850965, -0.810806, 0.804277, 0.028769, -0.633791, 1
-0.468935, 4.024050, 7.844877, 0.187857, 1.291561, 1.230865, 2.272177, -2.100204, 5.922510, -0.325893, -7.168311, 0.218346, -2.884109, -5.573814, -4.266142, 2.280985, -3.404730, 7.242891, -3.700403, -4.226229, 3.110857, 4.906290, -2.630323, 4.363920, 3.118938, 9.590055, 6.937592, -4.053844, 7.802240, 6.289921, 0.884239, 2.083643, 1
6.481813, -1.360794, 5.406399, 1.453888, -0.959175, -0.698845, -0.158852, 4.444271, -2.489943, 9.226509, 5.365686, 2.169357, 1.266191, 0.053940, 3.606573, -6.831133, -4.449259, -5.995035, 5.641830, -1.381393, 8.183329, 6.203461, 5.434563, 5.080355, -4.334036, 1.251417, -3.344046, 0.005709, 9.003002, 0.636929, 0.209030, -4.304792, 1
4.936516, 5.849369, -3.794968, 6.883171, 6.293140, 1.351610, -5.856087, 5.212404, -3.732225, 5.381075, -2.097542, 4.753569, 7.458261, 1.915895, -0.221138, -1.336845, 6.809319, 3.787485, 1.318378, -1.454687, -4.280495, 0.196180, 1.622616, 0.075632, -1.410667, 3.629852, 8.876541, 5.191822, 0.444340, 6.909481, -2.138685, 2.077599, 1
-0.609747, 2.638693, -0.525526, 3.383553, 3.007223, 8.211817, 6.310173, 1.697514, -1.783731, 4.306969, 3.285076, -0.345139, 3.282862, -3.402651, -0.388124, -0.954105, -3.720179, -1.859579, 3.263474, 5.426205, 8.129019, 5.693701, -3.763092, -6.211433, 6.635572, 6.077070, 2.516882, 4.648993, -2.958488, -3.089790, -7.257306, 1.830564, 1
-0.046991, 5.262150, -4.689138, 6.353161, 6.380676, 2.683489, 2.295488, -5.720504, 0.975845, -2.966354, 4.979212, 5.216492, -3.112114, 2.769171, -0.941776, -5.148406, 3.644075, 3.019302, -0.974091, 7.213499, -7.462688, 9.468340, -0.246889, -3.010836, 5.436888, 1.222622, 0.642117, -0.502825, 2.163908, -4.858213, -5.559539, 2.829439, 1
2.730150, -4.441431, 3.002033, -8.611941, 4.200912, -3.368969, 0.894709, 3.139351, 2.877737, 2.652317, -0.368048, -3.624344, 6.837961, 1.536253, 2.612078, 2.629086, -0.742050, -10.694686, 6.034142, 2.967413, 1.158278, 1.973219, 1.313410, 5.933653, -10.318678, -6.084268, 0.739798, 1.399364, 2.133030, -1.730373, 3.322016, -5.103931, 1
5.768265, 8.836338, 1.087128, 1.430561, -6.949468, -3.581490, -0.371283, -7.134523, 2.036877, -5.320467, 0.466663, -0.683674, -0.935661, 5.287584, 2.079447, 6.355692, 3.550776, 0.549658, 4.934847, 7.510666, -1.839712, 1.239525, -4.820429, 3.086912, 5.286472, 4.580652, -1.665899, 1.067215, 2.200434, 3.193792, -1.766819, 2.424837, 1
5.327080, -0.440775, 1.370468, -6.692346, 1.772903, -3.498745, 11.154123, 4.847509, 9.276119, 0.209696, -1.557013, 0.438559, 2.240808, -6.878508, -7.043886, 0.181204, -2.884356, -5.725174, 3.159571, -4.212902, -1.080757, 2.512960, 0.611032, 1.705412, -0.353130, 3.777435, -0.171940, 3.534790, -1.860285, -1.390526, 1.576723, -1.249617, 1
4.636755, -1.305819, 0.530729, 5.602997, 1.201445, 0.513182, 6.648327, 5.132730, 6.385592, 5.195107, 0.516584, 9.194761, 1.989853, -5.154912, -5.918704, -3.178352, 0.845091, -3.833000, -10.982049, 5.925465, 0.205202, 0.593248, 2.408127, 9.924086, -1.820599, 3.696386, 0.600330, 4.003548, 2.722130, 8.311909, 3.020472, -3.429535, 1
10.305733, 0.120684, 8.461617, -2.883867, 1.888836, 0.217829, 1.175182, 9.226599, 2.036884, -2.305170, -1.612436, 5.130068, 2.276855, -4.913877, 1.272141, -1.001972, 6.552547, 6.171560, 6.900076, -1.379854, 1.029293, 1.570450, 0.217794, 9.015129, 4.362463, -0.098858, 2.153957, 1.159079, 0.176884, 2.877232, -2.848465, 4.644556, 1
0.844774, 4.014349, 3.738194, 2.092480, -3.919336, 1.032885, 3.554502, 2.842829, 11.299139, 5.566526, 0.960495, 2.522701, 1.869425, 9.258698, 2.151119, -2.642614, -1.697136, 2.406645, -4.394716, -2.254276, -0.958857, 2.796839, 4.323895, 6.158161, 4.344078, 3.774206, -3.540033, 2.684561, 2.481224, 1.401436, -3.379141, 4.323977, 1
3.099873, -0.487522, 3.346516, 10.159389, -1.591152, 9.616688, 0.541306, -0.563816, 3.874624, 0.395145, 4.083858, -9.137897, 2.203924, 2.516930, 4.476934, 8.456007, -2.508444, 6.439676, -1.838177, 2.696085, -0.340082, -0.186586, 4.740007, 5.859596, 0.228189, -2.835941, 0.351778, 3.403139, 6.076794, 3.317978, 2.706827, 8.826069, 1
3.104353, -0.480404, -4.718519, -7.288804, -0.772781, 3.352131, -5.604370, -4.205324, -1.333981, -5.791180, 0.567669, 1.993498, -1.464417, -1.875717, -6.540709, -9.269425, -2.069590, 1.535572, -0.737003, -0.799088, 2.808987, 3.017427, 9.099527, 6.293488, 3.193176, 5.035477, 0.178003, -2.899435, -2.601002, -2.555050, -0.058777, 1.493946, 1
4.873518, -3.640568, 0.579706, -0.746805, -5.794801, 2.393379, 4.158464, 0.267471, 2.298328, 4.206018, -1.362532, 1.094721, 1.171213, -1.367615, 8.877579, -0.788790, -3.980360, -3.970945, 0.498198, 12.398981, 1.395655, 2.243382, -2.677391, 0.677752, -0.374807, 10.173622, 10.555248, -2.543661, -1.396763, 0.696117, -2.474855, 7.206861, 1
6.499298, 2.395247, -4.238518, 1.921513, 3.311255, 0.044516, 1.626926, 6.193071, -1.270052, -0.180719, 1.676680, 1.249567, 3.160021, -1.730106, 10.042788, -5.472519, 0.053375, -7.738773, 7.236929, 1.358627, -4.669907, -2.815830, 0.221992, -1.912231, 1.057133, 4.229094, -2.430206, 0.713829, 4.959320, -4.640623, 0.530415, -1.181210, 1
3.893793, 2.263210, -3.528084, -4.573086, -1.993544, -0.773478, -2.130163, -1.403759, 3.052946, 0.461254, -5.515438, -1.818424, 6.938307, -1.304745, -1.461504, 2.182863, 1.654995, -3.096092, 1.799257, 5.414917, -7.744544, 3.209150, 2.205635, 0.528730, -1.761070, 14.604841, 5.603395, -8.412121, -1.552223, 2.694956, 4.059196, 1.350229, 1
1.295424, -6.019604, -1.661577, 0.337355, 9.828133, 6.460287, 8.476561, -4.893806, 4.260757, -2.423630, 3.032457, 0.181158, 1.994118, -4.282240, 0.339453, 5.759853, 10.708302, 1.109493, 1.176327, 5.445919, -1.544374, -3.289860, 3.817972, -5.914912, 2.886974, 5.024065, -0.845755, 7.970940, 5.081444, 3.796307, 2.735273, 2.053808, 1
-3.038914, -2.615906, -0.827799, -3.162874, 7.356565, 4.369194, -3.556824, 1.741106, -5.799080, 10.168873, -1.989866, -5.474212, 9.102591, 5.512249, 6.414835, 7.364943, 6.001549, -3.691956, 1.232502, -0.741693, -7.722810, -5.538054, -4.088442, -11.593353, 5.757772, -1.941261, 0.940403, 3.797676, 12.488798, 1.390551, -0.910469, 2.457516, 1
1.990257, -3.021717, -9.629510, 9.569092, -0.173397, 8.099596, -2.657795, 3.676331, -0.998695, 0.068298, 1.600767, 6.743824, -0.246582, 3.267336, -2.810305, 2.334633, 0.028708, 7.962042, 1.522095, -3.266378, 4.978737, 4.102604, -5.807039, 0.697254, 2.933046, -6.185804, -5.002596, 8.081352, 2.513327, 5.127373, -9.993749, -4.933622, 1
2.473196, 0.079906, 11.458040, 1.803112, -0.110806, -5.082556, -3.936565, 1.834442, -10.973239, 4.508259, -6.505962, 5.565353, 0.384821, 1.372974, 7.403545, -1.401365, 4.026056, 5.040600, -4.423864, -4.391907, 0.485706, 12.784315, 7.852646, 4.509977, 1.044436, 0.707563, 0.856663, 2.743561, 2.703861, 0.116417, 1.552507, 2.712942, 1
4.901041, -4.933138, 4.541565, -5.709111, -3.045139, -3.271593, -1.953224, 2.146107, 2.286867, 0.291702, 4.837616, 7.682331, 0.495176, -0.075184, 0.656612, -0.318058, -4.307020, -8.199907, 1.792322, -4.687111, -1.130724, -5.798126, 1.960247, 2.304344, 3.437832, 6.752651, 2.636330, -2.153431, 3.685629, -2.350718, -3.242271, 5.097216, 1
1.826111, -2.329679, 11.710375, 7.438965, -1.226805, 2.509886, -2.447542, -4.356052, -2.305513, -4.011742, 4.179087, -3.997211, -0.888100, -0.901842, 3.215815, -6.961208, 3.900148, 1.496050, 3.892933, -1.396063, 0.485367, -2.724792, -3.218769, 1.784447, 1.810200, 3.316856, 2.721359, -1.818802, -3.698978, -4.208733, 4.843592, -2.324856, 1
-2.395763, -3.578506, -4.437105, 2.161587, 0.058722, 1.385609, -5.134857, -1.598354, -7.263269, 0.822285, -1.153294, 3.455366, 0.346939, 1.943886, -6.309270, -1.503275, -0.702002, -2.447088, -2.955631, -3.954504, 3.763521, 6.247475, -3.777161, -3.492765, 5.567158, 2.149071, 7.353018, 6.934515, 1.723700, 10.995737, -3.894941, 9.905058, 1
3.755886, -3.962996, 0.075224, 2.479589, 5.615852, 0.635262, 0.754320, -1.893978, 2.359013, -5.230528, 0.203011, -1.410589, 1.438883, 9.021078, 0.946632, -1.669172, 4.276413, -2.272755, 8.175058, -1.421423, -0.930805, 1.380726, 6.900585, 3.239508, 0.961510, 1.266891, 0.637800, 7.241289, -1.828323, 6.143164, 4.070877, 3.617052, 1
9.612652, 6.477783, 4.618622, 5.553818, -7.450971, 0.806492, 6.765259, 2.091557, 4.637657, 2.357859, -6.113992, -0.382942, 9.482750, 1.089127, 2.052225, 1.548418, 0.228659, 1.673862, -1.229916, -6.096305, 11.716219, -3.483154, -1.008039, -5.192398, 12.471487, -0.858170, 2.770737, 5.194633, -3.906246, -1.091831, 1.033424, -1.539772, 1
5.558460, -8.107174, 12.727289, -0.866014, -1.997824, 3.953220, -1.995094, 4.826300, 1.684656, -5.806681, 2.111441, 3.845510, 8.937820, 4.341259, 6.975185, -6.117828, -1.203602, -1.794849, -2.291529, 4.755817, 3.672224, -10.730527, 2.446014, 0.235552, -0.847139, -0.049997, 2.474129, 8.973286, -5.541276, 0.972563, -0.050703, 4.667305, 1
-1.677526, 5.596077, -0.407854, 2.793936, 9.855749, 6.188709, 4.176720, 1.104759, 1.820562, -10.491758, 2.299013, -0.609322, 6.657032, -5.212199, 1.978809, -6.436161, 6.047113, 1.199890, -5.623464, 4.146517, -1.461521, 5.621874, 2.957346, -1.635288, 3.758200, -0.074245, -2.222420, -3.366816, -3.787291, 1.704004, -4.508219, -3.307348, 1
8.138475, 1.823250, 1.457458, 6.788910, 1.909323, 3.349997, -1.149212, 1.584736, 2.074183, 5.543640, 5.521523, -3.866112, 4.197842, 3.571787, -3.880268, -0.924784, 2.890917, 5.038345, -3.400667, -0.325949, 3.374538, 1.918434, -1.684734, 2.414547, -6.169749, -3.408373, -2.034723, -2.553053, 3.267334, 2.197874, -4.312035, 1.966091, 1
2.625023, 4.545383, 1.316916, -4.283407, -0.208017, -3.432375, -1.525579, 6.965525, 1.102280, -1.975336, 3.138199, -2.701012, -2.298681, -4.460726, -2.025583, 0.453205, 3.894270, 1.036446, 1.264475, 5.237101, -4.986607, 2.332870, 2.776180, -8.083364, 5.750200, -1.305182, 5.647039, 3.554384, 5.624638, 0.113247, 0.596577, 0.485672, 1
-4.211704, 8.141157, -0.520899, -3.338427, 6.630823, 10.690823, 1.634623, 6.610451, -2.133736, 0.344946, 1.371891, -5.697300, 9.151718, -3.971399, 6.152790, 1.529409, 1.116734, 3.294949, -3.952393, 2.301199, -3.944788, 6.721577, 6.419298, 10.181965, -4.228907, 1.778059, 3.131006, 8.389376, -4.126059, -1.083302, 6.151632, 1.536108, 1
-3.263033, -0.277124, -0.314421, -1.997801, 2.012999, -3.193676, -5.255092, -2.762899, 0.783768, -5.883704, -1.648964, -0.651880, -5.086309, 1.557596, 0.991631, 8.391344, 1.699150, 8.347055, 5.937120, -1.703127, 4.062708, 2.492615, -1.212376, 5.551579, -0.497252, -1.024920, 9.490540, 1.602154, -5.043432, 0.040813, 4.025816, -2.747021, 1
3.118753, 2.103970, 5.979738, -4.106060, 0.951231, -3.587587, -6.393997, 8.343962, 0.506031, -0.675343, 4.437393, 1.885040, -3.834200, 2.905119, 4.360655, -3.457561, 2.253345, 4.617496, 3.020391, 3.328875, -0.678186, 4.321354, 8.812809, 4.667490, -4.614355, 3.735588, 5.868118, -2.286182, 2.983011, 2.577446, -6.881476, 1.457012, 1
0.562965, 8.530613, -1.234291, -8.876141, 2.407940, -1.939341, -2.557163, 2.544115, 7.146826, 1.087677, -1.148937, -3.287651, -0.706207, -1.494293, -6.683860, 3.550999, 2.415670, 0.023357, -0.816542, 4.273731, -4.036783, 3.452286, -5.744455, -4.824276, -1.447214, 5.310820, 5.760752, 3.333078, 0.805948, 6.198801, -1.888161, 1.186291, 1
-0.089699, 10.323940, 5.337467, -4.356836, 5.049921, -0.635880, 8.049801, -3.487606, 5.743120, 11.249922, -4.068829, 5.343431, -3.094215, -2.777872, -2.915712, 2.741070, 0.850866, 1.058344, 3.074541, -7.067340, 0.830486, 4.626232, 1.094372, 2.288845, -1.875013, -5.938423, -2.710270, -0.709341, 4.689625, -5.663042, 0.758259, 7.802958, 1
-1.165249, 5.559128, 5.969437, -1.191914, 4.771029, -5.964800, 0.370018, 6.079119, 7.252201, 4.663506, 6.745066, 4.493107, -4.355408, -0.189629, 2.100256, -2.642117, 11.808783, 3.300112, -1.976700, -0.102314, -0.125729, -5.842712, -0.273329, 3.065655, -1.509562, -5.091268, 4.793072, 2.967930, 1.513083, 7.008583, 1.342419, -1.980488, 1
3.433367, -0.585987, -5.159648, 0.303476, 2.812061, 6.832632, -6.034904, 0.551670, 4.006937, 4.457674, 2.401594, 4.437052, 6.364418, 0.671551, -7.924804, 6.613510, -5.856506, 3.922422, -1.302101, 5.407106, 0.379189, 0.887812, 6.342710, -4.821518, -1.095236, 7.247683, -4.654097, 2.077412, -2.237011, 2.723959, -0.275862, -1.413490, 1
1.234453, 4.656158, 2.812477, -0.170357, -7.821334, -2.622108, -3.429281, 3.972769, 0.864216, 2.105282, -9.047847, 5.400873, -1.999088, 3.434420, -1.374926, 6.496107, -0.457939, -3.737156, 3.340927, 0.960627, -0.338182, -1.717819, -4.485897, 3.466007, 9.982254, -4.251682, 4.354229, -0.409870, -0.727859, 3.022734, -0.219572, -4.402790, 1
3.158075, -0.129555, 3.831190, -7.211413, 2.651791, -4.670797, 1.914339, -2.814289, 2.817371, 0.681973, -8.350793, 0.743044, 5.139252, 0.988482, -2.667152, 1.743191, 5.432020, 4.087669, 1.383141, -5.462685, 1.047407, 3.167171, 1.380156, -0.689476, 3.260878, 0.057692, 4.247303, -2.958134, 0.989197, -3.508179, 6.685930, 4.769197, 1
1.045774, 7.172791, 2.595015, -7.242857, 2.375092, 2.700556, 7.170321, 2.117645, -1.179218, 3.807760, 1.140671, -0.679022, 7.913185, -0.406296, 5.461241, -2.522560, 6.036867, 11.780428, -0.404667, 2.054461, -11.674786, -5.404868, -0.092886, 4.758007, -2.105368, -2.088570, -0.531981, 1.217049, -1.557070, 2.042891, 3.657625, 9.126429, 1
1.694069, 2.013496, 10.295681, -2.994545, -0.716942, -4.527891, 8.999279, -5.033525, -1.611433, 6.204382, -2.737322, -3.232384, 1.401423, 5.944466, -2.995750, 4.183384, -6.219724, 2.071781, -2.014988, -1.153046, 1.568758, -5.384761, 2.026619, 1.110893, 0.811502, -6.680629, -7.678365, 2.554695, 2.525024, -5.910386, -3.307161, -5.962140, 1
5.751562, -5.324419, -2.183905, 5.525736, -3.124496, -0.740614, -3.816181, 9.996862, 6.363586, 3.357128, 8.127909, -9.607443, 3.990705, -1.670954, -0.270075, -6.771105, -0.389587, 8.333656, 0.531116, 10.496477, 1.878181, 7.908319, -0.208555, 2.259565, 7.825552, 2.686804, 5.569866, 6.747421, 6.592693, -3.282598, 2.066427, -4.504570, 1
2.126413, -3.766190, 5.229273, 8.963150, -4.687737, 2.433458, 3.145582, -5.444014, 7.616438, 1.206347, -0.942171, -8.258602, 8.230700, -5.674198, 7.935644, 3.634432, 1.925068, -2.743736, 3.813124, -0.263187, -0.662926, -1.009686, -1.407003, 4.161489, 2.536264, 1.096462, 3.979155, 1.692957, 3.052612, 3.803848, 0.219610, -1.945286, 1
-2.207563, -0.806671, 2.410423, 13.768942, -2.699896, 0.489470, 4.122734, -14.006189, 2.104290, -3.419090, 0.644424, 1.431726, 0.735579, 4.309544, 5.212273, 5.638498, 1.948195, -1.748066, -0.890589, -4.025156, -2.129965, 5.705885, -0.074024, 5.361118, -1.880945, 2.502834, -2.293091, 5.221951, 0.862400, 0.780540, 4.480148, -12.018623, 1
-1.211327, 0.410601, 5.644720, 10.023060, 0.327944, 5.142923, 1.008322, 11.287134, -2.010626, 0.391678, -4.712198, 5.917627, 0.920355, 3.318266, -6.217988, -4.388124, 1.389416, 1.065678, -4.490129, -0.149265, 0.340586, -1.171095, 0.599154, 2.003687, -10.149466, 2.561468, 7.773905, 2.738169, -1.995573, 0.451067, 0.919085, -3.795130, 1
-3.482481, 0.691954, -2.773569, 5.674150, 8.088314, -0.378414, 2.679947, -2.377375, 3.272865, 10.901701, -5.930614, 2.441084, 2.593319, 0.804949, 5.452759, 4.701736, 0.957882, 2.779928, 0.223112, 5.588797, 6.256138, -1.981148, -1.253790, 1.097822, 2.997139, -8.265716, -1.728317, 9.244785, -1.865639, 3.444588, 6.171286, 6.342466, 1
2.602606, 3.343454, 8.626062, -5.978659, 1.856979, -4.449326, -2.324520, 6.509590, 10.251871, -5.292911, 2.568699, -3.332396, 7.962048, -1.626675, 0.099104, -0.656044, -0.708385, 3.326931, -1.569866, -7.535611, 3.460003, -3.906460, -3.327961, 1.599724, -4.707088, 4.885168, 9.592772, 3.731855, 3.633989, 5.111650, -2.143478, -1.277212, 1
6.054293, -0.544546, 2.679174, -5.768495, -2.230448, -4.027208, -6.698801, 4.379797, 2.186989, 0.013195, -7.362665, 0.774189, 1.199619, -2.215883, 6.500313, -0.197254, 2.265326, -3.223766, -2.364878, 4.043533, -15.331512, 4.467283, 4.782467, -4.738886, 4.844446, -4.680506, 2.883863, -0.332506, -3.282696, 8.913944, -0.605963, -0.718042, 1
4.327414, -0.519655, -4.346762, 4.323322, 0.552397, 10.401138, 0.272354, -3.718548, 4.604750, 1.051577, 0.817234, -2.414808, 2.460077, -5.934207, 4.973101, -3.938057, 4.595753, -7.351044, 1.313450, 6.517994, -6.641562, 3.197544, 0.141233, 3.146158, -0.282072, 7.774960, 1.800587, -5.806632, -4.402166, 5.236792, 2.263155, -1.077475, 1
4.269062, 2.929100, -6.481427, -1.963964, 2.481232, -6.177751, -1.491499, 2.586185, -1.159645, 5.492144, -4.363756, -0.747583, 1.411106, 3.722044, -0.555130, 2.184917, 4.554585, 1.288271, 1.458569, 1.318316, -4.233812, -0.423359, -2.637928, -5.810747, 0.430296, 3.632147, 6.131765, 1.701738, 1.874653, -3.726868, 0.104113, -2.506016, 1
4.012735, 1.248619, 2.971369, 0.266390, 0.207666, 2.136499, -2.879793, -2.850786, 3.623825, -5.854364, 5.523626, -5.145351, 4.464437, -5.594859, -0.448929, 0.933781, 4.285011, 4.049831, 1.540171, -2.068089, -2.115665, -0.269358, 8.511583, -2.006477, 9.641796, 5.127045, -1.189714, 4.860300, 5.511646, -1.881931, 4.480721, 6.981054, 1
-2.607378, -2.381929, 4.880711, -3.175489, 4.527561, -1.878651, -3.353561, -1.775921, -1.213388, 15.429895, -3.014952, -1.876419, -0.060371, -2.780750, 10.951204, 0.541946, 2.628794, 5.295338, -1.582350, -5.716095, 3.392746, -0.898729, 2.289888, 7.513599, -1.411900, -0.904711, 3.668598, 0.244711, -6.724536, 6.686817, 9.353840, -0.920382, 1
1.272818, -3.433125, -0.114988, 1.571417, 1.203539, 2.349003, -2.805281, -3.374968, 1.410175, -0.847366, 16.768476, 3.186646, 2.099924, -3.723984, -2.247799, 1.217842, -3.617876, 1.585077, 0.393551, 6.844501, -3.436687, 1.909946, -9.264907, 3.639721, -1.443748, 6.747614, -3.389322, 1.939011, -0.470175, -1.954288, -1.503117, -4.332962, 1
-5.575324, 3.565556, -11.756557, 4.388121, 0.578259, 6.586920, -2.130680, 1.115366, 3.398613, 1.469368, 2.146677, 3.695181, -0.269772, 0.162170, 7.858007, -0.947500, -1.252014, 2.354305, -1.977165, -9.009804, 0.113857, -5.354625, 4.586584, 3.305155, 2.085449, 4.924889, -0.003656, 2.966450, -2.665199, 2.377390, -3.172068, -5.715757, 1
7.016088, 2.950274, 6.733097, 8.080059, -1.574766, -4.235012, -0.702608, 4.943390, 4.795610, 8.028709, 6.597416, 3.641996, 5.272860, -3.756254, -2.009758, -2.323107, -1.036390, 5.138561, 3.531734, -4.598301, 2.707733, -3.835829, 0.844467, -3.724964, 3.490440, 5.046173, 2.323919, -0.666204, 0.172947, 0.684141, -2.585077, 6.155308, 1
3.972567, 1.134146, 2.329947, 7.841711, 1.592880, 6.710382, -0.998264, 6.289948, -0.539591, 3.875128, -4.959831, -5.261065, 4.435692, -1.056519, -0.070480, 2.853806, 1.347797, 0.444723, 4.600246, 4.650568, -2.879469, -0.373350, 9.435387, 1.781940, 2.686966, 2.914467, 1.114546, 6.531158, 2.991577, -0.762140, 8.842800, -2.967262, 1
-3.830776, -2.543446, 4.783649, 1.446621, 2.567371, 0.234449, -1.751696, -3.310575, 1.810431, 1.333977, 1.787266, 0.110163, 3.249840, 0.181639, -4.187519, 8.401316, 1.299902, 5.646690, 6.270273, 13.216089, 2.504368, 3.695095, -1.689680, 2.467768, 2.020966, 4.219809, -2.093178, 1.880806, 6.845995, -5.413376, -2.601501, 9.720522, 1
5.414015, 0.936934, -7.525547, -1.853252, -4.569099, -0.164577, -0.079351, -3.589430, 0.737215, -7.672474, 4.855747, 1.999186, 0.752693, -3.605558, 6.379807, 7.474504, 0.554152, -3.936672, -6.025476, 0.727829, -3.133255, -2.477325, 6.104567, 4.972752, -1.179075, -2.931890, 2.649508, 3.241560, -6.710572, -3.355040, 3.201012, 0.359100, 1
4.705555, -1.341261, 6.003820, -0.148804, 4.061398, -1.629450, 2.387951, 6.149694, 2.480869, -4.760212, 6.131828, -2.836189, -0.308935, -3.514477, -6.101501, 1.976301, -8.287482, 3.501629, -4.084784, 4.410589, -6.088020, 7.633919, 2.255636, 1.081272, 0.831282, 4.532385, 1.640078, 3.069839, -0.608089, 7.095760, 2.653332, 3.802696, 1
0.184002, 0.057230, 2.331722, 2.219101, 1.531891, -0.494614, 0.358412, 1.350334, 5.291576, -3.214544, 9.087927, 1.302412, -4.842319, 8.683624, 1.647148, 2.440765, 4.904844, -0.554958, 7.026707, 0.472805, 6.420525, 5.349842, 4.084976, -3.990126, -1.957569, -1.856924, 2.262318, 2.093403, 2.085526, 2.074799, -1.796186, -0.600458, 1
0.415607, 0.466738, 9.953171, 0.684320, 7.735371, 5.265112, 3.956894, 4.811243, 1.730648, 0.333559, -3.668390, 7.151072, 0.031887, 3.286858, -1.086256, 10.093332, 14.338858, 5.823587, 0.516920, 3.027115, 6.201593, -4.276939, 4.920433, -6.852227, -5.254525, -3.993763, 9.046261, -3.624945, 4.424822, -7.172616, 7.754602, -8.952128, 1
-1.015156, 0.418404, -1.053774, -1.741991, -2.665155, -3.055660, -4.326214, 2.161419, -2.133215, -0.453009, 2.482868, -1.357914, -7.469416, 8.153217, 2.968353, 0.689129, -0.151638, 4.134535, 4.779722, 5.021709, -0.372238, 0.414495, -0.311831, 0.881376, -0.811962, -1.705002, 6.584185, -1.947573, 1.310835, -7.494312, 2.738836, -0.663099, 1
-3.953184, 2.005312, 9.169687, 5.647072, -3.462196, 3.789616, 8.307676, 0.656353, 0.784267, -0.194841, -1.654684, -0.550611, 0.946569, -2.217417, -0.002579, -0.891008, 1.503033, 4.155930, 4.366856, 3.572172, -3.823334, -3.267086, -0.404320, 1.549507, -2.237530, -1.359522, 3.589767, -1.501982, 8.077284, 4.601082, -4.150782, -0.534840, 1
4.750662, 3.862741, -4.891621, 5.343105, 2.695700, -3.919706, 0.829161, -4.993073, -2.277819, 3.464108, 4.551687, 3.225998, 5.147003, -10.474811, 0.738600, -9.955016, -2.562298, 7.301760, -3.089695, -3.821394, 3.059864, 4.308067, 5.154440, -5.741109, -0.258408, 0.093880, -1.723000, -3.550226, 11.816954, 3.286798, 0.262451, 2.628208, 1
-3.892414, 2.424141, 6.318811, 2.160866, -4.604961, 4.221771, -10.630327, 4.777588, -1.166075, -1.369339, 3.854370, -3.622356, 9.563694, 4.954725, 2.644531, 1.499947, 5.051283, 2.214828, -3.043262, -13.194704, -4.248850, -1.810768, 0.126736, -3.142910, 0.150537, -4.323839, -0.193745, 0.062763, 2.943243, 11.839949, 6.089430, 0.450102, 1
-1.111725, 0.684151, 2.906748, 11.366854, -5.133086, 1.831123, 4.846090, -1.513756, 6.044176, 3.493958, 3.071056, -1.184105, -5.596761, 0.096724, 3.074604, -2.836285, -5.252151, 2.067055, 9.641380, 5.449287, -3.142292, 2.020376, 3.364584, 4.560940, 0.432777, 0.385994, 3.426762, 1.014265, -1.716492, -0.248707, 10.454954, 2.891371, 1
-9.720062, -0.377708, -3.618755, 2.928528, 1.736547, -1.066137, 4.080677, -4.791384, 0.564926, 2.384428, 0.167095, -4.565060, 3.318571, 0.505533, 7.233046, -6.932061, 4.944914, 5.845839, 1.251112, 7.755611, 9.365463, 0.141338, -4.772350, -0.446566, -6.283627, 0.464357, -2.957396, -2.152145, 5.808964, -6.701304, 4.895079, 0.258673, 1
4.456831, 7.493336, 2.167854, -1.540766, 12.817476, 0.167625, 1.464439, -1.983522, 4.784157, -0.273649, -0.541115, 4.911919, -3.199841, 5.018604, -0.428415, 1.035357, 3.463842, 6.025854, -6.453673, 9.656984, 4.642015, 2.395021, 0.987408, 4.822704, 1.813505, 7.926203, 3.154934, -1.960005, 2.412783, 4.376156, -0.095251, 6.617821, 1
5.179897, 5.029305, 0.156147, 3.537739, 2.736916, -1.570406, 4.999847, 2.694155, 2.989119, -6.819879, 6.258715, 0.574049, -9.780852, 0.680326, 8.697561, 8.770277, -6.934836, -4.628916, 2.952501, 8.031139, 0.640905, -1.009619, 4.320505, -2.051756, 0.089874, -6.909815, -0.397158, -0.726463, 0.275181, 3.661568, 2.215996, -2.406122, 1
10.136621, 1.664846, 0.789927, -0.447121, 9.778429, 3.604971, 0.676109, 8.235523, -0.750639, -4.001816, 6.395594, -5.478640, 6.709759, -1.003122, -5.723169, 6.654255, -1.472904, 4.510675, 0.793909, 9.140852, 0.149588, 4.824884, 0.344055, 1.678839, 0.973347, 8.741879, 2.132008, 4.873152, 4.313025, 11.599821, -1.726643, 6.794115, 1
2.752720, 0.317257, -0.532015, 0.107735, -4.463137, 1.906893, 2.985596, 5.518734, -6.252042, 3.906162, 1.366425, -0.545795, 2.094412, -1.840019, 2.948332, -1.293903, -0.330795, -0.015770, 8.433580, -0.398365, 4.479937, 1.799711, 3.835564, 3.837904, 4.748960, 0.360664, -0.829374, -2.370783, 3.031527, -5.225970, -0.644817, -1.478884, 1
15.613012, 8.181883, -3.464161, 0.203789, -0.159784, 7.155676, -3.358360, -1.885466, -3.535280, 0.481380, 3.563030, -3.592064, 0.939058, 0.989769, -1.589371, -3.087135, 5.381943, -2.976408, -1.487524, 13.955347, 1.276083, -2.390556, 7.416941, 2.609447, 3.600834, 2.509130, 1.669872, 5.870146, -1.114670, -2.172623, 0.951338, -1.798204, 1
0.325184, -2.093824, -1.068453, -2.262810, 2.198074, 11.206350, -2.056131, 3.141687, 5.419470, 6.736818, 6.220230, 2.464266, 4.101082, 7.287296, 2.835522, 3.365097, -1.173447, 1.226782, -2.015560, 3.369888, -7.574255, 0.139872, 4.241600, -0.591288, -0.032850, -2.793507, 1.196354, -2.533810, 6.990349, 1.084723, 5.535593, -3.472864, 1
-2.594109, -0.527325, -7.824094, 11.313131, 2.743046, 5.386118, -2.650303, 1.665113, -3.401190, 1.297892, -0.763620, 2.650867, 5.032867, -2.621685, 3.480345, 6.467665, 6.072695, -3.635239, -10.660666, 9.748571, -1.740818, -1.248098, -0.904346, 5.177662, 3.522245, 0.996538, 1.051792, 2.484030, -1.372505, 4.457146, 2.090290, -2.083570, 1
4.551716, 6.554581, -1.592747, 2.668291, -3.630573, 4.045965, -4.965027, -6.618214, -0.617426, -3.331320, 3.287954, -0.231709, 1.011169, -2.637867, -2.399403, -2.759602, 7.115091, 0.905470, 11.817434, 5.173674, 9.095850, 5.676445, 2.366856, -6.056013, -2.100988, -3.706263, 1.029366, 1.615963, 2.197468, -1.066381, 5.068354, -0.770390, 1
-2.226841, -10.865325, 11.662283, 0.198645, 2.137758, 10.495348, 2.097057, 7.221943, -0.631990, 6.810379, 4.976437, -0.436344, -3.696667, -9.844557, 0.148348, 2.475637, -6.430304, 2.006264, -2.964788, 1.222931, 5.061771, -0.114681, -0.565773, 3.615135, 1.496292, -5.979249, 5.734961, 2.076778, -9.968330, 3.287125, -2.621876, -1.418406, 1
5.018278, 0.006220, -6.753448, 0.897793, 5.044653, -4.298422, 0.565741, -2.397682, 2.965593, -3.919300, 4.560255, 9.265306, -3.196743, -3.208345, -8.027885, -8.301493, 2.668966, 2.396477, 3.236744, 6.179729, 1.672039, -3.457317, 3.295969, -2.427755, 6.536631, 2.509941, -6.012254, 1.586449, 1.402411, -3.149336, 3.014172, -1.956770, 1
-2.850161, 2.892548, 2.512892, 0.499914, 1.255342, 1.008276, -1.804880, 1.592339, -7.121270, 0.242111, 2.903208, -2.151058, -0.679249, -3.597536, -0.682705, 5.057003, 6.631947, -0.242872, 5.196800, 2.673407, 0.847355, 5.219635, 4.178101, 5.373892, 15.102472, -6.343962, -1.059216, 6.809105, 10.904276, 9.757578, 7.933283, 2.865902, 1
2.149717, -0.107483, 5.847887, -6.246845, 1.587978, 1.974365, -2.746361, 0.490587, -5.691635, 6.592762, -0.673326, 3.218075, -2.046833, 7.813753, 4.053904, -0.647396, 5.818371, -6.390227, 9.541893, 2.136028, 4.230490, 1.521774, 2.354141, -1.180334, -4.629877, 5.112110, 2.120775, -0.114513, -1.030294, 5.504360, -2.560865, -10.503891, 1
0.809143, 7.682035, 1.131033, 6.608381, 3.036936, 10.328632, 10.471313, 1.468952, 1.641951, -2.026825, 1.570862, -1.069517, 0.349289, 0.807932, 1.209753, 1.769953, 2.803547, 3.503508, -7.500020, 1.833780, 0.882923, 2.149084, -8.979164, 7.415407, -2.968185, -8.313488, 2.937557, -1.795748, -3.842379, 8.232153, 1.550909, -0.494858, 1
3.034492, 1.336308, -0.769707, 5.938789, -3.139580, -1.903805, 2.828424, -0.705914, 3.781996, 0.310335, -4.426548, 7.680670, -0.379196, 10.625469, 0.230904, -2.052422, -0.768326, -5.526114, -3.505861, 4.396454, 5.164505, -1.489880, 5.143618, -5.143571, 3.313435, 0.854177, -0.560324, -5.697186, 4.016665, 0.807158, 7.473858, 4.484362, 1
-0.404694, 2.647360, -1.915005, -5.593990, -7.444929, 1.788008, 6.408527, -6.117655, 7.181444, 4.500294, -0.893942, -5.935164, 4.245117, -1.131115, 5.371851, 5.498217, 2.028643, 3.458115, -2.233133, 7.045639, 0.349285, 4.846783, -0.881311, -0.011623, -1.683706, -5.316023, 3.319689, -1.015423, 2.598223, 2.942888, 2.438046, -0.571630, 1
8.226526, -1.768480, 1.888630, 5.815813, -1.641874, -0.028723, -2.536800, -0.496086, 4.325699, -1.267324, -6.475186, 6.491285, 5.339029, -5.899609, 2.195623, -0.858027, -2.256008, 8.143126, 5.640928, 2.467649, 5.592440, -6.321675, 8.479706, 0.936993, -4.254307, 0.333967, 3.897099, 8.245949, 6.339926, 2.698614, -1.146183, 4.921368, 1
2.410568, 4.966629, -1.145121, 3.110445, -5.864032, 6.446449, 9.302998, -2.018902, 4.164843, 4.026207, 1.711437, 2.580887, 1.763004, -3.137363, 6.731855, -3.649858, -1.711378, 3.421900, 4.732607, 0.664972, 0.479362, 6.646374, -2.572222, 4.922411, -3.930037, -2.174950, 6.910759, 5.387665, 10.714041, 4.601732, -3.276258, 1.115313, 1
0.687151, 8.731134, 2.266125, -2.018747, 0.311296, 7.620949, -1.040398, 9.067013, 2.915741, -1.881571, -1.118286, -0.635847, -5.123499, 3.756971, 4.950724, 5.057699, 8.285078, -1.506271, -10.147380, 0.387611, -1.647543, 6.173746, 0.699945, 2.866869, 4.875895, -5.188731, 0.220068, -4.355154, -6.627076, 8.626654, -4.192249, 4.745058, 1
3.020060, -0.347515, 3.396688, -2.194038, 1.840734, 0.781847, 7.561911, 1.765932, 3.304756, 1.726164, -0.153702, -7.971478, -0.886593, -0.545673, -0.337349, 10.740671, -4.435995, -1.648691, 2.666389, 0.134024, 3.772465, 2.975466, -1.866959, 6.440786, -2.798845, 0.708248, -5.245987, 7.980659, 3.890461, -1.266766, 0.541584, 5.973448, 1
2.412830, 4.119951, -2.174351, 9.579742, -8.509456, 10.538183, -3.213188, 7.003754, 2.168530, 2.483194, 3.660055, 1.308403, 0.725571, 3.017876, -3.870970, 5.610245, 1.446907, 6.287855, 1.294376, -1.031637, -3.577848, 4.360497, -5.645382, 3.899824, -4.116152, 6.109631, -6.146616, -0.326820, -0.350267, 3.026348, -1.875759, 2.342981, 1
3.093246, 6.678301, -7.430802, 2.354258, -7.557057, 8.398329, -1.490274, 7.388767, 2.777090, 1.431866, 4.233686, 8.376143, -5.908414, 4.256330, -0.822878, -2.282417, 7.467478, 1.329185, 3.547756, -3.633951, 0.971046, 0.399508, 8.987988, 7.594788, 0.034130, 2.139181, 3.709126, -4.347458, -2.843515, -0.870178, -3.951279, 7.723589, 1
1.361794, 5.819502, -4.125761, -5.193323, 2.751188, 4.899799, -5.276339, 5.788206, 0.639137, -3.935467, 3.000490, 3.407824, 0.542837, 6.890038, 1.299274, -0.235003, -4.842028, -3.328873, -5.000189, 4.552917, 2.421164, 2.478035, 2.653526, -0.612988, 5.642288, 8.046156, -2.504545, 9.663073, 4.011301, -5.962494, 3.705059, -3.399876, 1
3.760996, -5.892482, -0.444643, -1.589165, -4.119844, -0.605637, 3.792988, 11.723398, 5.395391, 5.663061, 2.047527, 4.300785, -6.294087, 5.135101, 1.863848, 5.533867, 0.652622, 2.398893, 8.167797, -1.716475, -0.511801, 2.378607, 7.957483, -1.180328, -1.347748, -1.904297, 1.135908, 10.694105, -7.531668, 9.468678, 4.955925, -0.146524, 1
7.045790, -2.577885, 0.552645, -2.654779, -1.838964, 5.257895, -1.121403, 7.706085, 0.217308, 5.168829, 0.062180, -0.133080, -2.032234, -3.013391, -1.591885, -6.324870, 3.360243, -2.240566, 7.005329, 0.562536, 6.679680, 1.441139, -6.256840, 6.252245, 4.086727, -4.266357, -0.973244, 6.552645, -1.267984, 9.403799, -1.015444, 5.467726, 1
5.073601, 3.104481, -3.587212, 5.786465, 2.266768, -6.422219, -0.020462, -3.042091, -4.330482, 7.519773, 3.298391, -5.273555, 1.500238, -3.869263, 1.240984, -1.769867, 7.189768, -7.940036, -4.310371, 0.491774, -1.094744, -1.551394, 0.490311, -2.552933, 2.819838, 0.735872, 1.200199, 9.098465, -2.987078, 0.259508, 2.770021, -4.081018, 1
-0.637583, -0.136436, 0.082209, -0.397772, 3.554079, -3.370426, -0.981869, 6.902542, 3.360336, 2.178072, 8.819136, 7.867994, 5.798960, 0.551260, 3.526999, -3.116375, -1.637796, 2.302851, -0.108643, 3.780437, 5.422930, 3.186651, -8.369864, 6.909616, 0.730204, 5.350088, -1.300631, -4.255257, 12.905275, 4.265396, -0.212536, 4.098034, 1
4.427206, 0.913950, 7.442287, 3.130566, 0.030005, -6.445050, -4.717167, 2.749239, 7.183241, 4.273085, 5.275587, 9.391668, -1.099602, 1.124708, -2.356918, -5.948205, -4.558199, -3.592686, -2.739164, 4.523401, 4.337015, 9.366318, 8.767670, 3.045948, 2.509436, -2.094559, -0.605053, 3.625107, -0.118464, -1.260569, 1.867638, 4.102774, 1
-1.099035, 6.033285, 2.314968, -3.105537, -3.451899, -1.590055, 10.805807, 9.662037, -2.553621, -1.536680, -4.240719, 5.270765, 5.404221, -1.815163, 4.291510, -2.137974, 5.100689, 7.709417, -7.590057, -1.440798, 4.952280, -1.059454, 1.906096, 5.884863, 0.679941, 5.560825, 8.283142, -4.700640, -4.206055, 2.199127, -8.080460, -2.555517, 1
1.157265, -0.823942, 4.829611, -3.146532, 4.766550, 2.931641, 1.451101, -2.302320, 1.026115, 2.550798, -2.542507, -4.952873, 2.381615, 3.257961, -6.197784, 0.600954, 0.088858, -2.319092, -2.218178, 1.465822, 7.393478, -8.058823, 7.410217, -3.428688, -4.636307, -1.578741, 1.236277, 3.289005, 2.410606, -3.065336, -1.674686, -6.408840, 1
-1.665920, 6.008274, 6.069153, 1.840397, -6.964041, -8.198679, 3.770943, -8.489481, -4.690769, -1.916164, -2.242048, 1.189163, -5.808114, 5.047674, 6.613388, 1.099260, 5.278593, 2.418823, -2.397049, 1.254049, -2.400654, 2.270840, 10.360939, 3.045628, -1.933638, 0.626865, 4.905819, -0.892107, -1.337427, -0.097748, 1.849789, 4.595600, 1
-2.310553, -1.475639, 1.668955, 2.325241, -4.075838, 3.440386, -3.083225, -4.185669, 5.079876, 8.423124, -1.571836, 8.125252, 0.867077, 0.302969, 8.183195, -0.557453, -0.862480, 2.826410, 5.055769, -1.667376, 0.104956, -4.563768, -1.987354, -2.859673, -2.666187, -1.040964, 3.789679, -0.276819, -5.007845, 2.090191, -2.443321, -3.610554, 1
2.317135, 2.098249, 3.445349, -0.973686, 1.351257, 0.412281, -7.977870, 1.292759, 1.268520, -0.390713, -3.243164, 2.682848, -2.327307, -3.795973, 1.732113, 1.428129, -0.687992, 4.410126, -4.373602, -4.667421, -4.728493, -0.633560, 6.594889, -4.090504, -2.422499, -2.095757, 7.897900, 3.561058, -7.646195, 4.336285, 6.737738, -0.961582, 1
6.042706, 4.055368, -0.387379, -1.508347, 5.828949, 0.321484, -1.293762, 12.388445, -2.964291, 3.522739, -6.640803, -0.654400, 3.981133, 4.668663, 6.100622, 3.142710, 5.847956, -1.794674, 5.507162, 0.000624, 1.855743, 5.967077, 6.129454, -7.146944, 3.300163, -0.605099, -5.793851, -7.173998, 3.143589, 9.564058, 0.187656, -1.913761, 1
-1.920555, -1.615501, -2.773323, -1.198898, 3.260035, 6.687777, -5.962742, -1.985722, 2.559076, 7.869362, -3.494345, 4.200329, 2.755259, -3.889053, -5.156782, 4.580145, -0.677202, 3.567865, 3.312750, 8.665688, -2.840139, -2.476971, -3.239614, -3.182627, 4.482019, 2.550240, 3.405796, 0.222931, 1.868608, 1.680477, 1.444637, -0.429926, 1
1.453140, -2.567865, 4.849848, 7.351120, 4.782471, -0.675444, 0.916630, 2.114161, 5.561785, 7.777500, 2.018209, -4.154182, 7.665281, 7.439962, 9.964006, -0.750492, -3.885366, -4.097084, -0.934570, 2.576834, -5.933635, 0.591038, -2.041742, 1.406408, 6.158718, 0.584145, 3.517742, -3.556934, 1.568398, -1.058065, -1.517303, -3.541288, 1
6.066730, 2.178669, -2.435635, -1.988705, -0.574436, -5.073911, -4.754059, 5.285501, 0.143173, -1.790459, 6.604231, 5.395933, 2.210573, 2.250593, 0.181923, -1.206312, 2.802582, -2.285295, 0.775585, -0.379366, -5.050373, 0.254822, -4.316582, -0.474358, 2.311260, 2.714245, 0.314510, 2.294508, 2.563122, -3.890099, 1.890472, 5.726366, 1
4.810799, -1.028107, 0.268484, 4.618807, 6.365780, 2.160601, -1.554089, 2.352024, 1.136246, -0.937004, 0.812551, -7.216629, 3.430752, 3.360626, 9.397684, 1.420467, 1.903566, -5.220394, 0.449900, 0.024797, 5.049957, -5.612791, -4.512989, 1.840540, 7.027807, -0.782587, -0.268379, 4.032772, -4.555788, -1.718243, -1.183584, -0.960213, 1
3.633703, 3.517200, 0.817060, 0.643280, 2.363373, 2.661875, -4.239771, 1.388920, 4.399040, -0.234955, -0.878504, -0.572281, 3.456459, 2.044207, 2.272665, -4.464165, -4.718699, 2.537876, 3.149420, 0.232134, 5.354757, -2.681650, 9.612509, 9.531517, 4.921375, -2.731241, 2.903610, -1.176508, -0.400021, 4.514322, -2.506207, -1.943161, 1
4.237202, 5.974686, -2.917709, 0.877241, -6.699611, 3.053930, 7.941494, 1.443249, -6.189196, 9.699877, 2.348661, -0.016169, 0.013895, -0.521826, -6.680927, -1.402422, -5.654236, 4.394026, -2.508364, 6.059616, 0.687849, -5.807590, 8.120745, -2.178230, -4.065659, 0.251032, 0.218662, -1.639971, 2.777319, 0.747572, 3.848026, -2.764769, 1
8.890203, 1.098524, 10.887093, -1.437460, 7.027332, 4.350471, -1.746466, 6.645174, 0.329967, -2.381319, -1.604734, -3.721603, -0.333012, 3.455875, 0.770803, -0.114132, 2.730150, 1.370277, 3.666752, 3.170073, 4.939659, 4.834124, 5.762917, -6.964341, 6.152313, 1.258944, -5.091782, 2.949152, -7.807855, 3.140049, -1.666399, 1.410030, 1
2.092392, -2.452669, -0.889133, 3.277958, 0.675978, 3.876822, -0.337744, 4.888840, 1.004663, 2.260328, 5.056707, 3.710106, 6.492308, 4.512190, 5.217291, -2.366323, 3.297951, 2.938578, -0.739149, -3.574572, 0.846375, -9.455348, -9.809604, 0.448862, -1.663477, 2.386671, 6.437021, -3.458746, -9.962283, -7.407811, 5.012342, 3.150614, 1
1.463652, 3.790129, 0.970892, 2.628387, 3.577154, -0.463833, -7.971876, -2.920254, -1.933071, 3.158058, 4.856956, 4.379156, 3.632938, 4.705532, -3.888979, 1.456444, 2.303070, 0.520971, 6.770412, 2.011658, 10.397238, -0.143837, -0.395443, -2.936136, -2.955669, 2.538450, -1.207834, 3.870487, -5.871531, 15.709501, 4.821587, -6.746485, 1
-1.711416, 2.744215, 4.729612, 3.266357, -5.450988, -4.113733, 3.997366, -3.195845, 8.672302, 1.554380, -3.567913, -5.489516, 2.886496, 3.249355, 5.365465, 9.441736, 3.698519, 1.167320, 3.956532, 0.167751, 2.736048, 0.907700, 14.066755, 8.847553, 4.795033, -4.254189, 8.948244, -1.883135, 0.220524, -6.485191, 6.603874, -6.902679, 1
-0.167839, 1.090857, -1.560350, 8.455986, -2.553711, -6.080053, -4.573544, -0.323273, -4.277430, -0.670084, 0.728891, -2.198170, 7.927040, -1.207554, 4.589231, -2.128864, -0.181499, 3.578722, 1.179243, 2.345901, -3.592409, -0.637640, -6.674721, -1.608236, 4.852308, 1.266941, 2.260550, -5.424958, 0.746357, -2.070076, 13.672316, 6.086008, 1
8.850531, -2.890917, 5.488377, -1.959766, -0.523348, 0.608191, 4.641460, 3.738331, -2.993958, 6.053917, -2.499035, -1.968571, 0.310175, 2.176361, 0.848207, 0.105564, 1.218655, 3.215265, 7.708958, 3.256714, -4.041147, -0.976990, 5.334129, 7.121832, 4.784946, -0.762959, -8.376635, 4.902222, -3.930841, 1.652863, -0.742188, -1.760782, 1
0.307941, 9.176584, -1.089294, -5.073966, -5.084600, 6.965685, -3.983786, 11.660337, 0.892189, 8.603840, 6.027817, -0.187263, 3.277201, -1.355898, 5.180254, 0.945082, -5.308284, -4.758192, -3.882940, -4.364500, -0.924608, 8.319027, 3.115088, 3.121099, 1.631399, 1.862164, -1.444054, -3.819937, 3.864176, -11.352832, 6.239557, 4.923521, 1
5.571724, 6.784670, -3.404980, 3.788837, -6.551428, -6.717986, 6.915197, -1.285803, -3.417015, 1.116310, -0.105562, -2.873819, 0.101337, 2.338921, 5.356377, 4.768225, -5.730221, 6.511288, -0.459705, -9.359780, 5.579433, 8.139252, -1.484161, -2.442514, 2.939592, -3.581797, 0.083843, 6.091711, 7.915491, 3.814053, -2.257221, -1.222723, 1
-4.147017, 2.780422, 0.992281, 4.527809, 1.988304, -0.343515, 7.931660, -2.255199, -1.940704, 4.179071, 6.347103, 1.864719, -0.851711, 7.189306, -3.141638, 3.006071, -8.385690, 1.257647, 8.987181, 4.322277, 1.339226, -0.615475, 6.725983, 5.552895, 7.724422, -1.993881, 0.278326, -3.884193, -3.586615, -3.874371, 7.586880, 8.003820, 1
3.676613, -1.384644, -0.794575, 0.319597, 8.387327, -0.294409, -5.125896, 7.121019, -8.060532, 5.827784, -1.083431, -6.842165, 0.291960, 5.439604, -3.723022, -3.179394, 3.280415, 10.334433, -2.804743, -9.572678, 2.163176, -0.964119, 1.492905, 2.096058, 3.404512, -4.579435, -0.956633, 6.125444, -4.138369, -6.444790, 3.982788, 0.558914, 1
0.893770, -6.854233, -0.642408, -3.987780, -8.473122, 3.387276, 2.411175, 0.825924, -3.951612, -1.764666, 0.343935, 1.247587, -5.172915, -2.553904, -3.464239, -7.084173, 6.236183, -4.486223, 4.297770, -5.063487, 3.473692, 2.033127, -2.441259, -0.953869, -0.084829, -1.146767, -2.034592, 5.889465, -4.416029, 1.324175, 0.399090, -13.516096, 1
-0.142839, -0.519258, -0.795996, 0.544117, -0.394991, 9.525129, -7.254323, 2.617691, 7.066286, 7.703943, 3.813129, -2.535830, -12.450473, -1.357101, 12.524103, 2.798014, 5.682869, -2.642282, 6.266169, -1.777250, -3.912149, -0.001810, 3.105856, 9.142303, 3.558941, 2.585373, 2.742680, 3.487501, 5.295692, 5.205870, 5.855700, -5.106225, 1
-7.055706, 1.191793, 0.512802, 1.686357, 3.460615, -7.754853, -1.829790, 5.026800, -4.059431, 3.611961, -6.264883, -1.807800, -9.184694, 1.833906, 3.203032, -1.177855, 2.388742, 1.135475, -4.676130, 5.936550, -4.866978, -2.162971, -7.892580, -9.132828, -4.985331, -4.253428, 4.943232, 4.630657, -3.897392, -6.465033, -8.194230, -1.811298, 0
-4.511765, 0.917753, -0.055651, -10.606649, 5.501490, 1.224224, -1.681931, -2.527519, 1.601801, -1.881380, 2.926361, -7.492401, 5.029425, 3.958038, -6.322552, 3.600033, -6.291578, 1.700148, -6.081451, -8.016214, -1.932245, -1.826488, -4.253431, -3.552580, -2.208738, 2.444021, 2.010693, -2.099897, -0.599054, 4.820900, -9.873703, -0.598127, 0
-8.223374, 0.163475, -2.161348, 1.971277, -2.287899, 1.278490, 4.368841, -8.307612, 5.972637, 2.463104, 0.379303, -4.036343, -3.502766, -3.780293, 2.003498, 2.884567, -2.772043, -5.809187, -3.455276, 4.715174, -10.682234, 6.030148, -2.926226, -3.438974, -6.424997, -3.021294, -9.937117, -6.149775, -2.450563, 2.245630, -9.988549, -0.456635, 0
-5.309116, -0.906458, -6.377687, -4.717655, -1.396397, -2.662567, 8.870447, -2.908224, -0.207050, -0.976622, -9.266777, 4.631599, 3.877430, -3.976265, 2.313591, -1.230526, -1.335545, -7.717284, -3.400730, 3.949366, -1.985851, -0.887104, 0.329147, 2.016195, 0.617054, -0.085310, 2.471956, 4.763508, -5.540668, -10.051144, -0.201708, 0.487062, 0
0.830578, 0.516550, -4.325304, -0.865150, 1.059124, 6.607994, -5.360209, -2.681808, -4.886972, -8.095019, 5.771961, -10.779715, -0.793066, -5.906399, -2.302832, 1.072340, -4.249670, -7.292176, -3.126408, -0.070444, -0.899170, -1.484766, -3.828358, -1.438221, -10.548217, 1.014168, 3.486662, 1.715361, -1.043131, 2.777908, 0.374500, 2.797235, 0
-4.744785, 9.100668, -9.826122, 6.092054, -3.489677, -1.495541, 3.480251, 2.721458, 3.010231, -11.331402, -7.997032, -8.258954, -2.061050, -1.429947, -8.391811, -10.433071, -2.373390, -11.421578, 1.748791, -4.794643, 9.216139, -2.967400, 0.696432, -1.143688, -0.651793, -0.721529, 3.329338, -0.944016, -0.889835, -1.429586, -6.907272, 6.544315, 0
1.518614, 8.135803, 0.245459, 1.053583, -1.680508, -11.695302, -2.131302, 0.729782, 5.610840, -1.727549, -3.081308, 4.827248, -4.693317, 0.587587, -3.227295, -0.102751, 7.590412, 5.119061, -2.757885, -1.819088, -4.992746, 5.097649, -7.447910, -3.153976, 1.027868, 0.623230, 2.380907, 1.496632, -9.350112, 5.561939, 3.891693, -2.588408, 0
-0.180204, -6.102844, 5.208174, 4.227964, -1.910063, 5.039772, -0.460413, 3.699921, -6.315639, 7.634937, 3.744410, -8.502688, -0.174217, -2.958200, -1.873152, -1.690170, -11.671923, -5.479834, 4.420271, 1.451300, -5.144676, 7.854939, -3.107845, -4.303722, -3.977329, 3.518570, -0.278753, 0.648951, 3.540508, -1.310980, 4.105169, 3.544456, 0
0.932978, -10.583087, 4.629513, -5.379822, 1.670572, -2.103226, -4.337637, 8.744890, -5.789743, 1.505180, -0.203844, -4.680656, 2.914919, -8.430195, -0.357092, 4.652138, 4.423206, -0.699238, 5.927090, -4.659414, -1.016975, -9.960382, -3.382782, -1.078632, 2.771793, -3.863483, -4.449032, 0.287886, -1.631376, -1.807167, -4.722387, 0.144644, 0
-0.081800, 4.391466, -1.694386, 1.460228, -5.668623, 4.943317, 2.140169, -2.411602, 1.745314, -4.384348, -1.443499, -5.074257, -1.528048, -3.288589, 0.557699, -2.074255, -5.348782, -6.930967, 3.654140, 4.241964, 3.023258, 1.854086, 2.977060, 1.809526, -6.214231, -3.461658, -2.997049, 3.091921, -0.588644, 7.424168, 2.286652, -4.725126, 0
1.234884, 0.666590, -10.288547, 5.037350, -1.819401, 4.890022, 6.348965, -1.552338, 2.541622, 2.028284, -7.491608, 3.648073, 7.116375, 8.624895, 1.282892, 7.823849, 6.702547, 1.362112, 1.513990, -8.261314, 3.033970, -1.829390, -12.118556, -5.649424, -10.487475, -7.062522, -9.542358, 4.484451, 1.299738, -1.911854, -6.271515, 2.610966, 0
-0.732416, -0.275402, -4.261068, -6.821457, -2.154478, 0.942030, -5.002718, -9.014501, 4.155533, 1.810965, -6.803240, -4.449516, -2.057663, -4.616058, -3.833759, -0.507908, -0.051525, 2.743340, -3.258928, -5.697010, -6.925663, -5.244719, 1.565584, 1.302698, -9.670912, -3.116270, -2.515547, 6.597786, -4.867615, 4.630438, 4.358631, 4.287275, 0
-2.598463, -3.727768, -1.485086, -4.098476, 6.456551, 1.583439, 2.243235, 0.166307, -7.943751, -3.683884, 0.068264, -0.279036, -2.215021, -0.067137, -6.317215, 3.444578, -1.910870, 0.858809, -4.063646, -0.475254, -5.279739, 4.361372, 2.378220, -4.448227, 1.872799, 4.878126, -3.513094, -1.425501, -6.738876, -9.983506, 3.431133, 1.143845, 0
4.875856, 2.369745, -4.644909, -1.485481, 0.770775, -3.999601, -3.294983, -11.551257, -7.210916, -7.903683, 1.874342, -1.397417, -5.341393, -3.554443, 1.467737, 3.901892, -0.996231, -0.601582, -1.453127, -1.480417, 0.086740, 5.875885, 1.102362, 0.208181, -2.359573, 4.638807, 1.822111, 0.169508, -8.555262, -1.801098, -3.280262, 4.861383, 0
-3.898239, -7.407882, -7.134922, -2.720030, -0.433241, -3.575766, 10.203424, 4.150255, 2.154129, -2.528265, -7.548791, -2.298279, 0.967173, 0.547352, 4.185930, -0.788469, 1.970591, 0.106176, -0.931021, 2.173594, -2.046249, 6.865358, 3.452917, -2.515347, 0.101665, 0.651958, 1.552372, -2.816092, -2.274696, -5.690929, 3.486065, -3.857038, 0
1.873749, 2.386814, -1.005327, 1.037933, -1.554861, -2.260746, -3.242918, -0.085936, 3.145260, -3.073360, 0.416599, -0.298199, 8.429087, -4.203489, 1.385296, -6.426695, -1.747267, -4.525053, -1.656698, 11.304945, -2.560574, 5.042475, -4.335918, 1.136196, 3.590496, 3.455528, 0.868361, 5.975584, -5.074553, -1.577883, 7.132996, -4.292217, 0
-1.240738, 2.225161, 1.153650, -0.533310, -3.150173, -1.024462, 3.851982, -11.050046, 6.280846, -3.502434, -5.580435, -0.580202, 3.572718, -12.515574, -2.123957, -3.662624, -4.106710, 0.998695, 3.847782, -0.789698, -6.685863, 0.333645, -2.675869, -4.875732, 4.268385, -4.943584, -3.286152, -3.519203, 5.768255, 1.970200, -0.780222, -0.016968, 0
-5.874987, -1.345922, 8.609409, 1.493090, -9.437026, 0.999140, 1.515491, -2.543535, -0.181292, 2.743042, -3.560083, 2.045887, 3.344666, 5.646025, -0.764582, 1.298450, -0.508081, 4.338310, 2.983700, -0.530264, 3.311146, 3.522924, -2.791950, 1.232214, 4.471432, 1.808729, -6.670170, 3.264315, -8.052182, 1.364222, 4.428732, -1.277647, 0
0.734570, 0.506517, -1.906521, -6.493799, -6.534367, 5.476498, 8.359503, -2.854010, -1.682793, -3.884598, 0.241236, -1.734364, -9.250870, 6.192198, 7.556131, 7.084698, -1.379419, -1.749603, 4.448000, -2.649298, -1.693945, -4.125546, -2.815329, -0.589859, 1.991541, -2.713697, -2.945650, 1.467794, -2.818560, -3.545851, -0.715275, 1.848175, 0
0.999743, -2.508472, -1.258991, 3.070210, -1.011112, -3.853773, -2.523527, -2.131254, -4.174019, 2.808548, 2.698780, -1.503956, 1.369541, -1.098007, -3.246841, -2.300718, -5.451145, -10.565855, 0.299564, 1.641790, -4.954344, 1.383394, 1.529125, -3.950306, -5.584049, -1.525019, 3.169336, -3.019375, 1.587872, -5.373135, -2.231136, -0.515272, 0
-2.938026, -6.335123, -1.550093, -0.537489, 0.562052, -4.046558, -2.535826, 7.752029, 4.661764, 0.351328, -2.026295, 3.796583, -1.618042, 1.273720, -2.545753, 0.329107, -13.843238, 0.384539, -0.511864, 0.102577, -4.785746, 4.897541, -0.138998, 2.316933, -0.258350, 4.574526, -0.325916, -5.330770, 1.934858, 11.486773, -3.375641, 0.996660, 0
-6.868929, -9.807673, -3.719831, -0.084496, 2.658566, -1.679806, -4.887806, -0.869183, 0.814932, -5.858215, -12.209130, 4.906284, -4.715099, -1.851288, -1.948769, -2.254290, 0.289600, -1.932270, -2.153555, -3.584993, -9.346992, 6.739187, 1.202887, -0.342571, 4.172937, 3.655651, -1.840963, -1.455334, -5.993021, -1.253342, -1.466595, -5.598364, 0
-2.398548, -5.572060, -0.403572, 3.608288, -10.534596, 2.025370, 2.743561, -1.968975, -3.144550, -3.726461, 7.398569, -3.638142, 1.544298, -7.678699, 1.107513, 0.682558, -3.853729, 0.511614, -1.953846, 0.731647, 5.082487, -2.553118, -1.669926, -4.453135, 3.629959, -2.542397, -0.337090, -3.298429, -4.075779, -7.884292, 0.572660, -5.395403, 0
-3.756721, -1.108690, -4.176790, 5.516615, 2.478867, -2.036919, 0.565384, -6.088373, -4.361141, -1.841936, 3.327633, -0.294552, -1.397213, 2.100212, -7.067607, -9.338635, 4.289183, -12.414063, 0.246208, 0.405212, 6.432274, -2.672760, -0.807905, 9.093344, -1.250233, -4.233318, -0.401831, -4.729120, 1.954754, 3.746914, 1.000681, 6.062578, 0
-6.096470, 3.407364, -3.025057, 5.269318, -2.223265, 2.034704, 10.647093, -1.569685, 5.211977, -0.916201, 0.434860, 0.407883, -3.912100, 6.138746, -2.174633, 4.007128, -4.653185, -2.564503, 5.640347, -5.447182, -3.702978, -7.529067, 1.569639, 4.314196, -4.004690, 3.374802, 1.636042, -1.956760, 2.778011, 1.855042, -6.122906, -4.433094, 0
-1.433195, 1.441151, 3.776121, -4.530937, -2.026766, -3.666197, 3.521994, 3.567028, -6.042500, -5.520311, -2.256533, -4.350922, -2.266010, -6.598110, -2.720947, -1.157873, 5.169073, -3.290892, -0.773661, -2.835964, -2.797390, -7.201574, -5.220413, -0.425510, -4.523632, -1.674759, -3.104076, -1.609993, 2.580942, 4.678217, -3.796326, 0.762381, 0
-3.213072, 5.671234, 4.937063, -7.198059, 3.259588, -3.994547, -0.466814, -3.830238, 4.441528, -4.927614, -2.719854, -2.179094, 0.234663, -2.549353, 3.032150, 0.821804, -5.537331, -3.057262, -2.854490, 0.361387, -5.505548, 3.126360, 5.354467, 8.503099, 1.794807, 3.603632, 1.177536, -2.852915, 0.760374, 7.194298, -3.523132, 7.118992, 0
4.906303, 2.129211, -0.063309, 1.655306, -3.632658, -2.837490, 4.655226, -3.347763, 0.641720, 5.375450, 2.394688, 0.668041, 0.248123, -2.773739, -3.634012, -1.413797, 2.065002, 1.974775, 1.073656, -0.000156, 0.248108, 3.784548, -3.151697, -3.449429, 4.605017, 2.495939, -0.344702, 2.718771, 0.949697, -3.988935, 3.837395, -0.371878, 0
-1.483208, 2.438702, -4.555054, -3.084778, -0.326365, -0.469425, -3.526743, -2.864504, 1.862850, 0.425287, 4.416275, -9.575605, 0.498419, 1.972198, -2.617424, 1.233543, -0.841908, 3.326658, -5.695992, 3.581284, 0.691740, -4.408382, -2.671995, 2.091070, 3.033567, -3.125778, -3.869169, -7.579348, 1.826450, 6.500484, -1.796770, -2.819637, 0
-5.829304, -8.666571, -0.063763, -1.083773, 2.658014, -3.261976, -8.091324, 4.592993, 6.900707, 2.019640, 6.035126, -3.785416, -4.254259, 8.895571, 3.484591, -2.120386, 1.808887, 4.173449, 3.121069, -1.474739, 7.045845, -10.045892, 1.896980, -5.040657, 0.465710, -3.497030, -7.063987, 3.061773, -0.810066, -2.856358, 1.558952, -3.355759, 0
-2.718719, -4.396856, 2.242819, -1.584991, -4.535387, -2.367144, 1.241831, -4.811302, 4.260262, 6.375385, -7.552011, 1.266134, -2.661900, 1.231676, 5.096014, -2.240274, -2.043659, -4.436516, -1.884462, -7.550658, -2.015694, 4.316727, -3.703449, 4.743523, 1.023825, 6.134743, 1.475258, -2.580774, -0.849586, -0.911638, 1.615868, 2.030766, 0
-5.054316, -9.956273, 7.707085, -0.880812, -6.462891, -2.085276, -3.711639, 1.848700, -6.092987, -3.000092, 0.474148, 5.048061, -0.003820, -5.542458, 3.559341, 5.747650, 0.772045, 3.433210, -3.307482, 0.249964, 1.869705, 2.986029, 3.941841, -0.486826, -0.216074, -9.749973, -3.977516, 6.031536, 4.240061, -6.493139, -2.478540, 5.554319, 0
3.692720, -4.574022, 7.749620, 2.725946, 8.207260, -4.673145, -7.580924, -1.903950, -2.374395, 1.975523, 0.197544, 0.725304, -3.147600, -4.144318, -4.536657, -0.304390, -3.720295, -3.067625, -10.450992, 0.449005, -0.774427, -2.848139, 2.366543, 7.217760, -5.230806, 4.668774, -1.282196, -6.610010, -2.203941, -3.006615, 1.684038, 2.460934, 0
6.419350, -1.593170, 4.730841, -4.807316, 0.820974, -2.502174, -0.551912, -0.434290, -7.421967, -4.103149, 2.359234, -0.505842, -5.909832, -5.742264, -2.787342, 2.408306, 5.462782, 5.862961, -4.933580, -6.777161, -8.937298, 3.889431, -4.287930, -0.199047, 2.326620, 6.732395, 0.637510, 2.581287, -0.665266, 1.941845, 4.474937, -1.003069, 0
-10.408228, 1.332958, 1.690147, -0.171312, 6.932888, -1.558680, -5.489899, -1.085018, -0.810598, -3.825640, 0.064470, -1.055544, 1.884481, 1.153391, -5.967382, 6.630873, -3.536200, -3.963018, -2.289959, 4.139086, -4.455238, 3.763638, -5.256176, 4.128876, 4.333981, 4.010172, -0.748720, 3.105534, -8.162025, -0.150648, -0.534565, -1.840797, 0
6.153795, -5.789131, 0.778214, -4.690235, 5.902758, -4.843534, 4.167624, -3.964396, 0.956856, 2.819189, -0.791609, -4.223083, 6.952236, -2.846378, -4.777782, 4.459063, -5.222467, 1.130547, 4.878105, -0.014757, -3.432037, -1.076490, 4.920328, 6.295914, -5.224520, 1.364616, 2.876595, 3.049374, -12.373657, 4.717077, -9.648213, 7.820839, 0
0.992027, -6.463882, 3.869694, -2.522585, -12.181559, 4.534410, 0.258823, 2.351788, -5.705744, -8.263255, -2.379824, 3.041376, -0.938349, 1.156864, -0.011820, -2.489473, 2.822996, -1.035898, -2.876352, -3.846153, -0.372147, 4.680676, -1.387453, -5.343340, 0.865881, -1.683180, -0.793205, -1.682980, 2.953924, -4.114716, 1.167650, -0.887653, 0
-5.911438, -5.561676, -1.950108, -4.052862, 2.783300, 0.111280, -3.129128, 0.075285, -8.735690, -1.474764, -1.446735, -1.038427, 6.048321, 5.388098, 2.237404, -4.452097, -0.998877, -1.640690, -1.008059, -6.352581, 2.281084, -5.449617, 1.534435, -9.279920, 0.210945, -1.945133, 0.021959, 6.130526, 4.226810, -8.908500, 3.298538, 3.030394, 0
-9.309611, 7.249979, 0.904030, 2.741587, 6.239588, 1.300907, 8.416391, 1.529192, 2.067822, -0.019802, -9.991761, 9.784468, 1.982250, 0.574533, -2.934443, -8.519279, -6.614355, 2.660034, -2.116255, 2.106476, -2.113190, -5.973835, -0.907328, 4.013699, -9.855548, 2.574369, -2.875536, 2.440819, 1.334776, -8.705028, 2.880598, -2.569838, 0
4.061480, -0.968430, -5.448429, 1.012274, -3.645597, -11.434547, 2.849386, -9.113545, -3.848394, -5.983953, 4.036295, 5.770578, -4.385775, 5.066374, 1.361195, -0.809523, -1.026020, 1.142887, -3.562817, 1.664503, -4.651546, 2.485123, 4.909863, 4.968500, 3.131714, -5.274626, -2.899754, -2.112671, -1.014299, -9.675044, -3.220806, -0.314339, 0
6.744656, 9.883833, -1.900419, 7.059830, 1.943731, 2.959167, 1.380785, 3.365519, 4.647337, 0.066624, 6.530632, -1.136465, 6.360058, 2.567383, -1.820448, -4.283588, 5.592461, 0.003208, 0.130154, -12.820508, -3.162495, -3.302349, 5.170830, -0.183088, -0.978159, 0.013329, 4.878878, -1.264048, -3.024055, -6.277822, -8.918622, -8.013014, 0
-7.849602, -0.776745, 3.913240, -0.734262, -0.076363, -3.156214, 3.859417, 6.687220, -10.350252, -2.087605, -8.619009, -4.423969, -2.778627, 4.300909, -3.661879, 0.065638, 3.837116, 2.987785, -2.168859, -12.213102, -5.410912, 2.225904, -0.950186, 3.042524, -8.318479, 3.286140, 2.171358, -5.520033, 0.370760, 6.373503, 1.643505, 5.498663, 0
-1.502207, -9.941602, -6.864197, -1.882393, 1.073324, -2.931755, 6.969635, -6.782652, 4.152817, -1.521292, 0.268831, 3.976789, -13.316411, 0.465960, -0.249771, 4.984827, 2.072765, -1.900688, -2.266851, 13.191641, -3.210443, 8.446005, 7.192213, -2.741779, -13.848518, 1.011152, -7.925952, 0.564117, -4.438227, -5.639633, 3.462496, 4.176260, 0
-2.912409, 3.669029, 2.432333, -8.565241, 5.515556, -9.209112, -1.650270, 0.623720, -2.747112, -2.645142, 0.440975, -5.859472, 5.346735, -3.029240, 0.213055, -8.408884, 7.390059, -5.813784, -6.203524, -0.275663, 4.938097, 2.243162, 2.966099, 0.965927, -1.659622, -8.290699, 2.865868, -4.447718, -1.718763, -1.781168, -2.133770, -2.892670, 0
-4.586311, -2.660007, -8.289731, -3.360966, 9.937292, 0.334538, -1.219118, 0.095840, 3.272318, -7.216137, -9.941439, 6.059473, -2.822447, 6.295645, -8.715858, -10.843495, -2.560200, 2.958660, 2.888618, -2.030394, 6.228266, 4.282881, -8.277712, 2.078403, -0.648884, 2.013123, -1.217541, 0.634792, -7.256745, -4.712038, -3.179155, -0.069275, 0
-2.683062, -4.053968, -3.355045, 4.106421, -7.319725, 0.677212, -3.102533, -2.489164, -4.698008, 6.085077, 5.363464, -0.439766, 0.053415, 7.180141, 5.182121, 7.790005, -0.104366, -7.851862, -2.573696, 0.338034, -1.142504, -2.649395, -4.256678, 1.570580, -3.110603, 3.404398, -2.289164, 2.921141, 3.776993, 1.639603, 0.581810, -0.228647, 0
-2.023548, -1.826715, -1.304436, 4.817543, -4.160055, -3.451025, 0.300859, 1.608582, -1.846180, 0.516603, -8.535572, -3.277588, -1.842285, -3.336727, 2.613403, -1.561615, 8.770369, 0.194843, -5.679321, -3.826603, -7.452286, -8.235065, 1.242582, -1.822294, -9.372311, -2.810778, 1.596926, -2.109846, -0.958170, -1.459732, 0.984297, -9.269493, 0
-3.246931, 0.268021, -3.028219, -2.602444, 5.074797, 1.569851, -1.558630, 3.218311, 3.836002, -3.180693, 3.987852, -10.692019, -1.395491, 1.719950, -2.523233, -0.615784, -6.806660, -3.202988, -2.313755, -7.413799, -5.432045, -2.637604, -3.285398, -5.232336, 1.362432, -4.272308, -0.590275, -0.225899, -2.587482, 0.376089, -0.084173, -7.124093, 0
6.572617, -3.692822, -12.235295, -8.564994, -1.170073, -3.102108, 1.359552, 0.203259, 0.269142, -1.395721, -5.956955, -8.930840, -2.712315, -3.046791, -2.582781, -3.584333, -6.945503, 5.347166, -1.712364, 1.955462, 2.517984, 0.940784, -2.017792, -4.234364, 6.869370, 5.263308, -0.931908, 8.339115, 2.108490, 0.497185, -1.078724, -3.986904, 0
-10.599957, -2.349352, 0.972292, 2.999990, -2.310457, -5.688374, 5.378187, 0.305868, -6.785542, 0.079798, -7.964195, 1.781168, 0.246893, 0.855547, -5.212467, -1.225445, 0.613304, 0.203121, -11.797031, 8.186789, -0.755213, 0.065907, 1.057207, -2.416397, -0.844374, 2.128038, -2.325026, -0.835161, 5.214737, 0.672310, -9.795126, 3.271790, 0
3.921774, 4.771786, 1.354744, -5.446367, 1.786661, -3.101154, -1.879280, 3.232208, -4.215305, -2.681036, -6.788872, -9.975259, 8.366047, 0.854511, -0.918543, 0.090502, -2.780775, 2.935520, -4.280680, -0.035343, -12.720572, 4.249126, -6.487949, -5.325342, -4.661243, -2.590664, -2.879580, 3.263441, 0.190577, -1.732388, 1.236654, 0.252207, 0
1.948618, -9.774583, 6.196793, 6.904449, 2.310696, 1.530615, 3.115578, -4.594097, -4.128775, 1.109043, -6.104794, -2.907131, -8.073009, 1.006954, -1.752470, -1.257828, -3.378214, -7.899779, -0.548235, 6.738888, 0.290747, 2.209055, -6.064302, 7.427784, -2.239233, -14.274796, 2.721214, 4.095064, -0.744709, -0.747601, -2.847553, 5.736528, 0
-0.371410, -4.336342, -2.234764, -9.362311, 1.724920, -9.016820, -0.110464, 1.806097, 1.892570, 1.009266, 1.716354, -11.564775, 2.114363, -3.211021, 1.887177, 1.080948, 4.828623, -1.657797, -4.038448, -1.872684, 1.235439, 1.673014, 0.679316, -0.546455, -1.480593, 2.520060, -7.530252, -1.259920, 6.391184, -1.365507, 1.553455, -10.182018, 0
2.837561, -2.165205, -3.277775, -4.683786, 5.048208, -0.596563, -3.316486, -7.905763, 0.410681, -2.393621, -1.583380, 2.660738, 3.045565, -3.636557, -0.546333, -1.085175, 4.893988, 1.084003, 0.249638, 0.776201, -1.122520, -5.499233, -3.163509, -3.863005, -6.397243, -5.090588, -7.335162, 4.180979, -7.916377, 1.128403, -3.834892, 0.919300, 0
-6.611925, -4.371037, 0.405916, 0.425106, 3.499998, -3.112034, -1.235107, 0.429825, -3.868904, -3.153252, 0.312532, -2.169668, -0.536440, 3.197075, -2.517864, -5.890545, 2.702063, 1.633867, 4.480785, 5.976892, 0.133057, -3.887041, -7.656866, 0.826551, -1.950535, -5.555738, -12.623911, -4.729401, -6.996157, -6.102207, 2.018032, -3.418531, 0
-9.993085, -3.076664, -2.810709, 0.450052, 4.565132, 5.615520, 0.120367, 1.020191, -5.985527, -3.394073, 2.860348, -4.560158, -0.728304, 1.127930, 3.611795, -3.278553, -4.395828, 2.583376, 4.473059, 6.735050, -3.900940, -4.236784, -7.133056, 5.084244, -2.083626, -0.401693, -3.701426, -1.826393, 7.281895, 3.331587, -1.888163, 7.097885, 0
-2.736477, -5.797951, -0.705912, -1.978659, -2.907419, 0.084826, 2.749060, 4.574545, 2.924040, 1.714556, 1.624987, -3.932737, -2.743532, -9.423014, -2.781126, -4.214912, -9.663648, 2.223438, -0.017748, 3.947811, 0.537565, -4.205822, -4.585571, -7.267830, -0.209618, 3.909513, -0.377411, 3.017971, -4.445679, 3.701710, -3.436707, 5.575464, 0
0.571711, 1.325306, -4.619175, 0.206068, -5.625072, 0.501110, -1.047361, -6.608936, 3.813404, 3.740389, 2.878870, 12.085588, 2.317463, -6.986855, -11.418047, 3.473598, 1.510658, -4.776157, 1.173101, 2.204113, -1.626221, -9.418407, -6.294907, 2.785324, 3.417376, 2.200081, -5.271738, -1.531336, -2.979832, -9.137438, 0.496704, -3.635317, 0
-3.670719, -3.653847, -5.097956, -3.126343, -1.897524, 6.016079, -5.322390, 6.368599, 0.506388, -2.984327, -3.626913, 0.103022, -1.075706, 2.381065, 1.465107, 0.756424, 8.265598, 4.498209, 1.012863, 3.276943, -7.940557, 0.803946, -1.875282, -2.668125, -4.565363, -6.242773, -10.669155, 2.302576, 0.849710, 0.653458, 1.095573, 0.263096, 0
4.790464, 1.256048, 4.088640, 5.363922, -1.240168, -9.036951, -0.153635, 6.334291, -2.280313, 2.831865, -1.145948, -2.772837, -6.204533, 3.503174, -8.108140, -7.283562, -0.489595, -4.347990, -2.383347, -2.778128, -0.560965, -3.582455, 1.144466, -3.204931, 1.033659, 2.670385, -6.524426, 3.263784, -3.880812, -0.794300, 3.343493, -0.600897, 0
2.505909, -8.651073, -1.824951, -5.113096, -1.530273, -3.184322, -1.069378, 3.716496, 1.221977, 6.394466, -4.662388, 0.979990, 6.358372, -3.964390, 1.235041, 3.543055, -0.507326, 4.317118, -2.070953, -3.519501, -1.541843, 7.245693, -2.103369, -5.450441, 5.139742, 10.344210, 3.034813, 4.354469, 7.664995, -3.606487, -5.499977, 1.857647, 0
3.708000, -2.486557, -1.121099, 1.415863, -6.867512, -5.219454, 3.014032, -2.657902, 0.109842, -0.575594, -1.114882, -0.831066, -1.197239, -3.958515, -2.761129, -4.157112, 6.680050, -0.632153, 6.297726, -3.103571, 0.597160, -0.659916, 3.687460, 3.136833, 5.291136, -1.331869, -3.384464, 10.575102, -5.751160, -5.159704, -2.602615, -1.739798, 0
1.905058, -0.953415, 4.889671, -1.240866, -3.733778, -0.699221, 6.830538, 0.296564, -3.106499, -8.000968, -2.061371, 4.273378, -3.407961, 2.363379, -6.872208, 9.611155, 7.767130, 3.446260, -5.630638, -5.696695, -7.614144, 8.524567, 2.418427, -1.574017, -4.429409, -2.091225, -1.166676, -1.645895, 5.342909, -0.989685, -6.186588, -8.249475, 0
-4.634148, -1.182560, 5.053928, -3.950609, 6.401016, -0.143545, -8.876040, 2.014900, -8.345245, 0.238716, -2.682650, 6.895229, -1.000509, -2.724295, -1.369926, -3.198809, 2.365889, -1.039167, 2.506548, -0.453604, -2.913696, 0.473991, 7.629688, -0.998117, 3.894886, -7.795369, -0.260525, -3.366158, -2.179554, 6.182280, 0.221245, 2.889278, 0
-6.198109, -1.938627, 4.459728, 0.763882, -9.888689, -2.358107, 0.025278, 0.306110, -4.587107, 0.991821, -1.879246, 1.261177, 2.192694, 3.996208, -5.611917, -1.928299, -9.168555, -1.386490, -1.862139, -10.727214, -7.590338, -5.571529, -2.394289, -5.721266, 0.933712, -6.146654, -4.060890, -2.219070, -6.011490, 4.278053, -2.736458, -7.953299, 0
1.313595, 3.689720, -0.133497, -5.729004, 3.689901, 0.580095, -9.399107, 3.390747, -0.979786, 6.967587, 1.912741, 0.530581, 4.531578, 4.018568, 0.127113, -4.882816, 0.185112, 0.854130, 0.302223, -1.075581, -7.087148, 2.307953, 3.764748, 0.876034, -10.380495, -5.187332, -6.870358, 0.817286, 9.495054, -6.799881, -0.904417, 1.913033, 0
-0.134434, -0.636215, 4.105711, -1.118269, -3.338909, 1.791569, -0.206051, -4.261585, 6.394741, -0.897615, 1.182936, -5.830976, 2.095173, -2.070580, -2.642834, -1.741152, -3.697371, -6.927288, 3.865015, -5.145084, 3.589075, -6.481207, -0.958231, -5.313307, 0.722206, 5.957411, 2.800232, -0.532595, -4.273323, -4.864822, 0.027132, -2.511030, 0
0.645464, -5.103014, 6.232990, -4.522915, -1.252565, -6.791042, -6.878248, -0.815735, -3.072474, 6.027538, 3.932917, -8.309540, -8.542602, 2.865076, -8.006092, 0.525803, -0.229702, 0.564478, 1.908842, 0.595955, 5.074663, 1.335558, -6.729156, -0.452242, -4.949907, -5.203951, -8.636765, 4.645470, -8.606541, -2.822287, -2.681690, -0.964272, 0
-1.853001, -5.156202, -10.325814, -2.321148, 1.477789, -2.870321, 1.127951, 5.253357, -5.205954, -8.145248, 0.247074, -4.612286, 0.201080, -0.473486, 3.808569, -0.752388, -0.882244, -6.279877, 5.734390, -3.958658, -2.896418, 2.025928, 2.508394, -5.207745, -0.112644, 2.659678, 3.025461, 0.320055, -1.896132, -3.066174, -3.009117, -4.098316, 0
-3.405344, -0.074303, 0.833778, 1.548103, 7.371176, 1.816294, -3.058311, 2.559940, -7.039501, -5.381428, -6.539139, -4.692308, 1.769053, -9.357132, -5.290567, -6.048204, 3.267778, -1.360470, -3.860100, -1.893709, 1.607227, -0.494257, -3.009203, -3.502371, 6.878801, -6.067125, 1.872461, 1.506104, -2.673468, 0.585411, -0.994738, -6.953625, 0
-1.415453, -5.930687, 8.605795, -1.402397, -6.806330, 3.781126, -1.803354, -1.101156, -3.554295, -6.220980, -4.213268, 3.844955, -0.082287, 2.257244, -6.520477, -1.701761, 0.519503, -1.087349, 8.837847, -4.562212, -4.711508, -1.372063, 1.436359, -1.192614, 4.588863, -2.717350, -3.624897, 5.498619, -0.265409, -15.100906, 5.181471, 4.338245, 0
-0.370653, -2.611252, 1.668352, 2.557844, -0.205799, 3.712894, 2.312958, 4.518728, -0.702681, 2.537376, 0.289520, 1.410038, -3.871582, -3.307961, 0.230421, -4.416389, 5.496964, -7.512671, 0.423157, 2.696854, 1.580614, -3.121428, 0.332502, -7.237675, 4.865540, 0.174719, 5.961769, -6.026379, 1.789892, 4.907436, 3.993135, 2.725674, 0
-1.568871, 1.362783, 1.275560, -0.741812, -0.778021, 5.121422, 3.514408, -1.308704, -1.056370, 1.234903, 5.449526, -6.610626, -1.769939, -0.311060, 7.448269, 1.783022, -1.424097, -3.604864, -1.448940, -6.145487, 3.087685, -1.887659, -6.291174, -1.882889, 4.065578, 0.676105, 4.760023, 0.250416, 1.944542, 3.399231, -5.060463, -3.231195, 0
-3.077238, -1.638889, -0.941467, -0.388393, 2.765123, -0.164736, -14.565495, 0.228327, -4.275614, 0.858767, 3.228636, -7.745799, -0.763624, -0.509010, 4.156425, 1.659678, -2.416594, -1.273800, -2.179249, -1.911442, -6.225029, -3.490372, -13.745274, 1.049580, -4.485229, 5.002588, -1.466707, -3.760443, -4.757555, -1.305998, -12.000053, 0.138111, 0
1.167677, -1.807751, -2.144283, -0.939505, -2.895699, -1.480484, -3.620426, 2.808729, -5.592060, -3.733126, -3.864782, 2.357269, -2.860153, 3.626745, 0.229298, -1.731094, 1.564678, 6.564737, 0.146023, -5.404568, -0.317497, 4.612568, -4.140799, 2.804337, -1.732706, -6.611988, -0.278942, -1.662527, -0.114664, 5.792767, -2.160753, 6.700466, 0
0.946115, -7.339022, 3.421312, 1.214035, -8.853986, -6.754217, 3.440002, -7.769384, 1.983051, -5.824507, -2.426048, -4.962917, 6.663902, -13.036033, -1.814253, -0.255920, -1.211002, -1.166418, -3.717083, -6.077724, -0.767931, 1.621681, -2.202740, -6.892439, -0.371454, -3.742455, 2.665842, -1.358889, -0.384214, -2.260122, -3.814426, -1.561066, 0
-17.029352, -4.014206, -3.246983, 9.480326, 0.060335, -4.438244, 7.557943, 0.323080, 3.355030, 1.032314, -2.401165, 4.054237, -0.870502, -4.562302, -3.787096, -7.703371, -0.228336, -4.751673, -1.946459, -5.348660, 1.421333, 2.810472, -6.201448, 1.980726, -9.140378, -2.032469, -2.468937, -3.261015, -11.827125, -0.819851, 0.088371, -2.647202, 0
-2.241404, 1.984375, -2.247040, -8.402442, -0.571255, -3.427431, -2.314695, -0.813732, 11.282389, -1.975830, -8.834090, -4.037838, 5.261766, 0.661654, 3.617329, -0.019384, -1.343643, -7.216311, -3.388908, 4.572472, -2.272783, -4.822578, 0.084139, -6.058836, -8.360070, -3.892054, 3.240345, -3.210773, -1.158682, -2.066837, -0.731375, 0.360170, 0
8.806675, -3.545542, 1.242033, -7.079707, -4.222115, 2.163050, 1.856794, -11.740865, 6.099194, -7.102568, -2.526596, -0.887732, -2.429665, -3.024992, 0.372255, -0.965008, 4.320059, 2.491905, -3.025745, 0.496292, -0.925766, -3.921490, -7.124240, -2.709879, 9.370207, 3.815281, -4.070942, -4.391323, 1.157063, -3.496435, -1.922497, 8.609484, 0
-5.859695, -0.589802, 4.553381, 4.268177, -3.222511, -3.017527, -2.794859, 2.554853, 0.221590, -0.786139, 5.535803, 2.151978, -2.028124, 3.726160, 3.400469, -2.422516, 0.976723, -8.466346, -3.353991, 6.489218, 0.773003, -2.722862, -9.414322, 1.833551, -2.717623, -0.292789, 6.553991, -7.230320, 3.416210, -3.875818, 1.286821, 4.599894, 0
-5.999298, -5.203611, -1.306311, 1.905386, 12.496313, 1.486023, -1.244118, -6.627106, -1.123718, -4.492304, -1.997883, 3.993519, 0.090977, 3.900061, 1.110357, 6.944275, 2.792286, -3.264883, 0.446522, -8.422506, -8.299013, 0.790247, 2.047178, -6.661444, -1.460230, -2.716175, -9.627953, 2.049992, 1.750591, -2.457542, -4.946650, -3.670124, 0
-1.134327, -0.068102, 1.084930, 6.477161, 0.365406, 11.751219, -7.098965, -3.437809, -5.409554, 5.263798, -2.409225, -0.780918, -4.046164, -8.238196, 5.762276, -5.853907, -3.821320, -2.892973, -6.075092, -2.302761, 3.873352, 7.160164, -9.870252, -7.389304, -2.220224, -11.069900, 2.725153, 0.817247, -2.678278, 2.863222, 2.834400, -0.419025, 0
4.228928, 1.818129, 6.451469, 8.914183, 1.886442, -4.461441, -2.635338, -4.648878, -5.706697, 2.551731, -8.135726, 3.576881, 6.215258, -2.310791, -1.638809, -0.343351, -3.194309, -0.866209, 0.935141, 2.359842, 3.184120, -1.930023, -6.920551, -6.443766, -1.707140, -0.035955, -3.482023, 10.005667, 4.380890, 1.942709, -7.313372, -2.176847, 0
-4.585348, 1.330462, -1.795280, -0.888660, -3.938852, 0.375633, 0.529547, 1.147684, -6.536564, 3.556107, -1.241102, -1.386185, -4.468746, -6.738543, 2.354931, 0.304317, -2.132385, 3.406366, -3.364698, 2.263796, -0.783161, -5.291395, -1.638517, 5.131668, 2.732893, -8.302826, -1.379341, 6.618397, 3.497950, -2.025562, 4.415592, -9.191244, 0
1.980730, -5.624941, -7.606313, -3.785082, -4.150545, -0.746796, 1.892391, 0.905825, 3.749804, 9.470217, -4.844246, 0.388039, 6.291452, -4.369118, -3.165487, -0.527998, -2.827593, 3.896191, 3.449312, 1.610672, 1.672569, 1.404907, -2.248949, -6.008249, 1.206364, 1.051529, -6.441874, -6.833563, 1.644859, 3.363508, 1.107494, 4.057453, 0
5.613798, -1.757202, -5.858631, -1.699018, -1.436630, 0.902155, -7.799479, -2.384466, -2.470589, 1.414827, -2.893965, -2.836317, 0.767828, -0.068605, 3.269180, -5.295071, 0.127655, -6.475988, 0.717117, -2.557541, -2.133295, 1.738749, -7.574699, -4.972231, -4.602722, -2.726667, -4.615896, 1.980539, 0.682514, 5.910473, -5.984774, -3.510250, 0
-3.936293, 6.906797, -0.381563, -3.237366, -0.615522, -4.519770, -2.306087, -2.931332, 1.911493, -4.783461, -0.534769, -2.055372, 2.960781, -2.004795, -0.692307, -3.835569, -2.594398, -0.300888, 3.266972, 5.151432, -3.054276, 1.050932, -2.638857, -4.794273, -0.844048, 6.390194, 0.026215, -7.013083, 1.547874, -5.106058, 0.398727, 0.782379, 0
-1.177120, 5.446161, -4.409569, 2.240612, -2.101433, -13.471025, -0.830212, -1.928150, -0.069290, -4.641415, -5.311844, 1.022888, -3.750853, -6.010303, 6.466738, -0.023987, -10.913184, 2.777330, 2.608984, -1.275351, -4.436550, 2.403759, 5.409878, -1.911819, -0.550392, -2.336655, 1.568132, -1.701225, -3.630489, -1.842617, 6.676447, 7.503965, 0
-10.604968, -2.664314, 1.262543, 6.776880, 2.758633, 5.776827, 5.392294, -1.105183, -3.482403, -5.884140, -2.670734, -1.352179, 1.701664, -0.352343, 3.914923, 1.612289, 2.937311, -6.930084, -0.784069, -8.082854, -8.286700, -1.872501, -2.873388, -0.003181, 4.376392, -2.419600, -0.010777, -5.970037, -3.415300, -0.008728, 2.387487, 0.167433, 0
-5.134609, -8.304569, -1.552954, 7.272835, -10.295792, 0.594782, 2.290308, -4.544378, -1.533792, -5.282135, -3.471313, -6.217943, -7.823311, -2.193357, 3.795715, 3.410862, -0.621492, -8.148860, 3.790876, 1.914270, -1.237314, -4.507660, 2.058044, -3.725874, -5.846395, 1.833107, 0.200565, -0.631834, -8.303645, -2.924067, 3.623941, -2.398670, 0
-1.527752, -1.873327, -4.180578, -4.824631, 7.245697, -3.955938, -6.549068, -2.464828, -1.308271, 9.295088, 0.174219, -5.903835, -3.526237, -4.795736, 1.120127, 8.064400, -1.363567, 5.128010, -0.793060, -1.291985, -8.194604, 3.684151, -5.589758, -1.455143, 0.047256, -0.447010, 2.992292, 6.360260, 10.911695, -3.487562, 4.848719, -0.659828, 0
-2.519117, -2.560198, -1.172312, -5.267139, 3.915825, -1.475409, 5.200581, 4.437349, -1.171425, -2.636505, -3.035370, -0.786018, -6.082006, -4.373686, -0.645712, 0.440664, -4.591579, 1.690536, -6.243277, 4.845072, -9.499038, 4.048836, 0.307476, -7.277701, -6.715364, 5.052067, 2.788500, 1.654978, 2.932051, -2.118324, -4.606247, -5.665020, 0
3.361265, -6.010420, 3.206383, 1.419977, -6.974735, -8.130726, 7.721130, -1.189333, 0.222025, -7.014542, -5.313274, 2.162031, -3.852055, -0.860556, -6.680523, 1.492935, -2.681356, 0.753098, -4.036568, -10.298470, 2.356236, -0.179886, -7.453014, -1.537935, -2.771811, 0.824045, -0.009798, -5.072945, -2.969069, -3.479519, 10.121832, -13.034648, 0
-4.115784, -1.246513, -5.109741, -1.389698, 3.248472, -3.903906, 2.133919, -6.197424, -5.062216, -1.466644, -4.168684, 11.458048, 6.088554, -6.429094, -2.256838, 2.889097, 3.430889, -2.736835, -7.263845, -4.003452, -6.489429, 7.970810, -3.849045, 4.624456, 0.429224, -4.891308, -6.577042, -3.414656, -2.840250, -4.457914, -1.473202, 1.268723, 0
9.689417, 0.583120, -3.866896, -0.080563, -5.119646, 0.286959, -1.450901, -2.891752, 0.621782, -0.184261, 0.387812, -0.837879, -1.524035, 0.232082, -5.158653, 1.580534, -1.873030, -0.472677, 5.657457, 2.537256, -3.446712, -10.512439, -7.144196, 6.973339, -3.867167, -2.555138, 1.771042, -7.942367, -11.836270, -6.057751, 2.649714, 0.996304, 0
3.603878, -2.811050, -6.009888, -8.573266, -1.418428, 5.933489, 4.480713, 6.324467, 5.202845, -1.135445, -0.166756, -3.732019, -3.928894, -3.661974, -1.043036, -0.705360, 1.313795, 0.455442, -0.782946, -0.430918, -3.262081, -3.431376, -3.334297, 2.040960, -0.881388, -9.252099, -2.137165, -9.599588, -8.608223, -2.240128, 0.210283, 11.977461, 0
5.368351, -4.472174, 0.420240, 10.456995, -7.609349, -6.197344, -1.308725, -3.634989, -7.846307, 2.124699, 0.214142, -5.084375, 1.888571, -1.417242, -6.356211, -3.994568, -1.247448, 4.772818, -3.215639, -1.985313, 6.121834, -5.930086, -1.714457, -2.893681, -9.126505, -2.370808, -0.016735, 0.443451, -2.274616, -1.793840, 5.999460, -4.343836, 0
1.844942, -3.026024, 2.240112, -5.652250, 10.873678, -6.120682, 2.388369, 0.445801, -5.628031, -4.504086, -6.365257, -4.821505, -0.098642, -5.782129, -7.293028, -2.740734, 1.077824, 3.235090, 6.601025, 8.168039, -5.736120, -2.402651, 0.438038, -2.344927, 2.563061, 1.707916, -5.250107, -1.712818, 1.409449, -11.333742, -6.062649, -2.589720, 0
-1.127361, -5.388992, -4.707565, 0.199961, -4.237612, 0.135511, -3.234741, 6.645735, -0.597410, 4.655952, 0.480194, -4.800146, 0.629065, -0.898714, -2.919201, 1.596302, -2.856825, 4.160751, -11.552436, -4.470753, -1.264191, 4.552362, -0.533003, 11.504877, -5.907373, 1.836252, 6.508724, -2.631592, -2.679859, -4.219250, -5.649450, -5.647057, 0
-2.391424, 4.267624, -4.576710, -3.177279, -1.581999, -6.426178, -1.120617, -14.981658, -0.501364, -10.855914, -3.716707, -2.209322, 0.336742, -0.635757, -8.041718, 9.265162, 0.929243, -1.561550, 2.282799, -1.045731, 2.611797, 7.894594, 1.022953, -1.183363, 2.391136, -1.084414, 9.964926, -5.645613, -4.876795, -10.632232, 0.678469, 5.670258, 0
-6.347094, -7.522557, -6.867079, 0.911201, -0.114470, -3.488852, -2.667444, -10.827844, 1.968605, 3.084749, -9.561895, 2.104332, -1.808439, -6.460283, -2.273909, -10.432738, -2.652096, -3.699532, 1.487164, -5.282928, -0.275234, -2.046806, -3.959543, 2.102837, 5.643862, -0.256388, 1.714445, -1.237501, 1.790232, 1.381338, 2.491774, -1.381540, 0
-3.275856, -2.250340, -3.569859, 1.224939, 5.536798, -0.497677, -9.687847, 4.257875, -3.790924, 1.810804, 6.300720, -2.582335, 4.037529, 0.776888, -10.109656, -1.050045, 5.738604, 0.654970, 0.320610, 6.973833, -0.568754, 3.391439, 8.118017, -3.065432, -0.618568, 1.431711, -8.953869, 3.295780, -2.871946, -6.354471, -2.627918, -8.469482, 0
-1.384888, -0.172716, -3.334219, -4.623722, -2.413502, 4.048040, -7.132267, 0.634552, -5.166786, -3.524466, 5.634813, -1.189732, 5.310013, 3.203033, -4.912331, -1.611061, 0.569496, -1.258831, -0.499088, -8.603019, -9.830244, -17.674715, -9.698977, -7.438445, 1.138243, -6.565908, -3.159651, 3.595932, -6.620289, -4.365742, -6.437286, 0.144905, 0
-0.150003, -8.108081, -4.095078, 3.838486, -3.706820, 6.654461, 1.999205, -5.631369, -3.593517, -0.088358, -1.428354, -0.148262, -1.900164, -3.220589, 9.381117, -0.431377, -3.280836, -0.747477, 1.521511, 1.626936, 1.630428, -6.283873, -9.811669, -1.778511, 2.401276, -4.998955, -0.322376, -5.134716, -4.860939, 3.242580, 1.908218, -0.956730, 0
3.923698, -1.300871, -3.474588, 4.363348, -0.846834, 0.025810, -1.604738, -8.403650, -0.657686, -3.666349, -0.293316, -5.916229, -6.032835, -5.740505, -1.037493, -3.148643, 0.627216, 6.660063, -1.539648, 0.514715, -3.386633, 6.061623, -1.695782, -2.133114, -3.108139, 3.655952, 5.629545, -1.566624, -6.932034, -6.537382, -4.449877, -4.919521, 0
-0.743612, 2.567724, 3.011646, 6.357328, -1.573696, -3.396887, -2.792965, 0.887777, -6.091227, 5.157539, -4.780779, -0.614458, -12.314164, -5.529785, -6.138224, 1.890938, 5.001970, -0.427176, -1.538227, -2.002111, 4.136074, -4.017309, 0.443306, -3.036682, 1.055138, -2.797350, -2.145321, -7.669103, 8.042990, -6.144894, 3.045187, -6.475636, 0
-1.468714, -4.007952, -10.483438, -6.172052, -8.835546, 0.572426, 0.743458, -2.426388, -0.334148, 0.347475, 2.637272, -2.844938, 4.268658, -3.704182, -5.625322, -2.423553, -6.170254, -4.669668, 1.838055, -3.695852, -4.885525, -2.498371, -5.901886, -1.812723, -6.084806, -3.062853, 3.532284, 1.140621, 1.005676, 0.265179, -4.478798, -4.124008, 0
-9.611745, -2.850506, 0.754292, -1.237597, 2.741362, 2.953489, -2.617821, -1.439049, -6.159212, -8.327497, -1.306326, 4.984989, 5.258289, 7.004694, 3.611872, 6.211113, -7.498738, 0.233271, -5.695583, -2.732565, 1.321482, -6.499893, -10.624299, 1.571087, -2.449545, -7.406961, -2.117830, -5.277105, 5.448273, -1.154263, -10.823435, -1.811308, 0
0.385801, 5.188038, -6.882244, -3.179836, -3.567753, -1.235666, -5.838287, -2.232323, -1.429600, 2.151125, -4.452719, -14.445909, -8.237617, -4.712879, 9.380320, 2.337275, -2.259344, -6.646748, -1.934530, 2.280985, 2.544464, -1.227423, -3.382078, -6.134041, -6.161814, -6.415966, -2.197496, -1.910164, -2.536963, 0.540953, 2.106663, 0.261036, 0
-9.256961, -3.613789, -1.826994, -5.614063, -2.838341, -0.976418, -2.867701, -5.133739, -2.088230, 1.760426, -3.241457, 4.957672, -8.282404, -3.974121, 6.235445, 1.215443, 6.201702, -9.892257, -3.925905, -9.345690, 4.900938, -11.420301, 2.658705, 2.212933, -2.198715, -1.523083, -6.476530, -5.068707, -1.751118, -6.636120, -1.669712, -1.596413, 0
-1.130127, -1.150318, -9.288392, -7.607928, 0.699656, -1.903332, -4.261255, 12.170088, -7.349146, 0.418926, -1.696136, -0.596262, -5.309536, 2.141262, 4.315588, 7.423252, -7.034775, -1.015617, -1.314465, -0.002949, 6.584923, -8.799010, -11.855362, 0.400740, 0.055552, 0.863647, 2.995995, -3.729942, 6.396189, -8.526200, 1.314266, 5.669077, 0
-10.863551, -4.137877, 1.170074, 3.258585, -5.790812, -3.033804, 2.539270, -3.410818, -0.366821, 4.199995, 1.313580, 3.901440, 1.037373, 6.382154, 0.144003, -5.140156, -11.873003, -1.306080, -1.751450, 4.421318, -0.468960, 3.878117, -0.594568, -2.581266, 3.529202, 1.049603, 5.174366, -3.058865, 0.241413, 5.346310, -1.807734, 8.658188, 0
-2.228512, -1.651632, 6.009516, 0.809488, -3.042246, 0.960833, -4.993753, -7.006948, 9.984827, 2.189028, 2.681961, 3.352148, -7.862570, 1.792425, -6.890314, -2.556898, 2.036585, -0.390900, 1.765331, 3.500845, -7.198174, 1.783104, -4.252371, -7.198921, -1.938089, -2.393129, 2.437574, 3.439699, 1.166674, 1.314981, -2.406353, 5.461088, 0
-2.480999, -2.199305, -5.722279, -1.924656, -2.992226, -11.560088, -8.575946, -1.995491, -8.023724, 0.971737, 2.791281, 2.693190, -10.822022, -7.374827, -5.807663, 1.285767, -3.385244, -8.537225, -3.456940, 1.212357, 0.026207, 1.447063, -3.540968, -0.156208, -7.250452, 1.921421, 2.147945, -13.702400, -4.436735, 7.130863, 1.521143, 0.178782, 0
-5.509325, -0.957129, -8.895707, -2.994812, -2.592503, 0.263313, 1.931410, 2.511244, 0.755146, -0.082676, 1.654064, -3.959068, -6.160246, -0.047527, -2.840160, -5.289608, 1.818287, 3.149731, -2.114473, -3.569775, 3.327448, 8.526628, -1.674366, 6.145603, -3.900311, -2.327028, 1.355953, -5.197397, -3.005924, -4.472132, 1.034803, -4.530737, 0
3.331102, -3.132854, -5.759871, 6.097992, 2.996811, -3.276180, -0.240408, 0.894131, -1.822750, 6.205948, -3.570587, -5.871220, -0.190739, -0.980057, 5.634943, -2.065828, 6.061905, -5.590225, 3.247978, -0.375923, -3.624458, -2.467554, 4.478569, -5.872278, -5.330462, -1.055384, -4.410881, 0.405584, -6.225546, 2.148863, 7.044571, 5.834696, 0
1.551691, 1.821751, 3.747444, 2.538633, -2.580313, 1.771263, -1.825575, -2.532509, -2.588116, -3.765451, -2.380205, -2.275707, 2.144255, 2.465397, -6.468149, -0.262905, 4.908491, -3.815369, 3.561283, -4.740522, 0.718468, -6.842310, 3.182360, -1.700813, -0.233248, 0.760624, 0.617485, 2.108307, -0.230106, -3.450720, 3.740498, -6.463377, 0
-6.736456, -0.536112, -3.097527, 3.154161, -1.937601, 1.946714, 6.875877, 2.300539, -0.138781, -5.873634, 2.909870, 0.153183, 0.101480, -3.115103, 0.705599, -2.665405, -1.610197, 0.997112, 2.511951, 0.235830, -6.032215, 12.077761, 0.604364, 4.095785, 8.201429, 1.681618, -2.214205, 1.822618, -7.144782, -9.510356, 1.038561, -0.395332, 0
-6.327587, 5.577425, -9.767627, 0.224024, 1.039562, -5.855249, -0.881214, 0.396685, 2.018995, 3.798971, 0.103722, -3.835466, -1.269844, -6.644079, -3.574583, -5.724268, -2.065022, -6.137091, 10.198359, -0.501184, -0.721077, -3.250488, -0.753220, -6.104637, -5.137697, 3.305096, -3.849936, -6.268152, -8.485799, -2.896763, -3.726746, -4.337069, 0
1.750702, 5.231903, 1.638689, -0.981541, -2.337881, -2.792152, 1.887014, -3.054655, -3.341282, -2.619787, 1.241802, -2.323647, -1.529440, 4.278666, -1.047220, -7.808930, 0.857059, 3.317070, -5.745083, -6.080141, 4.617022, 2.042721, 3.355120, -3.117735, 0.422184, -1.179987, 6.743723, -1.522284, -10.568666, -5.905209, 1.479992, -3.700798, 0
0.005613, -9.346432, 5.349808, 0.504795, -3.581572, -3.975798, 4.267286, -9.472867, -0.146275, 1.368437, 0.235685, -7.410682, 4.705059, -14.074927, 3.586498, 1.813276, 8.930273, -3.630718, -3.566343, 1.802044, 0.821274, 4.573616, -2.255568, 1.100021, 1.827463, -6.231478, 3.624573, -3.294212, -12.383021, -0.015253, -6.650509, 4.068913, 0
-4.341459, -3.436811, 3.204159, 1.272034, -0.865417, -2.019911, -2.637796, 5.226912, -2.736460, -5.455719, 4.174982, -3.090796, -4.947001, -0.322029, -1.530357, 2.818825, -1.940353, -4.759745, -3.731110, -2.136366, -2.659689, -7.243409, -3.799171, 3.135731, -6.331171, -3.320429, -2.665783, 7.373072, 5.199345, -7.749023, -0.648972, 1.742279, 0
-3.115471, -10.208288, -11.194340, -3.389610, 3.161758, 0.241413, -1.842148, 5.084784, 3.311296, 0.389688, 2.010704, -1.790348, 0.105215, -1.932955, -2.642288, 3.749207, -2.078938, -1.832409, 8.880568, -4.135977, -0.249165, 5.986164, -3.980345, -9.069725, -12.107905, -3.070982, -1.225246, -4.724354, -2.357094, 3.833931, -4.389399, -0.137806, 0
-0.209003, 0.172369, -0.695219, 0.527559, 4.543161, -0.816742, 8.712353, -7.714488, 0.271017, 4.300816, 5.599993, 0.087776, 1.800901, -1.044788, -3.931393, -1.907465, -13.611929, -5.999939, -7.020752, -0.717642, -7.900257, 3.479717, -1.486025, -4.606068, -0.464294, 0.334635, -2.318863, -0.350367, 6.423782, -3.419888, -5.383104, -2.458494, 0
0.325747, 0.119637, 0.281315, -6.837830, -5.598215, -2.701820, 0.358574, 2.324051, 1.394007, -10.067006, -8.185049, -0.085463, -0.844599, -1.198503, -8.932543, -1.684713, -6.812351, -4.911932, -9.277749, -2.387680, -14.029754, -2.129679, -7.158362, 3.455763, -2.216965, -1.202425, -5.019245, -1.403765, -1.377550, -6.165529, -7.618312, -3.281467, 0
