-0.523620, 4.336419, 0.121639, 2.486537, 1
2.732136, 2.600370, -1.184290, -1.574418, 1
1.588385, 1.133311, 1.839485, 2.378688, 1
-0.465020, 1.562826, -0.088945, 1.225415, 1
0.719721, -1.583044, 1.867536, -1.200723, 1
2.004806, 0.246650, 1.541893, 1.436071, 1
1.235135, 1.058798, 0.137269, -1.467625, 1
-2.602194, 1.484578, 3.161932, -1.426532, 1
-2.234358, 1.129834, 1.960582, 1.056262, 1
1.586148, -0.953496, 3.245487, -0.793671, 1
3.249938, 1.453619, -0.568254, 0.089914, 1
2.844473, 2.749813, 3.860223, -0.076900, 1
0.161201, -2.328578, -0.371590, -0.152229, 1
2.350254, 1.547341, 3.031968, 2.916542, 1
0.752339, -2.475295, -0.289825, -0.552039, 1
-0.072052, 2.304245, 1.377454, 2.900284, 1
-0.927990, -2.227315, 2.678664, 1.516078, 1
1.040845, 1.150907, 2.297785, -1.094370, 1
-0.175615, 1.300025, -1.285774, 0.512088, 1
-0.931045, 2.657742, -0.998459, 1.069687, 1
2.021277, 1.823621, -1.520527, 3.728763, 1
1.846547, 3.736165, 2.952901, -3.638522, 1
1.458884, 4.587144, 1.206895, 2.001838, 1
-0.305384, -0.460343, 0.235061, -0.643692, 1
0.430614, 0.138664, 1.355885, 0.380890, 1
0.852498, 1.258189, 2.308586, 1.616334, 1
0.580984, 2.570799, 3.105952, 3.003877, 1
0.900126, -0.998261, -3.055018, 1.575672, 1
-0.177280, 2.159845, 1.446447, 0.098695, 1
2.711722, -0.043528, 0.960804, -1.155750, 1
-0.366138, -0.190613, 3.174090, 1.811559, 1
2.195648, 2.450362, 1.841076, 2.106723, 1
0.429897, 2.454123, 1.730875, -0.389103, 1
0.579271, -0.184727, 3.682157, -0.160000, 1
1.784833, 0.656966, 2.086129, -1.723580, 1
0.216772, 1.316413, 2.171262, 1.852019, 1
-1.572520, 1.173892, 1.678267, -1.237584, 1
3.005635, 2.364129, -1.017617, -0.495618, 1
1.529368, -0.574306, 1.314708, 0.123043, 1
-0.720968, -1.958717, 1.543898, -0.123509, 1
0.717824, -0.017254, 1.130780, 2.520790, 1
1.156879, 1.020514, -1.764760, 3.218998, 1
2.355283, 3.023478, 0.113951, -0.181645, 1
0.383132, -0.026362, -2.424762, 2.601747, 1
-0.281675, 0.440360, -1.331396, -0.613237, 1
1.252012, -0.155397, 1.383462, 1.517093, 1
-1.163662, -0.672243, -2.109643, 1.497461, 1
-0.988564, 0.227714, 0.921965, 2.845840, 1
2.128706, 0.334327, -0.462398, 1.308877, 1
-0.690546, 0.632783, 1.791424, 1.104296, 1
-0.688325, -1.042822, 0.599611, 1.883517, 1
0.085357, -1.043296, -0.764931, 4.088122, 1
1.092546, -2.151004, -0.010413, 2.598544, 1
-1.115000, 0.237167, 1.760573, 0.493176, 1
1.343771, 3.047156, 1.300057, 0.873481, 1
0.946194, 0.339896, 0.501517, 0.286884, 1
-1.649715, 0.305866, -0.602355, 2.579189, 1
1.544416, 1.360991, 2.436281, -0.566591, 1
-0.767035, 2.247183, 0.454277, 0.245160, 1
2.495956, -1.279944, 0.632360, 1.601244, 1
2.925381, -0.309418, 0.355148, 1.540675, 1
-0.398507, 1.134881, -0.110699, -0.105445, 1
0.550894, -0.217599, 2.720258, -0.092562, 1
-1.216081, 1.915905, 5.141013, 0.932068, 1
-2.060819, 2.148132, -0.729600, 0.476625, 1
5.139375, -0.791759, 0.905704, 0.609185, 1
1.455051, -1.121232, 0.829150, -0.627028, 1
2.338885, 1.473315, -1.022718, 2.819990, 1
0.182810, 3.194977, 1.494146, 1.911699, 1
4.395214, 0.922061, 0.478079, -1.057261, 1
-1.668737, 4.545681, 0.586614, 2.229710, 1
2.164137, 2.150510, 0.215669, 0.602997, 1
0.519186, -0.912855, 0.952997, 1.376288, 1
-0.427855, -0.522423, 3.554636, 0.794027, 1
0.910315, 3.167858, -0.131863, 0.998180, 1
2.026720, -2.741838, -0.642288, 0.456823, 1
2.250546, 2.063064, -0.192354, 0.670432, 1
3.781106, 1.571685, -2.181098, 0.632812, 1
-2.547073, 2.958422, 2.552540, -0.328811, 1
2.941785, 2.914295, 1.089634, 0.915577, 1
-0.169088, 2.279106, 0.945188, 1.604198, 1
0.531703, 1.990873, 0.022137, 1.382477, 1
-0.221407, 1.412443, 2.776742, 2.724936, 1
1.309130, 0.859369, 2.343267, -1.356615, 1
0.423685, 1.625450, 0.779764, 0.875695, 1
1.993529, 3.451414, 2.053899, 1.876817, 1
0.669140, 0.673113, 2.255045, -3.055564, 1
3.756580, 5.257806, 0.104539, 2.305233, 1
2.968790, 2.870921, 1.178348, 0.351091, 1
1.979089, 5.233586, 0.759799, 0.499019, 1
-0.606820, 3.204604, 0.829616, 2.811676, 1
0.593671, -0.067647, 2.892397, -0.276450, 1
0.988499, 2.353105, 3.407017, -0.236843, 1
-0.559592, 0.484522, 3.677667, -1.582644, 1
0.676354, -3.184886, 1.172423, 1.642771, 1
2.170323, 1.544809, -1.183153, 0.954707, 1
-0.264300, -0.508695, 1.170056, -0.241638, 1
2.074448, 0.349888, 0.163316, 2.292264, 1
1.529448, 0.679419, 5.271849, 0.054449, 1
1.835304, 2.847435, 2.615352, 0.251339, 1
-1.275847, 3.818050, 0.524806, -1.345624, 1
2.347600, 1.672426, -2.570634, 2.067899, 1
3.175725, 0.376661, 2.955461, -0.903087, 1
-0.071826, -0.416235, 0.414964, -1.080942, 1
2.540560, 4.047246, -0.391305, 2.086700, 1
-2.031287, -2.198702, 2.401066, 1.365579, 1
0.677688, 3.235681, 0.717459, 1.037399, 1
1.425504, 0.126466, 3.640419, 1.406361, 1
2.171615, 2.074144, 2.020348, 1.121812, 1
2.435694, 2.391328, 2.260879, -0.142003, 1
3.958446, 2.629017, 1.265758, -0.728857, 1
-0.415105, 0.655276, -0.687364, 0.977917, 1
0.313158, -1.786717, 2.733499, 1.150268, 1
0.982390, 1.585776, 0.021229, -2.415462, 1
2.491616, 0.893933, 4.416709, 0.225612, 1
-0.638351, 0.495816, 0.545794, -0.511174, 1
2.283705, -0.863797, 2.276126, 2.133435, 1
-0.397710, 1.342484, 1.251597, 1.808302, 1
1.167478, -1.449394, 0.082272, 0.209749, 1
2.444751, 5.028634, 2.605115, 0.854168, 1
0.643875, 1.355423, 1.045204, 2.162305, 1
1.925463, -1.502908, 0.956774, 0.429267, 1
1.812191, 0.598141, 2.511339, -0.444702, 1
0.943621, 2.117117, 1.573967, -0.208046, 1
1.566411, 1.005597, 0.448107, 1.295506, 1
-1.395522, -1.181221, 1.541802, -1.321957, 0
0.531799, -1.563118, -3.226953, 0.026621, 0
-2.483652, -1.747296, -1.551991, -0.038043, 0
-0.858467, -0.820738, 1.284956, 1.297781, 0
-0.185110, -0.188895, 0.419419, -1.817539, 0
-1.294121, 1.658646, -2.388022, -2.145036, 0
-0.162338, -0.149646, -2.193785, -2.090970, 0
0.542367, 0.301219, -2.606830, -2.450065, 0
0.535329, -0.374870, -1.107646, 1.016795, 0
-1.355000, -0.827810, 0.831272, -4.246983, 0
-2.727630, -2.704774, -0.697084, -3.646916, 0
-1.296881, -0.610785, -0.753048, -2.388526, 0
1.743697, -1.700557, -0.387065, -2.044778, 0
-1.632095, -2.267682, -0.975863, -2.970322, 0
-0.709082, -0.175492, 1.221109, -0.281536, 0
-0.922650, -1.120035, -0.353702, -1.678993, 0
-3.055439, -0.483406, 0.009592, 0.062371, 0
-1.648983, 1.847249, -3.204834, -1.326906, 0
-1.138083, 0.671951, -0.979103, 0.923798, 0
1.316464, -1.281013, -0.479522, -3.551930, 0
-1.293294, 0.804875, 1.636732, -1.282972, 0
-0.749080, 0.680965, -2.189727, -1.851021, 0
-1.533029, -1.138803, -0.624690, -0.814290, 0
-0.212069, -1.126587, -1.760976, -1.502713, 0
-1.839394, -2.018839, 1.389639, -3.239235, 0
-0.212637, 1.778298, -3.327764, -2.932056, 0
1.120589, -1.317436, -1.670721, -2.752759, 0
-0.989061, -1.206903, -3.319518, -2.745119, 0
-3.060611, 0.517619, 0.784163, -1.184416, 0
0.257323, -0.774602, 0.131824, -0.596281, 0
-1.606437, 0.927197, -2.221110, -0.403873, 0
-2.333022, -1.589229, 0.656116, 0.191433, 0
0.934792, 0.236358, -1.221590, -0.928396, 0
1.509760, -0.883889, 1.985996, -2.072784, 0
-0.727833, -3.691767, 0.452626, -1.362897, 0
-0.484339, -1.582043, 3.020691, -0.230756, 0
2.134696, -0.912287, 0.870357, -1.921113, 0
-0.377493, -1.533274, 0.254199, -0.081793, 0
-1.538304, -0.938203, -0.209109, -2.366015, 0
-2.304811, -1.856976, -2.665770, -0.848650, 0
0.551507, -2.659115, 0.894421, -4.142334, 0
-2.323420, -1.958325, -2.328407, -0.174635, 0
0.225165, 0.525790, 0.093940, -1.693555, 0
-2.272154, -0.748287, -1.570955, -2.447109, 0
-3.686653, -0.408364, -1.287847, -2.643781, 0
-0.695834, -0.520516, -3.541961, -1.799824, 0
-1.319472, -2.978340, 0.729689, -2.216465, 0
-1.217490, -1.144168, -1.658931, -3.045858, 0
0.406195, -2.244316, 0.072194, -3.079080, 0
-1.967749, -3.472256, 0.677479, -1.330997, 0
0.338825, -0.789886, -0.469983, 0.063468, 0
-0.710380, -3.309379, -1.304171, -3.932825, 0
0.808576, -3.004218, -0.277894, -0.606863, 0
-1.401590, -1.585072, -2.320624, -0.753351, 0
-1.019372, -1.332846, -0.597591, -1.003575, 0
-2.938941, -3.259334, -3.105205, 1.813957, 0
0.979687, 3.188561, -3.898835, -2.685375, 0
-1.228679, -0.292976, -1.727164, 0.389399, 0
-1.869700, 0.440544, -0.497603, -3.266680, 0
-1.879309, -0.993589, -1.630438, -2.101800, 0
0.193542, 1.838973, -3.366041, -0.658927, 0
-0.897155, 0.375638, 2.231130, -0.770233, 0
-2.129566, -0.610013, 1.548064, 0.544986, 0
0.718727, -3.950094, -0.144544, -2.608716, 0
-2.571410, -2.866443, -1.334356, -2.861221, 0
0.856034, 0.419134, -1.131390, -2.391292, 0
0.077549, -0.313315, -2.551518, -0.345240, 0
-1.822818, -0.571981, -0.671196, -1.754961, 0
0.407517, 4.486602, 0.509696, -1.512538, 0
1.438447, 2.119781, -3.489141, -0.948719, 0
0.887787, -0.879864, -1.091067, -0.845100, 0
-3.861726, -3.369533, -0.709143, -1.909745, 0
-1.609150, -1.018045, -0.819201, -0.672172, 0
-0.898044, 0.024895, -0.815712, -0.726473, 0
-2.557525, -0.517150, -0.665379, 0.183499, 0
-2.201068, 0.472683, 0.140486, -2.562328, 0
-1.202492, 1.600547, 0.868329, -1.289298, 0
-2.741895, -1.594627, 0.166043, -0.104571, 0
-0.401742, -0.354866, -5.583122, 0.817415, 0
-1.522949, 0.102116, 0.196646, -1.039879, 0
0.639888, -1.872031, -5.113201, -1.086804, 0
-3.008025, -0.882298, -1.617799, -2.997762, 0
-1.268933, -4.560153, -2.789217, 1.245832, 0
-2.291523, 1.401412, -0.557870, -0.000052, 0
-3.630996, -2.374885, -0.761180, 1.600785, 0
-1.532991, 0.184677, -2.076640, -2.905591, 0
-1.285044, 2.600640, -2.899014, -0.444321, 0
-4.513927, -2.660461, -0.858437, -0.736228, 0
1.646611, 1.725647, 0.284813, -2.675611, 0
-1.026719, -4.966125, -3.305503, 0.943265, 0
0.135647, -2.155561, 0.400161, -3.102775, 0
1.943948, -0.789378, -1.580063, -0.240915, 0
-1.864273, 1.425830, 0.507465, -1.935113, 0
0.487184, -0.777012, 0.493408, 1.160123, 0
-1.595912, -0.883045, 0.113290, -1.972917, 0
-2.084050, -0.733228, -2.557512, 1.474620, 0
-0.478548, 0.145312, 0.081283, -0.698660, 0
-0.834701, -2.163579, 0.852964, -0.496521, 0
-2.854238, -1.669235, 2.364687, 3.475936, 0
2.349659, -4.961295, -1.363791, -2.066212, 0
-0.918026, -0.960942, 2.140234, -4.313186, 0
-0.904701, 0.542160, -0.332506, -2.064885, 0
-2.741026, -0.276373, 2.015663, -0.342219, 0
1.420219, 0.507100, -1.288168, -1.468814, 0
-3.714340, -0.438437, -1.341781, -1.109022, 0
-3.564548, -2.236843, -1.127256, -1.250800, 0
-1.018780, -2.128054, 0.571974, -2.794044, 0
-1.167003, -2.931783, 0.446885, 0.660300, 0
-1.064493, -1.781711, -0.686484, -4.849066, 0
-2.228989, -1.649914, 0.479520, 0.481628, 0
-1.985201, -2.027032, 0.627884, -0.917094, 0
-1.390768, -1.719571, -1.328407, -2.018983, 0
-2.824739, -3.408104, -1.963593, -0.474344, 0
2.147798, -0.957609, -2.761420, -3.171574, 0
1.201782, -0.230602, -1.333769, -2.292324, 0
-0.591657, -0.887644, 0.808456, -1.318965, 0
-0.175258, -1.757852, 1.054059, -1.474735, 0
-1.692792, -1.627733, 0.074168, -1.211418, 0
-1.381747, -3.368889, -0.006876, -0.945494, 0
-3.308938, 1.370414, -0.155140, 0.880363, 0
-1.440206, -2.343103, -0.790017, -1.314128, 0
-2.309149, 1.155320, -1.389777, -4.349263, 0
-0.221225, 1.529672, -0.703392, -0.649663, 0
0.617772, -2.208637, -1.763525, -1.087352, 0
-1.297713, -0.400792, -2.019409, 0.490041, 0
