0.281351, 0.552045, 0
0.142614, 0.393491, 1
0.520253, -0.723158, 1
0.157137, 0.046411, 0
-0.210297, 0.665586, 0
0.240783, 0.688971, 0
0.146278, -0.116489, 0
-0.893258, 0.278300, 0
0.022336, 0.200854, 0
0.600497, 0.475897, 0
-0.558006, -0.058375, 1
0.354567, -0.806604, 1
-0.742133, 0.211144, 0
-0.395365, -0.786623, 1
-0.509781, -0.274986, 1
0.171299, 0.279922, 0
-0.609400, -0.587918, 1
-0.031107, 0.536879, 1
0.295594, 0.075634, 1
-0.184821, -0.682070, 1
-0.723511, -0.584324, 1
0.793827, -0.281517, 1
0.357300, 0.148394, 1
-0.088121, 0.789000, 0
-0.011073, -0.158328, 1
-0.762044, 0.246794, 0
-0.352724, -0.342548, 0
-0.547666, -0.784847, 1
-0.217660, -0.057448, 1
-0.059833, 0.953639, 1
-0.777526, 0.330768, 0
-0.634278, 0.191367, 1
-0.132354, 0.661316, 0
0.261972, 0.455802, 1
-0.078533, -0.826149, 1
0.244802, 0.910395, 1
0.015523, 0.482758, 1
0.157189, 0.068340, 0
0.116601, -0.040216, 0
-0.538229, 0.339075, 1
-0.709448, -0.172507, 1
-0.469558, 0.158198, 1
-0.511191, -0.202557, 1
-0.158977, -0.531946, 0
0.340932, -0.060475, 1
-0.758873, -0.397096, 1
-0.604674, 0.162595, 1
-0.223244, 0.640128, 0
0.072989, 0.792279, 0
0.122885, -0.769822, 1
-0.139381, -0.155400, 1
0.018649, -0.945741, 1
0.094542, -0.864750, 1
0.014044, 0.556314, 1
0.474325, 0.304595, 0
-0.537207, -0.127385, 1
-0.197791, 0.303817, 0
0.340670, -0.856859, 1
-0.756659, 0.581797, 1
-0.253954, -0.361333, 0
-0.255608, 0.522801, 1
0.315080, 0.401680, 1
-0.237890, 0.264929, 0
0.400179, 0.150505, 1
0.412966, -0.125497, 1
-0.544900, 0.796772, 1
-0.120730, -0.082107, 1
-0.330613, 0.681479, 0
0.824620, -0.534949, 1
0.591854, -0.429334, 1
0.103719, -0.663755, 1
-0.906533, 0.382514, 1
-0.846373, 0.408548, 0
-0.215806, -0.798814, 1
0.584247, 0.030475, 0
-0.716613, -0.653643, 1
-0.704596, -0.580152, 1
0.570353, 0.615974, 1
0.412747, 0.449355, 0
-0.056654, -0.917866, 1
0.130834, 0.165056, 0
-0.907809, -0.044546, 1
0.630108, 0.684045, 1
0.526120, -0.266174, 0
0.028135, -0.099465, 0
-0.624898, -0.387618, 1
0.931010, -0.341510, 1
-0.041262, -0.773587, 1
0.078338, 0.161747, 0
0.921996, -0.351309, 1
-0.222278, -0.507918, 0
-0.325857, -0.809532, 1
-0.727398, 0.072271, 1
-0.217454, -0.635207, 1
0.146479, -0.930872, 1
0.173433, 0.262820, 0
-0.836645, -0.381853, 1
-0.186051, -0.905636, 1
0.276637, 0.772688, 0
-0.679223, -0.645025, 1
-0.065565, -0.757227, 1
0.003666, 0.712157, 0
-0.265145, 0.677809, 0
0.902625, -0.323708, 1
0.295299, -0.824773, 1
-0.459979, 0.776288, 0
-0.509503, -0.411141, 1
0.330133, 0.636977, 0
-0.342013, -0.496434, 1
-0.100204, -0.098968, 1
-0.294866, 0.063151, 0
0.519179, 0.519083, 0
0.157515, -0.204184, 1
0.291771, 0.478292, 1
0.150791, -0.773794, 1
0.132212, 0.127565, 0
-0.983785, -0.119226, 1
0.205409, -0.443764, 0
-0.342938, 0.695907, 0
0.145095, 0.987195, 1
0.332883, 0.803082, 1
-0.509239, -0.767320, 1
-0.295886, 0.195894, 0
0.295831, -0.776707, 1
-0.285023, -0.546654, 1
0.019109, -0.993252, 1
-0.415245, -0.221328, 0
-0.234133, 0.518389, 1
0.532931, 0.256628, 0
-0.547478, 0.046899, 1
-0.539662, 0.167500, 1
0.500244, 0.479448, 0
0.174248, 0.431883, 1
0.649348, 0.407202, 0
0.084586, 0.973707, 1
0.578519, 0.193210, 0
-0.565955, 0.414521, 0
0.619342, -0.444345, 1
0.334327, -0.910375, 1
0.608013, 0.466878, 0
0.356822, 0.359082, 1
-0.023156, 0.906225, 1
0.338107, 0.293058, 1
0.558294, -0.577306, 1
0.266764, 0.136812, 1
0.615903, 0.397095, 0
-0.272365, -0.950051, 1
-0.188384, -0.653023, 1
-0.394396, -0.284265, 0
-0.194640, -0.514979, 0
0.206292, -0.821564, 1
-0.665772, 0.422768, 0
-0.243150, 0.892522, 1
0.029334, 0.461365, 1
0.420710, 0.756969, 1
0.511314, -0.767674, 1
-0.051939, -0.344980, 1
0.140041, -0.903025, 1
-0.833206, 0.091940, 0
-0.252238, -0.299785, 0
-0.882315, -0.432154, 1
-0.116649, -0.797655, 1
-0.968362, 0.217579, 1
0.625114, -0.211511, 0
0.110100, 0.470575, 1
-0.187897, -0.860565, 1
-0.068060, -0.767187, 1
-0.439828, 0.413199, 1
-0.344629, -0.382978, 0
0.166620, 0.795412, 0
-0.286003, 0.333414, 1
-0.112648, -0.792080, 1
0.272663, 0.635114, 0
-0.091865, 0.390348, 1
0.592694, -0.765402, 1
0.009064, 0.217807, 0
0.023086, -0.880836, 1
-0.311617, 0.835189, 0
-0.741401, 0.620323, 1
-0.844647, -0.376251, 1
0.946340, -0.189277, 1
0.240771, 0.112960, 0
-0.553626, 0.493487, 0
0.128601, 0.070822, 0
0.109385, 0.331560, 0
-0.137692, -0.297921, 1
-0.575567, -0.750865, 1
-0.771408, -0.507564, 1
-0.595863, -0.707832, 1
0.025576, -0.440510, 0
-0.084082, -0.028084, 1
0.370214, -0.843311, 1
0.469836, -0.725856, 1
-0.749714, -0.401564, 1
0.344967, 0.359671, 1
-0.410094, -0.490168, 1
-0.681683, -0.181503, 1
0.002267, -0.277546, 1
0.110666, -0.972157, 1
-0.000241, -0.347843, 1
-0.816728, 0.084634, 0
-0.371494, -0.705272, 1
-0.431127, 0.866169, 1
-0.303222, 0.913839, 1
0.225840, -0.373225, 0
-0.878886, 0.287590, 0
0.269227, -0.791673, 1
-0.281841, -0.412741, 0
-0.322370, 0.720427, 0
0.309712, 0.788296, 1
0.748270, -0.408344, 1
0.814880, -0.251971, 1
-0.707120, 0.448546, 0
0.970661, -0.138247, 1
0.314715, -0.332560, 0
-0.224408, -0.459445, 0
0.294214, -0.103294, 1
0.828145, 0.417143, 1
0.096465, 0.097372, 0
0.625471, 0.365407, 0
-0.043495, -0.656370, 1
-0.935943, 0.262378, 0
0.422432, 0.812327, 1
0.854034, 0.237312, 1
-0.439644, 0.097848, 0
0.235464, -0.606981, 0
-0.029832, 0.528344, 1
0.841565, -0.059171, 1
-0.609903, 0.156279, 1
0.608269, 0.165689, 0
0.696834, -0.097517, 0
-0.680374, 0.158860, 1
-0.475732, 0.578857, 0
-0.711273, -0.523067, 1
0.212993, -0.647217, 1
0.739312, -0.364575, 1
0.872737, -0.274535, 1
-0.308806, 0.108201, 0
0.118484, 0.661362, 0
-0.363455, -0.039951, 0
-0.397809, 0.026642, 0
0.112942, -0.745274, 1
0.338142, 0.432568, 1
0.539350, 0.666392, 1
-0.585213, -0.247657, 1
0.387767, -0.815715, 1
0.747445, 0.260504, 1
-0.090250, -0.561361, 0
-0.899999, 0.005249, 0
-0.011716, -0.297808, 1
-0.968109, 0.104612, 0
-0.087348, -0.775778, 1
-0.082225, -0.974406, 1
-0.521052, -0.744083, 1
-0.783590, -0.164173, 1
-0.497781, -0.754826, 1
-0.491897, -0.478606, 1
-0.294322, -0.853281, 1
0.156374, 0.615428, 0
-0.414642, 0.525079, 1
0.643663, -0.314641, 1
-0.469672, -0.368054, 1
0.387551, -0.437781, 0
-0.213560, -0.345667, 0
-0.674204, 0.265388, 0
-0.089750, 0.783959, 0
0.157922, 0.126660, 0
-0.380214, -0.011691, 0
-0.117580, 0.122005, 1
0.233483, 0.390523, 1
0.643399, 0.632757, 1
0.286393, -0.650923, 1
0.779475, -0.557233, 1
0.050192, -0.501827, 0
-0.759885, -0.562257, 1
0.060392, 0.976673, 1
-0.262054, 0.846833, 0
-0.368993, 0.063742, 0
0.112221, 0.541257, 1
-0.152299, -0.729858, 1
-0.332083, 0.467487, 1
0.258451, 0.550338, 0
-0.410508, -0.508066, 1
-0.059139, -0.767110, 1
-0.418033, 0.904166, 1
-0.329979, -0.453527, 0
-0.731001, -0.362133, 1
-0.845359, 0.319191, 0
0.136041, -0.605244, 0
-0.628571, -0.505119, 1
-0.956735, 0.002435, 0
0.558623, 0.155486, 0
-0.456308, -0.593676, 1
0.425628, 0.211610, 1
0.873811, -0.315921, 1
-0.238053, -0.536697, 0
0.176013, 0.702808, 0
-0.303807, 0.300704, 0
0.930063, 0.278160, 1
0.204871, -0.399916, 0
0.824633, 0.473870, 1
-0.206938, -0.626008, 1
-0.625970, -0.450004, 1
-0.429575, -0.254542, 0
0.044877, -0.386310, 0
0.747894, -0.396500, 1
0.009824, 0.194804, 0
0.503196, -0.116366, 0
0.346937, 0.054897, 1
0.321290, 0.560472, 0
-0.501902, 0.145924, 1
0.034343, 0.736050, 0
0.125198, 0.827404, 0
-0.622600, -0.319534, 1
-0.755314, 0.422277, 0
-0.974223, 0.063333, 0
-0.715834, 0.035601, 1
-0.947495, 0.266172, 1
0.191917, -0.979543, 1
0.309302, 0.547519, 0
0.918471, -0.369407, 1
0.107991, -0.583431, 0
-0.847381, -0.098286, 1
-0.599059, -0.652862, 1
-0.056873, -0.354373, 1
-0.361794, 0.795192, 0
0.300616, -0.077629, 1
-0.169207, 0.558753, 1
-0.290267, -0.249972, 0
0.695773, -0.237762, 1
-0.983800, -0.112310, 1
-0.217306, 0.325502, 0
-0.564791, -0.298835, 1
0.117734, 0.732611, 0
0.685534, 0.270353, 0
-0.365675, 0.655272, 0
0.533014, 0.035266, 0
-0.286576, -0.680902, 1
0.241470, -0.602188, 0
0.147840, 0.268566, 0
-0.286560, 0.164040, 0
-0.843743, 0.496134, 1
-0.510458, -0.408534, 1
-0.802701, -0.554363, 1
-0.865333, 0.315033, 0
-0.414613, -0.187428, 0
0.847838, 0.477885, 1
-0.405458, 0.528730, 1
0.249711, 0.307966, 1
0.847829, -0.183270, 1
0.322006, 0.089298, 1
0.214542, -0.105201, 1
0.040500, -0.637619, 1
0.526421, -0.680378, 1
-0.088911, 0.447373, 1
-0.538401, 0.045756, 1
-0.237594, -0.360153, 0
-0.134043, 0.347793, 0
0.452419, -0.658569, 1
0.466194, 0.300257, 0
-0.171012, 0.069026, 1
0.368701, -0.323184, 0
0.885756, -0.309292, 1
0.766114, 0.100297, 1
0.585507, -0.193385, 0
0.462678, 0.748873, 1
-0.439445, -0.010900, 0
0.005063, -0.020416, 0
0.258002, 0.466662, 1
-0.893491, -0.108704, 1
0.368202, 0.558928, 0
0.232727, -0.165604, 1
-0.140815, 0.052042, 1
-0.104869, 0.688173, 0
-0.045460, -0.868896, 1
0.107120, -0.459953, 0
-0.062282, -0.430201, 0
-0.711080, 0.498273, 0
0.558898, -0.642585, 1
0.308903, -0.436039, 0
0.336999, -0.433095, 0
-0.412686, -0.862868, 1
0.696060, 0.486362, 1
-0.210089, -0.444755, 0
-0.461597, 0.685042, 0
-0.756582, -0.340529, 1
-0.333706, -0.096586, 0
-0.260489, 0.773415, 0
0.443462, 0.677229, 0
-0.656786, 0.732381, 1
0.175502, 0.902112, 1
-0.533927, 0.426796, 1
0.051310, -0.503304, 0
-0.210866, 0.638623, 0
-0.366172, 0.042769, 0
0.594139, -0.670112, 1
-0.470870, -0.615950, 1
-0.114867, 0.067534, 1
-0.930909, 0.128551, 0
0.736959, -0.606701, 1
-0.078620, -0.523531, 0
-0.846301, -0.490072, 1
-0.902777, 0.329201, 0
0.813606, -0.121887, 1
0.613815, -0.135085, 0
0.374809, -0.597050, 1
-0.518273, 0.223658, 1
0.042382, -0.449182, 0
-0.647790, -0.230613, 1
0.162687, 0.490164, 1
-0.434362, 0.329401, 1
0.855005, -0.280664, 1
0.129481, 0.753063, 0
-0.272942, -0.495710, 0
-0.843987, 0.230597, 0
-0.487073, 0.601731, 0
0.328274, -0.148548, 1
0.576580, 0.810001, 1
-0.639181, -0.572680, 1
0.388350, -0.070397, 1
-0.483512, -0.448964, 1
-0.580234, 0.082126, 1
0.712142, 0.100615, 0
0.604905, -0.724675, 1
0.877056, -0.001929, 1
-0.030715, 0.453636, 1
-0.191928, 0.044395, 1
-0.927401, 0.168890, 0
0.471715, 0.460948, 0
0.070329, 0.892422, 1
-0.206969, -0.128209, 1
0.612188, 0.020031, 0
-0.278209, 0.583321, 1
0.386279, -0.566067, 1
-0.316064, 0.505591, 1
-0.126867, -0.711158, 1
0.780915, -0.457070, 1
-0.593326, 0.657971, 0
0.541002, 0.375959, 0
0.111607, -0.650927, 1
-0.579646, 0.184206, 1
-0.354846, 0.616457, 0
0.880272, -0.342861, 1
-0.865284, -0.049399, 1
-0.450439, -0.072253, 0
0.745070, 0.334058, 1
-0.021885, -0.570994, 0
-0.160352, 0.851249, 0
-0.282152, -0.379436, 0
-0.605821, 0.124522, 1
-0.499519, 0.390142, 1
-0.715746, -0.079165, 1
-0.425652, 0.802218, 0
-0.187097, 0.219502, 0
0.418675, -0.306825, 0
0.643776, -0.573798, 1
-0.518861, 0.466168, 0
-0.412049, -0.571083, 1
0.762975, -0.011534, 1
-0.237974, -0.397377, 0
-0.160285, 0.479874, 1
0.223187, 0.233894, 1
-0.395604, 0.501722, 1
0.169075, 0.104877, 0
-0.108136, 0.453329, 1
0.255548, -0.161385, 1
-0.314287, -0.325777, 0
0.531790, -0.437645, 0
-0.772386, 0.175566, 0
-0.011443, -0.291247, 1
-0.358266, 0.576507, 0
0.137670, -0.347915, 1
0.909528, -0.099355, 1
0.640551, -0.328446, 1
0.503268, -0.519734, 1
-0.848572, -0.273545, 1
0.714160, -0.244175, 1
-0.771824, -0.116764, 1
0.860702, 0.120040, 1
-0.413749, 0.592113, 0
-0.274971, 0.271965, 0
0.834319, -0.506050, 1
0.432385, -0.177124, 1
0.202703, -0.925880, 1
-0.600617, -0.659627, 1
-0.273795, -0.691089, 1
0.241018, -0.633244, 1
-0.019535, -0.255714, 1
-0.152978, 0.131893, 0
0.470741, -0.438817, 0
0.444418, 0.748419, 1
-0.181042, 0.780983, 0
0.634833, 0.405209, 0
0.373096, -0.640138, 1
-0.322826, 0.639431, 0
-0.383319, -0.488507, 1
0.334369, 0.336084, 1
0.676458, -0.150609, 0
-0.957337, -0.082524, 1
0.216147, 0.023127, 0
-0.844980, 0.132504, 0
-0.168579, -0.931229, 1
0.849754, 0.425990, 1
0.055587, 0.222850, 0
-0.137718, -0.597467, 1
-0.755746, -0.004337, 1
-0.548401, 0.578623, 0
-0.668253, -0.425215, 1
0.424177, 0.355038, 1
-0.074319, -0.359676, 0
-0.621835, -0.412557, 1
-0.296506, -0.466815, 0
0.719947, 0.327846, 1
-0.424078, -0.448632, 1
0.396617, -0.632921, 1
-0.798254, 0.246372, 0
0.793069, 0.257334, 1
-0.530778, 0.578920, 0
-0.009905, 0.331503, 0
-0.672834, -0.566948, 1
-0.187028, -0.341086, 0
0.007837, -0.874653, 1
-0.332882, -0.567986, 1
0.480384, 0.592799, 0
0.072338, 0.858549, 0
0.103678, -0.032344, 0
-0.548443, -0.499705, 1
0.334735, -0.346697, 0
0.746667, 0.127804, 0
-0.293276, -0.099268, 0
0.547392, -0.311823, 0
0.121229, -0.051948, 0
-0.466528, -0.870934, 1
0.073399, 0.200590, 0
-0.438920, -0.446217, 1
-0.206610, 0.633418, 0
-0.587668, -0.026368, 1
0.409250, -0.195934, 1
-0.126179, -0.487072, 0
0.771723, 0.325378, 1
0.013224, 0.106458, 1
-0.024220, -0.059013, 0
-0.209951, -0.476828, 0
0.629164, -0.074870, 0
-0.602270, -0.249607, 1
0.873182, -0.068798, 1
-0.120541, -0.053419, 1
-0.868208, 0.440539, 1
0.500364, -0.074818, 0
0.073958, 0.912696, 1
-0.283238, -0.227365, 0
-0.003863, -0.511515, 0
-0.230749, 0.829205, 0
-0.229808, -0.243939, 0
-0.731798, -0.600645, 1
0.681191, -0.334068, 1
0.149748, 0.554373, 1
-0.499047, 0.728926, 0
-0.345892, -0.456295, 0
0.026913, -0.369225, 1
0.119260, 0.423571, 1
0.500265, -0.198339, 0
-0.456591, 0.466277, 1
-0.453308, 0.313601, 1
-0.777662, -0.185106, 1
0.480826, -0.137296, 0
0.457901, 0.077960, 1
-0.108089, 0.958854, 1
-0.193113, -0.638342, 1
-0.094637, 0.874184, 0
-0.495040, 0.339474, 1
-0.661576, -0.736691, 1
-0.210604, -0.118168, 1
0.729586, 0.336088, 1
-0.228907, 0.313353, 0
-0.290230, 0.663005, 0
0.272207, 0.516656, 1
-0.022349, -0.069975, 0
0.106563, -0.008432, 0
-0.137699, 0.611522, 1
-0.668958, -0.182374, 1
0.235743, 0.094086, 0
-0.194638, 0.574166, 1
0.357396, 0.594758, 0
-0.544001, 0.086982, 1
-0.069154, -0.348568, 1
0.038905, 0.081829, 0
-0.440179, -0.105642, 0
-0.286362, 0.330914, 1
-0.792289, 0.423407, 0
-0.006081, 0.479918, 1
-0.059936, 0.018581, 1
-0.287703, 0.917714, 1
-0.090718, -0.189092, 1
0.430382, 0.240324, 1
0.628534, -0.333875, 1
-0.665590, -0.566104, 1
-0.221213, -0.040500, 1
0.347722, 0.817693, 1
-0.287950, -0.245034, 0
0.238457, -0.080239, 1
-0.600320, 0.118437, 1
0.250956, 0.111977, 0
0.036152, 0.199563, 0
-0.069163, 0.945434, 1
0.185758, 0.639005, 0
0.027344, 0.520168, 1
-0.927099, 0.267636, 0
0.211973, -0.898445, 1
0.061055, 0.311648, 0
0.808453, 0.102383, 1
0.219190, -0.479497, 0
-0.309978, 0.839944, 0
0.154161, 0.940978, 1
-0.048079, -0.809688, 1
0.140542, 0.882758, 1
-0.864254, 0.151013, 0
-0.756023, 0.321504, 0
-0.209982, 0.271321, 0
-0.158328, -0.137081, 1
-0.035526, -0.497118, 0
0.127912, 0.033720, 0
-0.626637, -0.014739, 1
0.491367, 0.813627, 1
0.020985, -0.818611, 1
-0.877633, -0.394508, 1
-0.634542, 0.262909, 1
-0.511750, -0.498796, 1
-0.586079, -0.267774, 1
0.822708, 0.203939, 1
-0.281975, 0.031332, 0
0.045386, -0.237569, 1
0.056861, -0.140084, 0
-0.384710, -0.815228, 1
0.893636, -0.011347, 1
0.170034, 0.385002, 1
-0.197720, -0.808982, 1
0.566391, -0.544149, 1
-0.633836, 0.688758, 1
0.061343, -0.268379, 1
-0.048333, 0.549593, 1
0.232825, 0.365588, 1
-0.718181, 0.055533, 1
-0.430473, -0.714633, 1
0.719913, -0.363615, 1
-0.172129, -0.562062, 0
0.200369, -0.275423, 1
-0.266827, 0.815659, 0
-0.090650, -0.373192, 0
-0.195688, -0.920617, 1
-0.729598, 0.578202, 0
0.266960, 0.123786, 1
0.368187, -0.781374, 1
-0.326621, -0.398988, 0
0.584214, -0.044801, 0
0.240566, 0.376459, 1
-0.209875, -0.931563, 1
0.814397, -0.542158, 1
0.941694, 0.014766, 1
0.182420, -0.325134, 1
-0.169575, -0.908231, 1
0.301675, 0.634737, 0
-0.828847, 0.313485, 0
0.241329, -0.558445, 0
-0.108313, 0.303772, 0
0.078120, -0.841353, 1
-0.572441, -0.553693, 1
-0.622727, 0.100938, 1
0.047320, 0.961486, 1
-0.943863, -0.296135, 1
-0.884773, 0.296702, 0
-0.919676, -0.094648, 1
0.365139, 0.894721, 1
0.363195, 0.306833, 1
-0.090513, -0.454386, 0
-0.362616, 0.283374, 1
0.374649, -0.191463, 1
-0.403141, -0.384022, 0
0.250092, 0.488546, 1
0.647193, -0.652691, 1
0.448247, 0.821839, 1
-0.198914, -0.393972, 0
0.006531, -0.833775, 1
-0.499251, -0.630274, 1
0.473058, 0.410236, 0
-0.084660, 0.454757, 1
0.150147, 0.552724, 1
-0.261869, -0.475204, 0
-0.638739, 0.334990, 0
0.140775, 0.611352, 0
-0.176464, 0.060525, 1
0.407835, -0.285916, 0
-0.504806, -0.143918, 1
-0.464077, -0.518855, 1
-0.639534, 0.061628, 1
-0.417676, 0.161552, 0
0.667656, 0.588856, 1
0.327778, -0.831595, 1
0.958582, -0.199164, 1
0.578641, -0.126078, 0
-0.744407, -0.271212, 1
-0.573354, -0.006277, 1
0.253585, -0.212093, 1
-0.671287, -0.605640, 1
-0.600740, 0.152249, 1
0.454885, -0.661176, 1
0.622977, -0.137280, 0
0.052908, -0.881830, 1
0.718802, 0.588831, 1
-0.349541, 0.181640, 0
0.240820, -0.681885, 1
-0.229505, -0.431402, 0
-0.513480, -0.270923, 1
0.602999, 0.625026, 1
-0.206051, -0.970355, 1
-0.182447, -0.052538, 1
-0.558107, 0.216812, 1
0.555636, 0.722687, 1
-0.240502, -0.391456, 0
0.840857, -0.521700, 1
-0.802625, -0.559827, 1
-0.442433, -0.152166, 0
0.165948, -0.607691, 0
-0.633015, 0.652468, 0
0.121386, 0.736418, 0
0.717629, -0.275615, 1
0.361444, -0.488422, 0
-0.440889, 0.571583, 0
-0.072346, 0.001005, 1
-0.211605, 0.027365, 1
-0.102217, -0.655969, 1
-0.249948, 0.657281, 0
-0.047424, -0.409091, 0
-0.864420, 0.149951, 0
0.031082, -0.306852, 1
-0.508465, 0.163733, 1
0.045204, -0.141480, 0
-0.183798, -0.833410, 1
-0.405062, -0.466170, 1
-0.109026, 0.956381, 1
0.045408, 0.645005, 0
0.216587, -0.135771, 1
-0.650987, -0.358355, 1
0.160588, 0.301589, 1
0.232554, 0.296168, 1
-0.548460, -0.736364, 1
-0.083468, -0.519149, 0
0.339370, -0.570740, 0
-0.036910, 0.019300, 1
-0.335695, 0.827263, 0
-0.308508, -0.781458, 1
0.885874, -0.416915, 1
0.224730, -0.117563, 1
0.536476, -0.542716, 1
-0.279079, -0.832080, 1
-0.562658, 0.637452, 0
-0.520340, 0.727515, 0
-0.253185, 0.813138, 0
0.451249, 0.411120, 0
0.640402, 0.064266, 0
0.292012, -0.668106, 1
0.282808, 0.177886, 1
-0.085021, 0.004657, 1
0.412773, -0.860291, 1
0.887094, -0.050751, 1
-0.062734, 0.317914, 0
-0.766381, 0.374607, 0
-0.044634, -0.117611, 1
0.425007, -0.445445, 0
-0.129469, 0.904667, 1
-0.717931, -0.207020, 1
0.347418, 0.028884, 1
-0.393882, -0.201334, 0
-0.559996, -0.753480, 1
-0.421587, 0.145741, 0
-0.090099, 0.493392, 1
0.271923, -0.769906, 1
0.548008, -0.663192, 1
0.583796, -0.496626, 1
0.219198, 0.008803, 0
0.057929, -0.910271, 1
-0.086529, 0.339998, 0
-0.117292, -0.739112, 1
-0.631117, 0.488826, 0
0.059554, -0.191113, 1
0.735346, -0.077513, 0
-0.459098, -0.686241, 1
0.773477, 0.440253, 1
-0.743882, 0.045401, 0
0.670347, -0.640692, 1
0.254590, 0.218355, 1
-0.303884, -0.161614, 0
0.847189, -0.220341, 1
-0.880343, -0.112249, 1
0.021547, -0.511460, 0
0.297427, -0.888076, 1
0.003589, 0.838329, 0
-0.574317, 0.071817, 1
0.289132, -0.767165, 1
0.290443, 0.062610, 1
0.673088, 0.546561, 1
-0.891990, 0.343435, 0
0.905869, 0.362600, 1
-0.438210, -0.398015, 1
0.063178, -0.477658, 0
-0.191166, 0.182835, 0
0.410093, 0.830381, 1
0.911483, -0.031198, 1
0.898594, -0.084928, 1
-0.192869, -0.675723, 1
-0.442888, 0.277332, 1
0.158872, -0.769801, 1
-0.176107, 0.266883, 0
0.573634, -0.270238, 0
-0.370518, -0.864576, 1
0.331747, -0.169532, 1
-0.121358, 0.482122, 1
-0.628611, 0.687476, 0
-0.335043, 0.781482, 0
0.517857, -0.663668, 1
0.568152, 0.429339, 0
0.305134, 0.466746, 1
0.608632, 0.367400, 0
-0.421666, -0.567475, 1
-0.365717, -0.848032, 1
0.162287, 0.263765, 0
-0.712608, -0.505966, 1
-0.905767, -0.293664, 1
-0.656919, -0.027125, 1
-0.811542, -0.285531, 1
-0.339649, -0.146585, 0
-0.504049, -0.821793, 1
0.189747, -0.935896, 1
0.607547, -0.505119, 1
-0.392854, 0.321874, 1
-0.716743, -0.184326, 1
-0.675586, -0.182644, 1
-0.599688, 0.486701, 0
-0.918879, -0.312296, 1
0.394040, -0.676184, 1
0.148229, 0.582498, 1
0.038285, 0.808580, 0
-0.564088, 0.534236, 0
0.598340, 0.594334, 1
-0.879460, 0.129190, 0
0.546291, -0.272314, 0
-0.548936, 0.829549, 1
-0.456210, -0.230273, 0
0.532553, -0.375089, 0
0.457431, 0.513288, 0
-0.199735, -0.148529, 1
-0.566031, -0.124612, 1
0.757074, -0.130119, 1
-0.590376, 0.743861, 1
0.338194, -0.383919, 0
0.137154, -0.115514, 0
0.343767, 0.588218, 0
-0.285965, -0.112873, 0
0.709290, -0.564527, 1
-0.386440, -0.921294, 1
-0.518675, 0.157350, 1
-0.151567, -0.986122, 1
0.527165, -0.417475, 0
0.157336, 0.364268, 1
-0.468980, 0.591305, 0
-0.538814, -0.350719, 1
-0.968046, -0.043273, 1
-0.342755, 0.370149, 1
0.572807, 0.794399, 1
-0.745365, -0.083426, 1
0.382617, -0.031331, 1
0.803701, 0.091907, 1
0.404142, -0.582739, 1
0.170613, 0.885467, 1
0.899344, 0.356871, 1
-0.675089, 0.426509, 0
-0.209222, -0.529583, 0
0.073551, 0.030434, 0
-0.241490, 0.534738, 1
0.679715, -0.209535, 0
-0.508536, -0.663040, 1
-0.019154, 0.513977, 1
0.383918, -0.215453, 1
-0.394116, -0.211940, 0
0.201808, 0.776497, 0
-0.326473, -0.223581, 0
0.795543, -0.427129, 1
0.602700, -0.209841, 0
-0.456896, -0.323748, 1
0.820593, 0.301614, 1
-0.789011, 0.500308, 0
-0.907921, -0.297546, 1
-0.233275, 0.968628, 1
-0.332059, 0.747571, 0
-0.160082, 0.733927, 0
-0.489654, 0.660529, 0
-0.913684, -0.356363, 1
-0.283675, 0.383684, 1
-0.124145, 0.259429, 0
-0.940065, -0.303552, 1
-0.438957, -0.729075, 1
-0.803244, -0.346878, 1
-0.026621, -0.965975, 1
-0.094185, 0.740104, 0
0.487675, 0.485258, 0
0.573746, -0.534469, 1
0.753721, 0.438732, 1
0.099262, -0.934708, 1
-0.092296, -0.119755, 1
-0.736071, 0.026844, 1
-0.116543, -0.676136, 1
0.723292, 0.444501, 1
0.954073, 0.003438, 1
-0.422807, -0.204053, 0
0.441983, -0.797194, 1
-0.184259, 0.015729, 1
-0.331663, -0.430539, 0
-0.545538, -0.352687, 1
-0.166472, 0.553723, 1
-0.287394, 0.741232, 0
-0.566032, -0.136406, 1
0.365261, -0.302103, 0
0.021761, 0.613730, 1
0.693219, 0.616550, 1
0.533778, 0.790842, 1
0.184717, 0.487851, 1
-0.205720, -0.507011, 0
0.444576, 0.371472, 0
0.288936, -0.113441, 1
-0.325862, -0.643250, 1
-0.110071, 0.507666, 1
0.248898, -0.655558, 1
-0.533871, -0.385841, 1
0.042339, -0.643433, 1
-0.137123, -0.935900, 1
0.680650, 0.504075, 1
-0.653062, -0.134633, 1
-0.008075, 0.141217, 0
0.358356, -0.563499, 0
-0.487310, -0.352708, 1
0.323061, -0.913032, 1
-0.248032, 0.225349, 0
-0.670416, 0.426106, 0
0.582099, 0.219513, 0
-0.066228, 0.492573, 1
-0.177952, -0.817330, 1
0.837014, 0.288177, 1
-0.203172, -0.120647, 1
0.644744, 0.659705, 1
-0.056547, 0.615041, 1
-0.784199, -0.375898, 1
0.119116, -0.437262, 0
0.703955, -0.152175, 0
-0.452457, -0.783355, 1
0.095952, -0.366802, 1
0.673190, -0.321949, 1
0.852711, -0.393038, 1
-0.829376, -0.325241, 1
-0.113009, 0.607681, 1
0.246165, 0.830444, 1
0.222722, 0.461965, 1
-0.545454, -0.658162, 1
-0.547121, 0.728659, 0
-0.208159, 0.000422, 1
-0.128975, -0.751083, 1
-0.117885, -0.792768, 1
-0.354972, -0.265174, 0
-0.185807, -0.184348, 1
0.409585, 0.603825, 0
-0.176710, 0.372522, 1
0.190285, 0.710281, 0
-0.019797, -0.563551, 0
0.540725, -0.797074, 1
0.939287, -0.002357, 1
0.651776, -0.268872, 0
0.018085, -0.130910, 0
-0.163933, -0.271887, 1
0.759358, 0.481095, 1
0.462939, -0.426448, 0
-0.703253, -0.127476, 1
-0.822623, 0.120036, 0
-0.754954, 0.367661, 0
-0.169683, 0.225249, 0
0.428175, 0.702525, 0
0.625642, -0.694399, 1
-0.029418, 0.277418, 0
0.036729, -0.031352, 0
-0.125501, -0.945186, 1
0.837738, -0.279504, 1
0.606941, -0.326195, 0
0.448609, 0.366299, 0
-0.845100, -0.088452, 1
0.484888, -0.598000, 1
0.254367, 0.288998, 1
-0.226958, -0.317458, 0
-0.008477, 0.139356, 0
-0.344519, -0.382835, 0
0.444958, 0.626064, 0
-0.405289, -0.230917, 0
-0.463499, -0.567551, 1
0.489579, -0.856559, 1
0.106254, -0.061812, 0
0.509740, 0.261153, 0
0.849736, 0.449591, 1
0.712800, 0.633807, 1
0.566818, 0.284482, 0
0.662925, 0.051706, 0
0.686482, -0.082708, 0
-0.659296, -0.540476, 1
0.599834, 0.332227, 0
0.598881, -0.744685, 1
0.949393, 0.043839, 1
0.525525, -0.523910, 1
-0.091461, -0.897361, 1
0.040827, 0.715208, 0
0.275946, -0.109438, 1
0.164798, -0.011255, 0
-0.475631, -0.268384, 1
0.104586, -0.875974, 1
-0.580766, -0.295580, 1
-0.040264, 0.405647, 1
0.061953, -0.158885, 1
0.249623, -0.412521, 0
0.317205, 0.862683, 1
-0.350495, -0.774256, 1
0.965321, -0.145028, 1
-0.759463, 0.006148, 0
-0.429820, 0.516483, 1
-0.494772, -0.578921, 1
-0.533406, -0.221544, 1
-0.391626, -0.750084, 1
-0.261835, 0.712960, 0
-0.626057, 0.157399, 1
0.175514, 0.377115, 1
0.235843, -0.762533, 1
-0.781770, -0.514534, 1
-0.175054, 0.535435, 1
-0.651851, 0.474451, 0
0.319618, -0.100397, 1
0.518199, 0.216328, 0
0.637408, 0.101175, 0
-0.198117, -0.754219, 1
0.351092, 0.540048, 0
-0.302553, -0.623879, 1
0.753236, -0.208927, 1
0.276539, -0.064626, 1
0.506902, 0.624688, 0
-0.590175, 0.268082, 1
0.938159, -0.260752, 1
0.269798, 0.257777, 1
0.638851, -0.212003, 0
-0.525895, -0.726568, 1
-0.188576, -0.888487, 1
0.374607, 0.613307, 0
-0.642706, -0.274302, 1
0.153354, -0.683965, 1
0.723762, -0.554608, 1
-0.202964, 0.834191, 0
-0.230435, 0.923761, 1
0.698264, 0.179390, 0
0.191842, 0.636423, 0
-0.105801, 0.557489, 1
0.249637, 0.368305, 1
0.479818, 0.205528, 1
0.931226, -0.172278, 1
-0.321476, -0.154697, 0
-0.612078, -0.597714, 1
0.290696, 0.184958, 1
0.258533, 0.006042, 1
0.631315, -0.043203, 0
-0.814568, -0.176842, 1
-0.406780, -0.895929, 1
0.284798, 0.487419, 1
0.661560, -0.465565, 1
-0.144276, 0.492481, 1
-0.404504, -0.664459, 1
-0.301991, -0.730136, 1
-0.827347, -0.370765, 1
0.097587, -0.674199, 1
0.011194, 0.776111, 0
0.171104, 0.399115, 1
-0.821603, -0.538200, 1
-0.415927, -0.585126, 1
0.420916, 0.800670, 1
-0.200597, 0.606348, 1
-0.376173, 0.392623, 1
-0.119958, 0.371979, 0
-0.556940, 0.735766, 0
-0.135540, 0.038557, 1
0.308421, -0.756040, 1
-0.430239, 0.202898, 1
-0.397987, -0.639484, 1
-0.797335, 0.186086, 0
-0.224611, -0.627981, 1
0.028692, -0.803695, 1
0.802653, -0.203484, 1
0.220718, 0.513072, 1
-0.294859, -0.899240, 1
-0.114949, 0.148201, 0
0.311980, 0.495180, 0
-0.848207, 0.503684, 1
0.901188, -0.278446, 1
-0.293418, -0.916693, 1
-0.537581, 0.308594, 1
-0.556178, -0.334916, 1
-0.505320, 0.219212, 1
0.037103, 0.523372, 1
0.415517, 0.209792, 1
0.351467, 0.218170, 1
-0.268758, -0.288552, 0
-0.327054, 0.616293, 0
0.859649, -0.490529, 1
-0.582696, -0.322216, 1
0.541587, -0.430902, 0
-0.818532, 0.442775, 0
0.290652, -0.111950, 1
0.526081, 0.753071, 1
-0.581844, -0.308676, 1
0.189115, 0.455259, 1
-0.785303, -0.395368, 1
-0.334950, 0.566164, 1
0.822802, -0.328642, 1
-0.861650, -0.445956, 1
0.382806, -0.188705, 1
-0.829663, 0.242455, 0
0.320767, 0.536141, 0
0.288862, 0.738071, 0
-0.786075, -0.169551, 1
-0.692831, -0.604607, 1
-0.726776, 0.597821, 0
0.283443, 0.799305, 1
0.350892, 0.480088, 0
-0.828588, -0.041676, 1
0.224306, -0.613891, 1
-0.098082, -0.889861, 1
0.185975, -0.777315, 1
0.646280, -0.525163, 1
0.305287, -0.732075, 1
-0.744401, 0.578511, 0
0.377816, 0.216637, 1
0.019130, 0.147025, 0
-0.014315, 0.190542, 0
0.576651, 0.668306, 1
0.054065, -0.339938, 1
0.619546, -0.006132, 0
-0.396418, -0.478536, 1
0.104007, 0.789557, 0
-0.255852, -0.249713, 0
-0.735606, -0.295096, 1
-0.389507, 0.569681, 0
-0.027171, -0.133908, 1
0.148191, -0.161426, 1
-0.594865, -0.473993, 1
0.673032, 0.040897, 0
-0.385193, 0.778382, 0
0.250888, -0.808543, 1
0.446688, 0.350237, 0
0.720381, -0.499247, 1
0.494620, -0.386119, 0
0.861390, -0.401373, 1
-0.596562, -0.394461, 1
0.348915, -0.332168, 0
-0.174501, 0.385704, 1
0.121846, 0.230634, 0
0.911711, 0.177058, 1
-0.345101, 0.584743, 0
-0.782045, 0.269705, 0
0.363125, 0.468843, 0
0.461163, -0.190188, 0
-0.180920, 0.181543, 0
0.310565, -0.170621, 1
-0.478530, -0.194815, 0
0.443260, -0.617140, 1
0.403813, 0.846699, 1
-0.011602, -0.247273, 1
-0.485469, -0.701159, 1
-0.287866, -0.247956, 0
-0.417887, 0.537634, 0
-0.231732, -0.950541, 1
-0.118983, 0.423167, 1
0.634202, 0.098972, 0
-0.307128, -0.002674, 0
-0.432185, -0.845965, 1
0.807139, 0.386895, 1
0.335578, 0.117704, 1
-0.760093, 0.326702, 0
0.506233, 0.228305, 0
0.527147, -0.208436, 0
-0.227192, -0.890740, 1
-0.670802, -0.089444, 1
0.813219, 0.097466, 1
-0.039986, -0.305764, 1
-0.479367, -0.405784, 1
0.793208, 0.213505, 1
0.591542, -0.638977, 1
0.367540, 0.398681, 1
0.747917, -0.296883, 1
-0.439835, -0.560726, 1
0.623726, -0.199928, 0
0.765977, 0.129959, 1
0.150723, 0.555524, 1
-0.363031, 0.923530, 1
0.664783, -0.033833, 0
-0.165914, 0.478002, 1
-0.827762, -0.415734, 1
-0.673532, 0.165310, 1
-0.665801, 0.662302, 1
0.228664, -0.899825, 1
-0.207739, 0.257041, 0
-0.187436, -0.417449, 0
0.548718, -0.299400, 0
-0.803384, -0.116984, 1
-0.137125, -0.580498, 0
0.159697, -0.758586, 1
-0.506113, 0.028124, 1
-0.863661, -0.467536, 1
0.456716, -0.529462, 1
-0.805233, -0.314620, 1
-0.429287, -0.012972, 0
-0.069989, -0.245015, 1
0.098845, -0.203475, 1
0.232332, -0.352437, 0
0.497124, 0.187682, 0
0.315270, -0.543470, 0
-0.125160, 0.408303, 1
-0.549083, 0.737715, 0
-0.361262, -0.884533, 1
-0.145843, -0.904546, 1
-0.413995, 0.048923, 0
-0.219166, 0.156718, 0
0.673012, -0.034038, 0
0.478240, -0.228143, 0
0.762487, -0.289428, 1
0.419419, 0.259611, 1
0.251436, 0.213524, 1
-0.378173, -0.413221, 0
-0.228676, -0.163869, 1
-0.068414, -0.455409, 0
-0.325596, 0.712420, 0
0.701309, -0.289645, 1
-0.564325, 0.374321, 1
-0.853823, 0.438804, 0
-0.375513, 0.565597, 0
-0.301584, -0.477259, 0
0.244929, 0.949852, 1
0.736265, 0.380792, 1
-0.192276, -0.835035, 1
0.783236, 0.579047, 1
0.001096, 0.741822, 0
0.204528, 0.932682, 1
0.362042, -0.734396, 1
0.704408, -0.380821, 1
0.073816, -0.597176, 0
0.141920, -0.681255, 1
-0.647324, -0.121815, 1
0.699537, -0.571197, 1
0.236277, 0.667109, 0
0.623048, -0.166830, 0
0.893978, -0.172424, 1
-0.234149, -0.819609, 1
-0.293493, -0.589047, 1
-0.831888, 0.295794, 0
-0.508270, 0.530154, 0
0.561398, -0.513578, 1
0.038373, 0.265806, 0
0.105601, -0.887811, 1
0.125705, -0.869528, 1
-0.549890, -0.638018, 1
0.797581, -0.180970, 1
-0.594018, 0.629654, 0
-0.028814, -0.970971, 1
-0.537176, -0.134836, 1
-0.143395, 0.228675, 0
0.045555, 0.563112, 1
0.639628, 0.213668, 0
-0.141094, -0.868641, 1
-0.256178, -0.579696, 1
-0.382219, 0.782196, 0
0.686111, 0.723382, 1
0.894385, 0.354742, 1
0.376048, 0.096607, 1
-0.544209, 0.826158, 1
0.458589, -0.746628, 1
-0.354812, 0.864571, 1
-0.518462, -0.249795, 1
0.574525, 0.527093, 0
-0.686683, 0.214153, 1
-0.259239, 0.172223, 0
0.345511, 0.484583, 0
0.266779, 0.278638, 1
0.686674, 0.161164, 0
-0.366620, 0.657576, 0
-0.245817, 0.942274, 1
-0.804354, -0.519226, 1
-0.575478, -0.421315, 1
-0.894221, 0.034464, 0
0.213199, -0.153460, 1
-0.793312, -0.441289, 1
-0.477997, 0.597902, 0
0.077853, -0.791323, 1
-0.240935, 0.711233, 0
0.720661, -0.379564, 1
-0.812177, 0.556247, 1
-0.166792, -0.616531, 1
-0.962980, -0.089450, 1
-0.118507, -0.113336, 1
-0.287147, 0.602640, 0
-0.114289, -0.181368, 1
-0.362896, -0.901090, 1
0.665171, -0.156208, 0
-0.356993, 0.179623, 0
0.594196, 0.720861, 1
0.388300, -0.646738, 1
0.432094, 0.254553, 1
-0.401190, 0.152755, 0
0.874989, -0.213367, 1
-0.290998, -0.291804, 0
0.170102, -0.253978, 1
0.618747, 0.632244, 1
-0.119810, -0.499761, 0
-0.481092, 0.593043, 0
-0.897121, 0.404619, 1
-0.588325, -0.260017, 1
0.340773, 0.667337, 0
0.947644, -0.270927, 1
-0.467507, 0.858615, 1
0.406041, 0.241495, 1
-0.433189, -0.423856, 1
-0.791612, -0.132292, 1
-0.314203, -0.272703, 0
-0.539249, -0.211324, 1
-0.868085, -0.127575, 1
0.528659, 0.635444, 1
-0.050729, 0.112435, 1
0.796593, 0.022412, 1
0.339218, 0.137366, 1
-0.310252, 0.286862, 0
0.866439, -0.289653, 1
-0.333400, 0.850065, 1
0.329755, 0.199093, 1
0.708680, -0.264204, 1
-0.559412, -0.724508, 1
0.311940, -0.571894, 0
-0.538950, 0.520328, 0
0.295814, 0.146846, 1
-0.371010, 0.464182, 1
-0.423383, 0.811577, 1
-0.399327, 0.915835, 1
-0.051057, 0.290422, 0
0.202697, -0.184617, 1
-0.334552, 0.330523, 1
0.068391, -0.625872, 0
-0.350380, 0.378260, 1
0.937085, 0.110669, 1
-0.101412, 0.232898, 0
-0.742484, 0.146213, 0
-0.010537, -0.806962, 1
0.525753, 0.618453, 0
0.657220, 0.540737, 1
0.196714, -0.766163, 1
0.352315, 0.797387, 1
0.087809, 0.352369, 1
0.116641, 0.088577, 0
0.221667, 0.782089, 0
-0.580900, -0.709943, 1
-0.843783, -0.514580, 1
0.799036, -0.194164, 1
0.916505, -0.237732, 1
-0.030981, -0.825979, 1
-0.632941, 0.434234, 0
-0.025029, -0.226351, 1
-0.428964, -0.592212, 1
-0.371456, 0.658844, 0
-0.252579, -0.018176, 1
0.527274, 0.166521, 0
0.271881, 0.683490, 0
0.651941, 0.070917, 0
-0.510674, 0.515621, 0
-0.192962, -0.594169, 1
-0.420148, -0.813631, 1
0.734539, -0.053089, 0
0.620603, 0.311474, 0
-0.028810, -0.404425, 0
-0.914877, 0.229306, 0
-0.077139, -0.343842, 1
0.637094, 0.551405, 1
-0.684998, 0.397251, 0
0.296590, 0.062423, 1
-0.620926, -0.176137, 1
-0.278128, -0.003320, 0
0.396506, 0.528910, 0
0.402511, 0.674395, 0
0.860764, 0.039507, 1
-0.070725, 0.481368, 1
0.129771, -0.000197, 0
0.092261, -0.233136, 1
-0.448792, 0.407264, 1
-0.530313, -0.456811, 1
-0.328339, -0.301369, 0
-0.805856, 0.179015, 0
-0.420484, -0.083983, 0
-0.555073, 0.578205, 0
0.650417, 0.749895, 1
0.560569, 0.511181, 0
-0.210599, -0.510156, 0
-0.007451, 0.140382, 0
-0.609692, 0.069491, 1
0.576486, 0.520079, 0
-0.930706, -0.331253, 1
-0.713056, -0.379498, 1
-0.531700, -0.454303, 1
-0.005752, 0.139961, 0
0.244328, 0.188392, 1
0.799867, -0.450664, 1
-0.700770, 0.633445, 1
-0.038535, 0.088632, 1
-0.770986, -0.486403, 1
0.023505, 0.805500, 0
-0.966324, 0.092800, 0
-0.525753, -0.679380, 1
0.713302, -0.449742, 1
-0.228322, -0.818398, 1
0.095955, 0.765926, 0
0.321563, -0.659717, 1
-0.045682, 0.640539, 0
-0.835873, 0.058726, 0
0.608062, -0.791914, 1
0.414278, 0.907292, 1
-0.004076, 0.964819, 1
-0.670243, 0.224938, 1
-0.521584, 0.353262, 1
0.030438, -0.487907, 0
-0.553938, 0.504685, 0
-0.167288, -0.840636, 1
-0.659034, 0.150898, 1
0.370317, 0.662529, 0
0.491181, -0.675366, 1
0.303068, 0.655308, 0
0.383361, 0.438278, 0
0.619302, -0.008577, 0
0.646363, 0.033580, 0
-0.101285, 0.487894, 1
0.409322, 0.894639, 1
0.452713, 0.739079, 1
0.119577, 0.931129, 1
0.092341, -0.849985, 1
-0.556778, 0.538403, 0
0.654700, 0.275934, 0
0.697766, 0.709642, 1
-0.119675, -0.961268, 1
-0.139460, -0.749358, 1
0.701261, -0.648280, 1
-0.424724, 0.004328, 0
-0.557394, 0.626330, 0
-0.049941, -0.911031, 1
-0.340090, 0.848774, 1
0.743413, 0.029576, 0
0.808311, -0.137010, 1
-0.039294, -0.099348, 1
0.013004, 0.403928, 1
-0.560945, -0.332296, 1
-0.320138, -0.863179, 1
-0.622654, 0.560187, 0
-0.824447, 0.237885, 0
0.589606, -0.613895, 1
-0.118858, 0.596634, 1
-0.655258, 0.323748, 0
0.222965, 0.294801, 1
0.412718, 0.882874, 1
0.143575, -0.010419, 0
0.952106, -0.113012, 1
0.749978, -0.020137, 1
-0.338931, -0.237018, 0
-0.616210, 0.100124, 1
0.430686, 0.063653, 1
0.236945, 0.808031, 0
-0.376160, 0.412498, 1
0.045917, -0.565331, 0
0.289312, -0.364477, 0
-0.179225, -0.829546, 1
-0.767843, 0.165517, 0
0.494202, 0.455122, 0
-0.539682, -0.093080, 1
0.337996, 0.603893, 0
0.896501, 0.290102, 1
0.050520, -0.759141, 1
-0.104479, 0.711589, 0
0.003841, 0.279311, 0
-0.188287, -0.565474, 0
-0.757442, -0.033196, 1
0.461156, 0.288475, 1
0.401474, -0.249532, 0
-0.079077, -0.843845, 1
0.387765, -0.584875, 1
0.322045, -0.050728, 1
0.451976, 0.218546, 1
0.134204, 0.289894, 0
0.001483, 0.187556, 0
0.309036, 0.813196, 1
0.622082, 0.652000, 1
-0.381196, 0.323010, 1
0.153115, -0.979722, 1
-0.926521, 0.077112, 0
-0.757474, -0.005599, 1
0.233267, 0.630291, 0
0.409526, -0.155457, 1
0.478374, -0.268428, 0
0.793815, -0.069650, 1
-0.126793, 0.084322, 1
0.323084, 0.056923, 1
0.114047, -0.675433, 1
-0.755521, -0.576918, 1
0.731201, -0.306114, 1
0.322626, -0.115684, 1
-0.285836, 0.396105, 1
0.961428, -0.043310, 1
-0.609494, 0.194695, 1
-0.413019, 0.800032, 0
-0.468396, 0.833053, 1
-0.004294, -0.518278, 0
0.566044, 0.189326, 0
-0.074165, -0.319909, 1
0.513892, 0.170314, 0
0.103173, 0.651655, 0
0.036875, 0.178255, 0
0.651271, -0.231924, 0
0.872142, -0.026103, 1
0.652391, -0.413694, 1
-0.629998, 0.613819, 0
0.542996, -0.239492, 0
-0.191486, -0.870023, 1
-0.439460, -0.152249, 0
-0.804667, 0.092144, 0
-0.319196, 0.191038, 0
0.573867, -0.452954, 1
0.059951, 0.139911, 0
0.820001, 0.250264, 1
0.156100, -0.076826, 0
-0.098081, -0.807025, 1
-0.038949, 0.973571, 1
0.527087, -0.386557, 0
-0.440123, 0.897089, 1
-0.342403, 0.035776, 0
-0.767150, 0.218137, 0
-0.689718, -0.435670, 1
0.111376, -0.320828, 1
0.024059, -0.152252, 1
-0.335042, -0.155940, 0
0.767235, -0.000070, 1
0.553120, -0.024914, 0
0.842236, 0.080207, 1
0.588528, -0.597888, 1
-0.022704, 0.815790, 0
-0.495015, 0.634893, 0
-0.148434, -0.262165, 1
-0.146970, -0.264907, 1
0.166017, 0.163312, 0
0.299423, -0.214762, 1
0.047461, -0.589201, 0
0.258546, -0.870632, 1
-0.084420, 0.356558, 0
-0.060453, -0.606286, 0
-0.010185, -0.471925, 0
-0.204173, 0.967110, 1
-0.656135, 0.300812, 0
0.602003, 0.195431, 0
0.930524, 0.204663, 1
0.618346, 0.229946, 0
0.640745, 0.454310, 0
-0.262674, -0.100708, 0
0.583678, 0.652906, 1
-0.744150, 0.534105, 0
-0.664280, -0.387662, 1
0.498566, -0.112801, 0
-0.478055, -0.561887, 1
0.280914, 0.511760, 1
-0.033812, -0.923259, 1
0.478871, 0.310053, 0
0.377553, 0.080874, 1
-0.494516, 0.416199, 1
0.535907, -0.563993, 1
-0.379138, 0.154253, 0
0.665954, -0.389237, 1
0.820059, 0.306699, 1
-0.789709, -0.538159, 1
0.182857, -0.453989, 0
0.074179, -0.318577, 1
0.433211, 0.596124, 0
0.119536, -0.285875, 1
0.107884, -0.914276, 1
-0.209135, -0.413245, 0
0.395777, -0.831582, 1
0.584617, 0.203536, 0
-0.183758, -0.822153, 1
0.309921, -0.118684, 1
-0.264768, 0.515913, 1
-0.469932, -0.054477, 0
0.491535, 0.051932, 1
-0.605652, -0.075255, 1
-0.351944, 0.513884, 1
0.638870, 0.755940, 1
0.599608, -0.570265, 1
-0.657305, -0.004616, 1
-0.103355, -0.817230, 1
0.213859, 0.233913, 1
-0.611751, 0.571647, 0
0.237135, 0.204491, 1
0.749495, -0.452944, 1
-0.671200, -0.078215, 1
0.092654, -0.276852, 1
-0.762968, 0.485400, 0
0.496650, 0.836640, 1
-0.167976, -0.486712, 0
-0.303942, 0.063527, 0
-0.037419, 0.084307, 1
-0.364826, -0.800284, 1
-0.711201, -0.615331, 1
-0.253228, -0.625394, 1
-0.130604, -0.190260, 1
-0.009519, -0.700354, 1
-0.149538, 0.319281, 0
0.221431, 0.943117, 1
-0.957571, 0.067961, 0
0.683827, -0.720539, 1
-0.446639, 0.180477, 1
0.019822, -0.051875, 0
-0.018215, -0.130510, 1
-0.323207, 0.677843, 0
-0.237850, -0.431809, 0
0.839091, 0.050949, 1
-0.047140, -0.414138, 0
0.425555, 0.822256, 1
0.395603, -0.583964, 1
0.735318, 0.343333, 1
-0.942791, -0.035344, 1
0.053485, -0.826690, 1
0.121435, -0.585063, 0
-0.057203, 0.798228, 0
-0.907220, -0.124186, 1
0.437603, -0.145069, 1
0.444005, 0.276693, 1
0.862556, 0.331435, 1
-0.780880, 0.258159, 0
0.747471, -0.658978, 1
0.504224, 0.482789, 0
0.684355, 0.693406, 1
0.260536, -0.904350, 1
0.566414, 0.317745, 0
0.060305, -0.380101, 1
0.491055, -0.506542, 1
-0.306794, -0.387511, 0
-0.091605, 0.636003, 0
-0.589283, 0.001176, 1
-0.488183, 0.848320, 1
0.125013, 0.761986, 0
-0.647314, -0.012431, 1
0.093421, -0.428194, 0
-0.754273, -0.159108, 1
-0.087172, 0.749951, 0
-0.676319, -0.402816, 1
0.443357, 0.584218, 0
-0.307167, 0.009771, 0
-0.098037, 0.753139, 0
0.629670, -0.606983, 1
0.005506, 0.154992, 0
-0.843832, -0.529304, 1
-0.573483, -0.610443, 1
0.774260, -0.220797, 1
0.377126, -0.132319, 1
0.351009, 0.622853, 0
-0.138979, -0.183839, 1
0.616473, 0.553854, 1
0.825932, -0.481565, 1
0.306993, 0.455602, 1
-0.088547, 0.553590, 1
-0.291418, 0.737358, 0
0.333183, -0.135251, 1
-0.791947, -0.402274, 1
-0.122977, -0.365430, 0
-0.012717, -0.348716, 1
0.413773, -0.635591, 1
0.518965, -0.235218, 0
0.028619, 0.360066, 0
0.259794, 0.889640, 1
-0.823772, -0.123733, 1
0.394702, -0.249512, 0
0.457762, -0.693845, 1
-0.695923, 0.236241, 0
-0.776886, 0.012659, 0
-0.026402, 0.556297, 1
0.877408, 0.181652, 1
-0.845977, -0.245569, 1
0.816222, 0.141306, 1
0.405715, 0.229995, 1
0.505715, -0.075320, 0
-0.847781, 0.023395, 0
-0.146957, 0.412013, 1
-0.086965, 0.029271, 1
-0.711721, -0.643470, 1
0.031431, 0.682982, 0
0.107017, -0.510807, 0
-0.576247, -0.300968, 1
0.055593, 0.696906, 0
0.063877, -0.538693, 0
-0.073100, -0.430409, 0
0.385987, -0.078323, 1
0.945072, -0.084389, 1
-0.049781, -0.141893, 1
0.944881, 0.238498, 1
0.214637, -0.023688, 0
-0.078520, -0.678346, 1
0.465505, -0.089383, 1
0.732749, 0.190939, 0
0.122867, -0.843498, 1
0.889971, -0.108585, 1
-0.542336, 0.770655, 1
-0.186014, 0.513256, 1
0.467561, 0.877862, 1
-0.552547, 0.360551, 1
0.316137, -0.489979, 0
-0.101243, 0.261209, 0
0.425632, 0.848976, 1
-0.880683, 0.370513, 0
0.087474, 0.333954, 0
-0.080429, 0.388357, 1
0.003269, -0.957562, 1
0.544860, -0.106760, 0
-0.066147, -0.997477, 1
-0.336105, 0.747839, 0
0.625701, 0.490343, 0
-0.149106, 0.842053, 0
-0.416825, 0.749652, 0
0.103263, -0.991193, 1
0.598628, 0.222579, 0
0.379320, -0.313898, 0
-0.443467, 0.726146, 0
-0.304944, -0.787859, 1
0.538476, 0.614627, 0
0.600499, -0.458255, 1
0.657065, 0.145358, 0
0.434984, -0.409082, 0
0.147882, -0.901121, 1
-0.661244, -0.336339, 1
-0.845996, -0.243750, 1
-0.962389, 0.004899, 0
-0.401697, -0.379214, 0
-0.245449, 0.701566, 0
-0.370407, -0.646822, 1
-0.075855, -0.991086, 1
0.039280, 0.480678, 1
0.692819, 0.273535, 0
0.348963, 0.293318, 1
0.815280, 0.006027, 1
-0.561324, 0.250264, 1
0.596945, 0.586558, 1
0.349143, 0.935701, 1
-0.749781, 0.579477, 0
0.409122, -0.065970, 1
-0.441444, -0.836328, 1
-0.364405, 0.188149, 0
-0.483149, 0.559740, 0
0.197063, 0.556131, 1
0.040419, -0.067878, 0
0.290467, -0.266762, 1
-0.794343, -0.360570, 1
0.645457, -0.534768, 1
0.271200, 0.242401, 1
0.178103, -0.697991, 1
-0.800180, 0.078261, 0
-0.293768, -0.464453, 0
0.016030, -0.884647, 1
0.469576, 0.574586, 0
-0.237265, -0.204124, 0
-0.647993, -0.294669, 1
-0.108081, 0.642474, 0
0.438569, 0.097576, 1
-0.718096, 0.465125, 0
0.118512, 0.927360, 1
0.169762, 0.982147, 1
0.010055, -0.652135, 1
-0.715845, 0.209876, 0
0.426125, -0.009613, 1
0.745422, -0.557844, 1
0.105740, 0.214999, 0
0.320171, -0.220524, 1
-0.819358, -0.014917, 1
-0.260726, -0.467350, 0
0.690414, 0.631193, 1
-0.824876, 0.128982, 0
-0.271231, -0.542972, 1
-0.405893, 0.847281, 1
-0.615612, -0.475536, 1
-0.763007, 0.554150, 0
-0.493390, 0.247049, 1
0.902014, -0.209234, 1
-0.543076, 0.328140, 1
0.770295, -0.113107, 1
0.417345, 0.787037, 1
-0.728341, -0.262484, 1
-0.433487, -0.547699, 1
0.722599, 0.305787, 1
-0.015049, 0.413013, 1
-0.063020, 0.160075, 0
-0.458005, 0.665749, 0
0.617102, 0.136102, 0
0.660565, 0.750023, 1
-0.002928, 0.457654, 1
-0.042059, 0.453996, 1
-0.214206, -0.260906, 0
0.656342, -0.443911, 1
0.625986, 0.073688, 0
0.811204, -0.090361, 1
-0.650054, 0.533803, 0
-0.784574, 0.334897, 0
-0.053184, 0.152406, 0
-0.505028, 0.488811, 0
-0.181846, -0.887926, 1
-0.375087, -0.668816, 1
-0.547346, 0.078279, 1
0.126858, 0.410595, 1
-0.531260, 0.775675, 1
0.262305, -0.188134, 1
0.673320, 0.073508, 0
0.358163, 0.554127, 0
0.089336, 0.853135, 0
0.042937, 0.907490, 1
0.747976, -0.594018, 1
0.398161, -0.125166, 1
-0.212515, 0.966266, 1
-0.880948, 0.256226, 0
0.741941, 0.381357, 1
-0.545135, 0.789597, 1
0.438528, 0.062176, 1
0.726527, -0.203309, 1
-0.383697, -0.184137, 0
-0.350174, 0.659241, 0
-0.276647, -0.384966, 0
0.327091, -0.037972, 1
-0.306193, 0.280419, 0
0.281909, -0.558217, 0
0.686401, -0.319930, 1
0.316616, 0.502978, 0
-0.389495, -0.895898, 1
0.469244, -0.270443, 0
0.360328, 0.211185, 1
-0.889086, 0.428420, 1
-0.373553, -0.434220, 1
0.218016, -0.935025, 1
0.627956, -0.055457, 0
-0.138335, -0.755741, 1
0.760406, 0.511491, 1
-0.873475, 0.230591, 0
0.445787, -0.179668, 0
-0.488990, -0.272304, 1
0.262114, -0.802590, 1
0.407766, -0.421269, 0
-0.317167, 0.169632, 0
-0.252172, -0.956840, 1
-0.619183, -0.141257, 1
0.471580, 0.007264, 1
0.424522, -0.310404, 0
0.072238, 0.052479, 0
0.296738, 0.394546, 1
0.445395, 0.200238, 1
-0.569171, 0.324092, 1
-0.607748, -0.058162, 1
0.139249, 0.459554, 1
-0.766903, -0.160363, 1
0.477825, -0.084070, 1
-0.040910, -0.609914, 0
0.084396, -0.569330, 0
0.397350, -0.491082, 0
0.120266, -0.530412, 0
0.561397, -0.245594, 0
-0.596508, -0.141865, 1
0.420807, -0.510798, 0
0.351348, 0.813060, 1
0.431040, 0.403135, 0
0.467426, -0.429711, 0
-0.137311, 0.700523, 0
0.409926, -0.659486, 1
-0.383546, 0.419194, 1
-0.433833, 0.575544, 0
-0.840519, 0.126480, 0
0.676218, 0.720878, 1
0.928597, -0.362614, 1
0.126588, 0.408442, 1
0.162464, -0.442372, 0
-0.188423, -0.370110, 0
0.127917, 0.674266, 0
-0.669586, -0.462157, 1
-0.985220, -0.053133, 1
-0.477589, 0.766318, 0
-0.768491, -0.471375, 1
-0.027052, -0.609010, 0
0.655106, -0.350834, 1
-0.271124, -0.309119, 0
0.565830, -0.342527, 0
0.328267, 0.622924, 0
0.031366, 0.169342, 0
0.012483, 0.842943, 0
-0.321756, 0.531989, 1
0.076514, -0.364719, 1
-0.598401, -0.655556, 1
-0.872450, 0.374547, 0
-0.264566, 0.782656, 0
-0.976287, -0.152698, 1
0.318648, -0.247411, 1
0.538183, -0.115522, 0
0.410061, -0.133550, 1
-0.492598, 0.416939, 1
0.321305, 0.538768, 0
-0.413719, -0.666211, 1
0.381711, -0.614487, 1
-0.525811, -0.101080, 1
-0.484841, 0.152433, 1
-0.569092, 0.591673, 0
0.787715, -0.456157, 1
0.190598, -0.810686, 1
-0.111713, 0.318148, 0
0.563861, 0.623721, 1
0.100804, 0.587574, 1
-0.528977, -0.580548, 1
0.303931, 0.750224, 0
-0.124344, 0.811333, 0
0.167163, -0.803039, 1
0.350101, 0.753443, 0
-0.469251, -0.268189, 0
-0.861043, 0.004939, 0
0.630731, -0.345884, 1
-0.394518, 0.436387, 1
-0.865599, 0.493769, 1
-0.245465, 0.698261, 0
0.117489, 0.855339, 0
0.285835, 0.588512, 0
-0.725208, 0.625997, 1
0.597717, 0.578722, 1
0.376220, -0.526627, 0
0.390055, -0.456617, 0
-0.329666, -0.259844, 0
-0.703174, 0.201084, 0
0.471967, -0.564217, 1
-0.793978, 0.102697, 0
0.089899, -0.636606, 1
0.164336, 0.335687, 1
-0.227926, -0.557118, 1
0.263587, 0.526609, 0
0.381948, 0.426978, 0
0.052975, 0.567305, 1
0.235462, -0.570805, 0
-0.027422, -0.288988, 1
0.365673, 0.269404, 1
0.912096, -0.162360, 1
0.940337, -0.204914, 1
-0.518487, 0.104673, 1
-0.869227, -0.210006, 1
-0.125509, -0.097153, 1
0.232876, -0.861922, 1
-0.570544, 0.374019, 1
-0.480846, 0.811404, 1
-0.199003, -0.511258, 0
0.468144, 0.853972, 1
-0.943953, -0.296393, 1
0.329124, 0.255745, 1
-0.192262, -0.305203, 0
-0.474851, -0.280166, 1
0.532436, -0.769664, 1
-0.162048, 0.472773, 1
0.025422, 0.319464, 0
-0.422554, 0.156195, 0
-0.890542, 0.451938, 1
0.590015, -0.511502, 1
-0.283647, -0.890831, 1
-0.700097, 0.517350, 0
-0.402089, 0.768047, 0
0.371321, -0.346042, 0
-0.528346, 0.654488, 0
-0.249316, 0.800778, 0
-0.089767, 0.558422, 1
-0.504425, 0.435381, 1
0.665717, 0.116207, 0
0.500784, -0.308861, 0
0.847333, -0.454870, 1
0.887463, 0.120183, 1
-0.605127, -0.396184, 1
0.229353, -0.305224, 1
-0.537177, 0.492487, 0
-0.518777, -0.065523, 1
0.146975, 0.231907, 0
-0.264745, -0.942793, 1
-0.209672, 0.230829, 0
0.492589, 0.068583, 1
0.258840, 0.158306, 1
-0.815210, -0.240376, 1
0.849445, -0.379539, 1
-0.162145, 0.696778, 0
0.165591, -0.631977, 1
0.603153, 0.053054, 0
0.656871, -0.282441, 0
-0.307197, 0.778036, 0
